ParkingSpaceId,ParkingMeterStatus,OccupancyStatus,OccupancyDateChanged
10006A,N,O,04/07/2026 02:59:15 PM
10006B,N,O,04/07/2026 05:12:53 PM
10007A,N,O,04/07/2026 09:57:52 AM
10007B,N,O,04/07/2026 09:57:56 AM
10008A,N,O,04/07/2026 09:56:46 AM
10008B,N,O,04/07/2026 09:56:46 AM
10009A,N,O,04/07/2026 09:55:46 AM
10009B,N,O,04/07/2026 04:43:20 PM
10010A,N,O,04/07/2026 02:32:46 PM
10010B,N,O,04/07/2026 01:03:07 PM
10012A,N,O,04/02/2026 07:57:42 AM
10012B,N,O,04/02/2026 11:42:07 AM
10013A,N,O,04/02/2026 02:05:04 PM
10013B,N,O,04/02/2026 11:13:28 AM
10014A,N,O,04/02/2026 08:58:57 PM
10014B,N,O,04/02/2026 07:42:16 PM
10015A,N,O,04/02/2026 08:27:45 AM
10015B,N,O,04/02/2026 08:48:28 PM
1001A,N,V,04/07/2026 05:29:33 PM
10021A,N,O,04/07/2026 10:28:52 AM
10021B,N,O,04/07/2026 05:05:07 PM
10022A,N,O,04/07/2026 02:09:39 PM
10022B,N,O,04/07/2026 05:19:36 PM
10023A,N,O,04/07/2026 10:26:51 AM
10023B,N,O,04/07/2026 01:50:03 PM
10024A,N,V,04/07/2026 05:24:28 PM
10024B,N,O,04/07/2026 10:25:58 AM
10025A,N,O,04/07/2026 03:47:11 PM
10025B,N,O,04/07/2026 04:15:53 PM
10026A,N,O,04/07/2026 10:28:52 AM
10026B,N,O,04/07/2026 04:32:02 PM
10027A,N,O,04/07/2026 10:28:07 AM
10028A,N,O,04/07/2026 03:05:08 PM
10028B,N,O,04/07/2026 04:45:53 PM
10029A,N,O,04/07/2026 10:02:16 AM
10029B,N,O,04/07/2026 12:29:44 PM
1002A,N,V,04/07/2026 05:25:55 PM
10030A,N,V,04/07/2026 05:34:51 PM
10030B,N,V,04/07/2026 05:35:39 PM
10031A,N,O,04/07/2026 09:53:29 AM
10031B,N,O,04/07/2026 02:32:38 PM
10033B,N,O,04/07/2026 04:51:51 PM
10034A,N,O,04/07/2026 03:57:53 PM
10034B,N,O,04/07/2026 02:41:23 PM
10035A,N,O,04/07/2026 11:17:22 AM
10035B,N,O,04/07/2026 03:56:18 PM
10036A,N,O,04/07/2026 02:16:58 PM
10036B,N,O,04/07/2026 04:28:08 PM
10037A,N,O,04/02/2026 04:24:44 PM
10037B,N,O,04/02/2026 12:00:09 PM
10038A,N,O,04/02/2026 10:42:05 AM
10039A,N,O,04/07/2026 12:19:24 PM
10039B,N,O,04/07/2026 03:40:38 PM
1003B,N,O,04/07/2026 05:34:28 PM
10040A,N,O,04/07/2026 08:59:44 AM
10040B,N,O,04/07/2026 10:49:59 AM
10041A,N,O,04/07/2026 04:16:48 PM
10041B,N,O,04/07/2026 01:24:26 PM
10042A,N,O,04/07/2026 05:28:21 PM
10042B,N,O,04/07/2026 02:08:19 PM
10057A,N,O,04/07/2026 01:17:12 PM
10057B,N,O,04/07/2026 05:06:44 PM
10058A,N,O,04/07/2026 12:08:45 PM
10058B,N,O,04/07/2026 04:54:17 PM
10059A,N,O,04/07/2026 10:25:47 AM
10059B,N,O,04/06/2026 10:25:46 AM
1006B,N,V,04/07/2026 05:26:28 PM
10072A,N,O,04/07/2026 03:09:08 PM
10073A,N,O,04/07/2026 03:11:57 PM
10073B,N,O,04/07/2026 09:56:52 AM
10074A,N,O,04/07/2026 04:45:14 PM
10074B,N,O,04/07/2026 05:08:50 PM
10075A,N,O,04/07/2026 03:27:35 PM
10075B,N,O,04/07/2026 05:34:04 PM
10083A,N,O,04/07/2026 03:45:25 PM
10083B,N,O,04/07/2026 05:34:26 PM
10084A,N,O,04/07/2026 08:55:51 AM
10084B,N,O,04/07/2026 05:23:08 PM
10085A,N,O,04/07/2026 04:16:47 PM
10085B,N,O,04/07/2026 05:20:24 PM
10086A,N,O,04/07/2026 05:28:11 PM
10086B,N,O,04/07/2026 04:37:53 PM
10091A,N,O,04/02/2026 07:58:42 AM
10092A,N,O,04/02/2026 09:18:56 AM
10092B,N,O,04/02/2026 01:21:24 PM
100A,N,O,04/07/2026 04:59:25 PM
100B,N,O,04/07/2026 04:50:23 PM
10112A,N,O,04/07/2026 05:09:20 PM
10112B,N,O,04/07/2026 08:57:54 AM
10113A,N,V,04/07/2026 05:35:22 PM
10113B,N,O,04/07/2026 11:45:34 AM
10118A,N,O,04/07/2026 03:23:27 PM
10118B,N,O,04/07/2026 05:34:15 PM
10119A,N,O,04/07/2026 02:04:27 PM
10119B,N,O,04/07/2026 10:24:25 AM
10120A,N,V,04/07/2026 04:11:54 PM
10120B,N,O,04/07/2026 03:47:39 PM
10121A,N,O,04/07/2026 03:39:49 PM
10121B,N,O,04/07/2026 08:58:50 AM
10122A,N,O,04/07/2026 05:12:25 PM
10122B,N,O,04/07/2026 05:26:56 PM
10124A,N,O,04/07/2026 04:31:43 PM
10124B,N,O,04/07/2026 04:54:46 PM
10125A,N,O,04/07/2026 01:46:21 PM
10125B,N,O,04/07/2026 08:59:54 AM
10131B,N,O,04/07/2026 05:34:03 PM
10132A,N,O,04/07/2026 02:06:22 PM
10132B,N,O,04/07/2026 04:49:25 PM
10133A,N,O,04/07/2026 03:50:41 PM
10133B,N,O,04/07/2026 10:26:53 AM
10134A,N,O,04/07/2026 04:42:10 PM
10134B,N,O,04/07/2026 03:37:55 PM
10135A,N,O,04/07/2026 05:24:47 PM
10135B,N,O,04/07/2026 05:28:12 PM
10136A,N,O,04/07/2026 05:13:05 PM
10136B,N,O,04/07/2026 01:49:21 PM
10137A,N,O,04/07/2026 11:20:52 AM
10137B,N,O,04/07/2026 10:28:09 AM
10138A,N,O,04/07/2026 04:07:28 PM
10138B,N,O,04/07/2026 03:11:08 PM
10145A,N,O,04/07/2026 09:59:50 AM
10146A,N,O,04/07/2026 09:58:52 AM
10146B,N,O,04/07/2026 09:58:52 AM
10148B,N,O,04/07/2026 09:56:59 AM
10149B,N,V,04/07/2026 05:26:03 PM
10153A,N,O,04/07/2026 05:12:56 PM
10153B,N,O,04/07/2026 10:43:33 AM
10154A,N,O,04/07/2026 01:00:16 PM
10154B,N,O,04/07/2026 08:55:53 AM
10155A,N,O,04/07/2026 04:44:24 PM
10155B,N,O,04/07/2026 12:31:16 PM
10156B,N,O,04/07/2026 02:55:39 PM
10158A,N,O,04/07/2026 04:59:18 PM
10158B,N,O,04/07/2026 04:31:02 PM
10159A,N,O,04/07/2026 12:22:19 PM
10159B,N,O,04/07/2026 03:20:33 PM
10160A,N,O,04/07/2026 05:23:13 PM
10160B,N,O,04/07/2026 04:37:54 PM
10161A,N,O,04/07/2026 04:47:59 PM
10161B,N,V,04/07/2026 05:36:35 PM
10172A,N,O,04/07/2026 09:57:45 AM
10172B,N,O,04/07/2026 04:49:24 PM
10173A,N,O,04/07/2026 09:56:42 AM
10173B,N,O,04/07/2026 09:56:55 AM
10174A,N,O,04/07/2026 12:38:12 PM
10174B,N,O,04/07/2026 09:55:51 AM
10175A,N,O,04/07/2026 10:00:17 AM
10175B,N,O,04/07/2026 10:53:13 AM
10176B,N,O,04/07/2026 09:58:50 AM
10182A,N,O,04/07/2026 05:34:45 PM
10182B,N,O,07/22/2025 01:25:37 PM
10183A,N,O,04/07/2026 05:35:29 PM
10185A,N,O,04/07/2026 05:01:01 PM
10185B,N,O,04/07/2026 05:09:25 PM
10186A,N,O,04/07/2026 05:13:42 PM
10186B,N,O,04/07/2026 11:17:09 AM
10187A,N,O,04/07/2026 04:53:55 PM
10187B,N,V,04/07/2026 12:01:47 PM
10188A,N,O,04/07/2026 08:56:43 AM
10188B,N,O,04/07/2026 10:19:17 AM
10189A,N,O,04/07/2026 01:57:38 PM
10189B,N,O,04/07/2026 08:55:44 AM
10190A,N,O,04/07/2026 04:55:38 PM
10190B,N,O,04/07/2026 04:48:14 PM
10191A,N,O,04/07/2026 12:21:49 PM
10191B,N,O,04/07/2026 11:41:34 AM
10192A,N,O,04/07/2026 05:11:06 PM
10192B,N,O,04/07/2026 01:54:04 PM
10196A,N,O,04/07/2026 12:25:18 PM
10196B,N,O,04/07/2026 05:36:41 PM
101A,N,V,04/07/2026 05:17:49 PM
101B,N,O,04/07/2026 04:50:25 PM
10200A,N,O,04/07/2026 05:18:16 PM
10201A,N,O,04/07/2026 10:28:42 AM
10201B,N,O,04/07/2026 10:28:42 AM
10207A,N,O,04/07/2026 08:57:48 AM
10207B,N,O,04/07/2026 03:38:11 PM
10209B,N,O,04/07/2026 04:57:10 PM
10211A,N,O,04/07/2026 05:13:13 PM
10211B,N,O,04/07/2026 04:29:32 PM
10212A,N,O,04/07/2026 03:09:52 PM
10212B,N,O,04/07/2026 08:57:43 AM
10213A,N,O,04/07/2026 05:17:38 PM
10213B,N,V,04/07/2026 05:32:28 PM
10215B,N,O,04/07/2026 10:29:45 AM
10216A,N,O,04/07/2026 02:35:41 PM
10216B,N,O,04/07/2026 10:28:53 AM
1021A,N,V,04/07/2026 05:36:19 PM
1021B,N,O,04/07/2026 05:00:32 PM
10222A,N,O,04/07/2026 03:07:56 PM
10222B,N,O,04/07/2026 11:08:54 AM
10223A,N,O,04/07/2026 02:55:24 PM
10224A,N,O,04/07/2026 05:02:41 PM
10224B,N,O,04/07/2026 08:55:52 AM
10225A,N,O,04/07/2026 05:11:59 PM
10225B,N,O,04/07/2026 01:02:11 PM
10226A,N,O,04/07/2026 12:44:03 PM
10226B,N,O,04/07/2026 05:25:06 PM
10227A,N,O,04/07/2026 04:02:56 PM
10227B,N,O,04/07/2026 03:04:49 PM
10228B,N,O,04/02/2026 07:56:46 AM
10229A,N,O,04/02/2026 07:55:44 AM
10229B,N,O,04/02/2026 04:20:57 PM
1022A,N,O,04/07/2026 05:36:16 PM
1022B,N,O,04/07/2026 08:57:51 AM
10231B,N,O,04/02/2026 07:58:44 AM
10232A,N,O,04/02/2026 10:05:42 AM
10232B,N,O,04/02/2026 10:13:03 AM
10233B,N,O,04/07/2026 05:02:06 PM
10234A,N,O,04/07/2026 12:47:19 PM
10234B,N,O,04/07/2026 02:53:22 PM
10235A,N,O,04/07/2026 04:17:55 PM
10235B,N,O,04/07/2026 04:07:16 PM
10236A,N,O,04/07/2026 04:11:51 PM
10237A,N,O,04/07/2026 08:57:46 AM
10237B,N,O,04/07/2026 03:32:34 PM
10238A,N,O,04/07/2026 04:02:39 PM
10238B,N,O,04/07/2026 04:21:28 PM
10239A,N,O,04/07/2026 02:45:56 PM
10239B,N,O,04/07/2026 03:35:07 PM
1023A,N,O,04/07/2026 04:20:26 PM
1023B,N,O,04/07/2026 04:08:43 PM
10240B,N,O,04/07/2026 03:07:04 PM
10241A,N,O,04/07/2026 03:59:27 PM
10241B,N,O,04/07/2026 02:29:39 PM
10242A,N,O,04/07/2026 04:09:19 PM
10242B,N,O,04/07/2026 01:49:57 PM
10245A,N,O,04/02/2026 08:49:22 AM
10245B,N,O,04/02/2026 07:59:46 AM
10246A,N,O,04/07/2026 05:11:50 PM
10246B,N,O,04/07/2026 05:05:27 PM
10247A,N,O,04/07/2026 03:40:02 PM
1024A,N,O,04/07/2026 04:04:00 PM
1024B,N,V,04/07/2026 05:35:15 PM
10253A,N,O,04/07/2026 04:21:59 PM
10254A,N,O,04/07/2026 03:47:43 PM
10254B,N,O,04/07/2026 04:29:34 PM
10256A,N,O,04/02/2026 07:59:03 AM
10256B,N,O,04/02/2026 07:58:54 AM
10257A,N,O,04/02/2026 07:36:06 PM
10257B,N,O,04/02/2026 03:08:58 PM
10258A,N,O,04/07/2026 03:27:49 PM
10258B,N,O,04/07/2026 04:49:39 PM
10259A,N,O,04/07/2026 05:14:56 PM
10259B,N,O,04/07/2026 04:33:42 PM
1025A,N,V,04/07/2026 05:09:37 PM
1025B,N,O,04/07/2026 03:11:46 PM
10262A,N,O,04/07/2026 04:23:54 PM
10262B,N,O,04/07/2026 08:21:42 AM
10263A,N,O,04/07/2026 10:51:11 AM
10263B,N,O,04/07/2026 04:25:40 PM
10264A,N,O,04/07/2026 04:38:14 PM
10264B,N,O,04/07/2026 06:55:44 AM
1026A,N,V,04/07/2026 04:27:10 PM
10270A,N,O,04/07/2026 02:30:38 PM
10270B,N,O,04/07/2026 05:05:19 PM
10271A,N,O,04/07/2026 04:09:30 PM
10271B,N,O,04/07/2026 04:55:04 PM
10272A,N,O,04/07/2026 03:58:22 PM
10272B,N,O,04/07/2026 05:31:10 PM
10273A,N,O,04/07/2026 05:18:30 PM
10273B,N,O,04/07/2026 05:25:07 PM
1027A,N,V,04/07/2026 05:29:14 PM
1027B,N,V,04/07/2026 10:04:15 AM
10280A,N,O,04/07/2026 03:49:23 PM
10280B,N,O,04/07/2026 10:12:50 AM
10281A,N,O,04/07/2026 11:37:03 AM
10281B,N,O,04/07/2026 05:07:59 PM
10286A,N,O,04/07/2026 03:13:48 PM
10286B,N,O,04/07/2026 04:30:03 PM
10287A,N,O,04/07/2026 03:11:16 PM
10287B,N,O,04/07/2026 04:37:07 PM
1028A,N,O,04/07/2026 05:33:00 PM
1028B,N,O,04/07/2026 02:42:55 PM
10295A,N,O,04/07/2026 04:04:36 PM
10296A,N,O,04/07/2026 10:45:24 AM
10296B,N,O,04/07/2026 02:09:53 PM
10297A,N,O,04/07/2026 05:30:56 PM
10297B,N,O,04/07/2026 04:07:44 PM
10298A,N,O,04/07/2026 01:52:36 PM
10298B,N,O,04/07/2026 08:56:52 AM
1029A,N,O,04/07/2026 05:07:48 PM
1029B,N,O,04/07/2026 05:09:26 PM
102A,N,V,04/07/2026 05:27:44 PM
102B,N,O,04/07/2026 05:27:04 PM
10301A,N,O,04/07/2026 03:48:27 PM
10301B,N,O,04/07/2026 11:38:06 AM
10302A,N,O,04/07/2026 04:01:49 PM
10302B,N,O,04/07/2026 05:12:58 PM
10303A,N,O,04/07/2026 04:13:23 PM
10303B,N,O,04/07/2026 05:35:46 PM
1030A,N,O,04/07/2026 05:36:27 PM
1030B,N,V,04/07/2026 03:35:23 PM
10310A,N,V,04/07/2026 02:36:29 PM
10310B,N,O,04/07/2026 05:08:46 PM
10311A,N,O,04/07/2026 03:51:55 PM
10311B,N,O,04/07/2026 01:55:36 PM
10312A,N,O,04/07/2026 12:54:36 PM
10312B,N,O,04/07/2026 05:03:29 PM
10316A,N,O,04/07/2026 04:48:19 PM
10316B,N,O,04/07/2026 02:27:08 PM
10317A,N,O,04/07/2026 04:15:11 PM
10317B,N,O,04/07/2026 08:57:44 AM
10318A,N,O,04/07/2026 02:43:22 PM
10318B,N,O,04/07/2026 03:45:36 PM
10319A,N,V,04/07/2026 03:31:46 PM
10319B,N,O,04/07/2026 04:21:46 PM
1031A,N,O,04/07/2026 03:44:54 PM
1031B,N,V,04/07/2026 02:12:25 PM
10320A,N,O,04/06/2026 04:15:02 PM
10320B,N,O,04/07/2026 10:08:42 AM
10322A,N,O,04/07/2026 10:15:47 AM
10323A,N,O,04/07/2026 04:35:08 PM
10323B,N,O,04/07/2026 04:06:14 PM
10325A,N,O,04/07/2026 04:49:25 PM
10325B,N,O,04/07/2026 10:02:50 AM
10326A,N,O,04/07/2026 05:14:42 PM
10326B,N,O,04/07/2026 04:34:07 PM
10327A,N,O,04/07/2026 04:51:25 PM
10327B,N,O,04/07/2026 05:26:51 PM
10328A,N,O,04/07/2026 01:17:57 PM
10328B,N,O,04/07/2026 02:50:04 PM
10329B,N,O,04/07/2026 04:50:15 PM
1032A,N,V,04/07/2026 04:08:47 PM
1032B,N,O,04/07/2026 04:31:45 PM
10330A,N,O,04/07/2026 12:12:07 PM
10331A,N,O,04/07/2026 05:04:39 PM
10331B,N,O,04/07/2026 04:50:50 PM
10332A,N,O,04/07/2026 04:47:00 PM
10332B,N,O,04/07/2026 05:07:28 PM
10333B,N,O,04/07/2026 10:01:40 AM
10334A,N,O,04/07/2026 12:39:03 PM
10334B,N,O,04/07/2026 03:27:01 PM
10335A,N,O,04/07/2026 12:46:44 PM
10335B,N,O,04/07/2026 03:01:32 PM
10336A,N,O,04/07/2026 04:01:07 PM
10336B,N,O,04/07/2026 12:27:02 PM
10337A,N,O,04/07/2026 10:45:38 AM
10337B,N,O,04/07/2026 04:54:56 PM
10338A,N,O,04/07/2026 03:16:04 PM
10338B,N,O,04/07/2026 03:16:34 PM
1033A,N,V,04/07/2026 05:36:21 PM
1033B,N,V,04/07/2026 04:51:23 PM
1034A,N,O,04/07/2026 04:26:06 PM
1034B,N,V,04/07/2026 02:54:10 PM
10350A,N,O,04/07/2026 02:16:03 PM
10350B,N,O,04/07/2026 04:26:43 PM
10351A,N,O,04/07/2026 05:35:05 PM
10351B,N,O,04/07/2026 08:58:52 AM
10352B,N,O,04/07/2026 10:14:08 AM
10358A,N,O,04/07/2026 10:25:45 AM
10358B,N,O,04/07/2026 05:12:25 PM
10359A,N,O,04/07/2026 04:43:27 PM
10359B,N,O,04/07/2026 12:19:22 PM
1035A,N,V,04/07/2026 05:07:56 PM
1035B,N,V,04/07/2026 05:03:50 PM
10362B,N,O,04/02/2026 07:57:44 AM
10364B,N,O,04/07/2026 08:55:48 AM
10365A,N,O,04/07/2026 05:27:38 PM
10365B,N,O,04/07/2026 03:57:31 PM
10369A,N,O,04/07/2026 01:50:31 PM
10369B,N,O,04/07/2026 10:44:19 AM
1036A,N,O,04/07/2026 02:19:50 PM
10371A,N,O,04/07/2026 08:58:48 AM
10372A,N,O,04/07/2026 08:57:47 AM
10372B,N,O,04/07/2026 08:57:47 AM
10373A,N,V,04/07/2026 04:10:15 PM
10373B,N,O,04/07/2026 03:49:53 PM
10374A,N,O,04/07/2026 02:22:57 PM
10374B,N,O,04/07/2026 04:36:19 PM
10376A,N,O,04/07/2026 08:58:50 AM
10376B,N,O,04/07/2026 08:58:54 AM
10377B,N,O,04/07/2026 08:57:52 AM
10378A,N,O,04/07/2026 08:56:45 AM
10378B,N,O,04/07/2026 08:56:45 AM
10379A,N,O,04/07/2026 08:55:53 AM
1037A,N,O,04/07/2026 04:08:36 PM
1037B,N,V,04/07/2026 05:14:21 PM
10380A,N,O,04/07/2026 11:45:12 AM
10380B,N,O,04/07/2026 01:11:12 PM
10381A,N,O,04/07/2026 03:16:58 PM
10381B,N,O,04/07/2026 10:04:57 AM
10382A,N,O,04/07/2026 03:03:23 PM
10382B,N,O,04/07/2026 04:10:25 PM
10383A,N,O,04/07/2026 05:30:38 PM
10383B,N,O,04/07/2026 11:58:50 AM
10384A,N,O,04/07/2026 09:26:32 AM
10384B,N,O,04/07/2026 12:00:34 PM
10387A,N,O,04/07/2026 05:20:04 PM
10387B,N,O,04/07/2026 05:34:13 PM
10389A,N,O,04/07/2026 05:29:16 PM
10389B,N,O,04/07/2026 01:43:35 PM
1038A,N,O,04/07/2026 04:20:52 PM
10390A,N,O,04/07/2026 04:16:14 PM
10390B,N,O,04/07/2026 09:19:28 AM
10391A,N,O,04/07/2026 02:31:22 PM
10391B,N,O,04/07/2026 04:09:47 PM
10392A,N,O,04/07/2026 05:30:18 PM
10392B,N,O,04/07/2026 03:27:33 PM
10393A,N,O,04/07/2026 09:56:48 AM
10394A,N,O,04/07/2026 04:58:55 PM
10394B,N,O,04/07/2026 08:55:44 AM
10395A,N,O,04/07/2026 08:59:48 AM
10396A,N,V,04/07/2026 02:54:16 PM
10396B,N,O,04/07/2026 05:09:57 PM
10397A,N,O,04/07/2026 10:24:15 AM
10397B,N,O,04/07/2026 04:26:49 PM
10398A,N,O,04/07/2026 01:09:07 PM
10398B,N,O,04/07/2026 01:27:49 PM
10399A,N,O,04/07/2026 02:21:22 PM
10399B,N,O,04/07/2026 07:55:45 AM
1039A,N,V,04/07/2026 04:50:21 PM
1039B,N,V,04/07/2026 03:59:30 PM
103A,N,O,04/07/2026 05:36:35 PM
103B,N,O,04/07/2026 04:16:12 PM
10401A,N,O,04/02/2026 09:09:56 PM
10402A,N,O,04/07/2026 04:35:07 PM
10402B,N,O,04/07/2026 03:43:38 PM
10404A,N,O,04/07/2026 04:45:09 PM
10404B,N,O,04/07/2026 02:07:32 PM
10405A,N,O,04/07/2026 04:22:50 PM
10405B,N,O,04/07/2026 05:06:52 PM
10406B,N,O,04/07/2026 08:58:49 AM
10407A,N,O,04/07/2026 08:57:53 AM
10407B,N,O,04/07/2026 08:57:49 AM
10408B,N,O,04/07/2026 03:09:23 PM
10409A,N,O,04/07/2026 04:38:12 PM
10409B,N,O,04/07/2026 01:52:59 PM
10410A,N,O,04/07/2026 05:29:14 PM
10410B,N,O,04/07/2026 05:23:03 PM
10411A,N,O,04/07/2026 02:36:20 PM
10411B,N,O,04/07/2026 05:18:07 PM
10412A,N,O,04/07/2026 04:50:04 PM
10412B,N,O,04/07/2026 05:31:27 PM
10413A,N,O,04/07/2026 05:29:27 PM
10413B,N,O,04/07/2026 04:33:46 PM
10435A,N,O,04/07/2026 08:59:48 AM
10435B,N,O,04/07/2026 03:05:38 PM
10436B,N,O,04/07/2026 09:58:47 AM
1043A,N,V,04/07/2026 05:15:45 PM
1043B,N,V,04/07/2026 05:19:49 PM
1044A,N,V,04/07/2026 05:36:39 PM
1044B,N,V,04/07/2026 04:55:27 PM
10452A,N,O,04/07/2026 03:04:10 PM
10452B,N,O,04/07/2026 04:03:04 PM
10453A,N,O,04/07/2026 01:12:26 PM
10453B,N,O,04/07/2026 05:22:20 PM
10454A,N,O,04/07/2026 04:44:44 PM
10456A,N,O,04/07/2026 08:58:48 AM
10456B,N,O,04/07/2026 05:05:31 PM
10457A,N,O,04/07/2026 08:57:58 AM
10457B,N,O,04/07/2026 05:26:24 PM
10458A,N,O,04/07/2026 05:10:59 PM
10458B,N,O,04/07/2026 04:35:21 PM
1045A,N,V,04/07/2026 05:35:16 PM
10461B,N,O,04/07/2026 08:58:53 AM
10462A,N,O,04/07/2026 04:21:09 PM
10462B,N,O,04/07/2026 09:50:50 AM
10463A,N,O,04/07/2026 08:56:43 AM
10463B,N,O,04/07/2026 05:05:27 PM
10464A,N,O,04/07/2026 08:55:51 AM
10464B,N,O,04/07/2026 04:04:52 PM
10465A,N,O,04/07/2026 10:03:05 AM
10465B,N,O,04/07/2026 04:11:55 PM
10466A,N,O,04/07/2026 04:57:12 PM
10466B,N,O,04/07/2026 08:59:33 AM
10467A,N,O,04/07/2026 12:30:42 PM
10467B,N,O,04/07/2026 03:22:55 PM
10468B,N,O,04/07/2026 02:59:33 PM
1046A,N,O,04/07/2026 03:24:00 PM
1046B,N,V,04/07/2026 05:35:59 PM
10471A,N,O,04/07/2026 08:58:51 AM
10472A,N,O,04/07/2026 08:57:45 AM
10474A,N,O,04/07/2026 04:14:29 PM
10474B,N,O,04/07/2026 03:22:46 PM
10475A,N,O,04/07/2026 08:59:52 AM
10475B,N,O,04/07/2026 02:38:11 PM
10476B,N,O,04/07/2026 04:42:41 PM
1047A,N,V,04/07/2026 05:35:16 PM
1047B,N,V,04/07/2026 04:54:08 PM
10481A,N,O,04/07/2026 04:42:06 PM
10481B,N,O,04/07/2026 04:31:13 PM
10482A,N,O,04/07/2026 12:24:55 PM
10482B,N,O,04/07/2026 04:41:44 PM
10483A,N,O,04/07/2026 08:56:53 AM
10483B,N,O,04/07/2026 09:48:01 AM
10485A,N,O,04/07/2026 04:17:55 PM
10485B,N,O,04/07/2026 12:58:12 PM
10486A,N,O,04/07/2026 02:29:46 PM
10486B,N,O,04/07/2026 04:53:34 PM
10487A,N,O,04/07/2026 05:09:56 PM
10487B,N,O,04/07/2026 04:15:33 PM
10488A,N,O,04/07/2026 10:09:24 AM
10488B,N,O,04/07/2026 08:56:57 AM
10489A,N,O,04/07/2026 03:59:21 PM
10489B,N,O,04/07/2026 05:18:53 PM
1048A,N,O,04/07/2026 05:36:04 PM
1048B,N,V,04/07/2026 05:36:08 PM
10490B,N,O,04/07/2026 12:28:59 PM
10491A,N,O,04/07/2026 08:59:03 AM
10491B,N,O,04/07/2026 11:20:43 AM
10492A,N,O,04/07/2026 08:57:47 AM
10492B,N,O,04/07/2026 08:57:47 AM
10493A,N,O,04/07/2026 01:05:15 PM
10493B,N,O,04/07/2026 08:56:44 AM
10494A,N,O,04/07/2026 12:21:21 PM
10494B,N,O,04/07/2026 09:41:26 AM
10495A,N,O,04/07/2026 12:37:28 PM
10495B,N,O,04/07/2026 03:23:53 PM
10496B,N,O,04/07/2026 01:49:28 PM
1049A,N,O,04/07/2026 05:36:34 PM
1049B,N,O,04/07/2026 05:31:13 PM
104A,N,O,04/07/2026 04:23:46 PM
104B,N,V,04/07/2026 03:58:20 PM
10501A,N,O,04/07/2026 09:48:14 AM
10501B,N,O,04/07/2026 08:58:47 AM
10502A,N,O,04/07/2026 08:57:46 AM
10502B,N,O,04/07/2026 01:19:28 PM
10503A,N,O,04/07/2026 02:34:58 PM
10503B,N,O,04/07/2026 04:57:16 PM
10504A,N,O,04/07/2026 10:26:13 AM
10504B,N,O,04/07/2026 05:00:14 PM
1050A,N,V,04/07/2026 03:46:53 PM
1050B,N,O,04/07/2026 04:22:16 PM
10511A,N,O,04/07/2026 05:35:26 PM
10511B,N,O,04/07/2026 05:35:36 PM
10512A,N,O,04/07/2026 04:50:02 PM
10512B,N,O,04/07/2026 05:03:45 PM
10513B,N,O,04/07/2026 10:26:52 AM
1051A,N,V,04/07/2026 04:34:33 PM
1051B,N,V,04/07/2026 04:33:08 PM
1052A,N,O,04/07/2026 03:55:02 PM
1052B,N,O,04/07/2026 05:02:53 PM
10534A,N,O,04/07/2026 08:55:52 AM
10534B,N,O,04/07/2026 03:07:13 PM
10535A,N,O,04/07/2026 03:51:10 PM
10535B,N,O,04/07/2026 08:59:47 AM
10536A,N,O,04/07/2026 05:15:06 PM
10536B,N,O,04/07/2026 12:57:36 PM
10537A,N,O,04/07/2026 04:56:15 PM
10537B,N,O,04/07/2026 01:44:51 PM
10539A,N,O,04/07/2026 08:55:50 AM
10539B,N,O,04/07/2026 01:35:04 PM
10540A,N,O,04/07/2026 03:51:35 PM
10540B,N,O,04/07/2026 05:08:56 PM
10541A,N,O,04/07/2026 08:58:42 AM
10541B,N,O,04/07/2026 09:57:44 AM
10542A,N,O,04/07/2026 10:02:55 AM
10542B,N,O,04/07/2026 05:04:46 PM
10543A,N,O,04/07/2026 02:55:41 PM
10543B,N,O,04/07/2026 02:19:11 PM
10544A,N,O,04/07/2026 01:32:19 PM
10544B,N,O,04/07/2026 08:55:47 AM
10545A,N,O,04/07/2026 08:59:43 AM
10545B,N,O,04/07/2026 08:59:43 AM
10546A,N,O,04/07/2026 02:04:06 PM
10546B,N,O,04/07/2026 04:25:03 PM
10547A,N,O,04/07/2026 05:08:45 PM
10547B,N,O,04/07/2026 05:33:30 PM
10548A,N,V,04/07/2026 05:34:54 PM
10548B,N,O,04/07/2026 04:46:08 PM
10549A,N,O,04/07/2026 04:53:25 PM
10549B,N,V,04/07/2026 05:33:14 PM
10550A,N,O,04/07/2026 05:04:29 PM
10550B,N,O,04/07/2026 10:29:47 AM
10551A,N,O,04/07/2026 05:28:14 PM
10551B,N,O,04/07/2026 05:23:52 PM
10552A,N,O,04/07/2026 05:18:37 PM
10552B,N,O,04/07/2026 05:28:48 PM
10553A,N,O,04/07/2026 03:25:09 PM
10553B,N,O,04/07/2026 05:34:32 PM
10554A,N,O,04/07/2026 04:03:28 PM
10554B,N,O,04/07/2026 04:16:06 PM
10555A,N,O,04/07/2026 02:42:02 PM
10555B,N,O,04/07/2026 05:36:26 PM
10556A,N,O,04/07/2026 04:13:01 PM
10556B,N,V,04/07/2026 05:35:05 PM
10557A,N,O,04/07/2026 01:52:03 PM
10557B,N,O,04/07/2026 05:21:36 PM
10558A,N,O,04/07/2026 04:53:08 PM
10558B,N,O,04/07/2026 03:19:30 PM
10581A,N,O,04/07/2026 08:58:53 AM
10581B,N,O,04/07/2026 11:06:04 AM
10582A,N,O,04/07/2026 03:49:45 PM
10582B,N,O,04/07/2026 05:35:48 PM
10583A,N,O,04/07/2026 05:14:06 PM
10583B,N,O,04/07/2026 01:41:37 PM
10584A,N,O,04/07/2026 02:17:15 PM
10585A,N,O,04/07/2026 08:59:48 AM
10585B,N,O,04/07/2026 02:49:26 PM
105A,N,O,04/07/2026 04:14:50 PM
105B,N,O,04/07/2026 05:17:30 PM
10600A,N,O,04/07/2026 05:22:24 PM
10601A,N,V,04/07/2026 05:32:08 PM
10601B,N,O,04/07/2026 01:31:23 PM
10602A,N,O,04/07/2026 05:09:09 PM
10602B,N,O,04/07/2026 05:10:48 PM
10605A,N,O,04/07/2026 03:30:06 PM
10605B,N,O,04/07/2026 04:13:07 PM
10606A,N,O,04/07/2026 03:32:18 PM
10606B,N,O,04/07/2026 01:58:33 PM
10607B,N,O,04/07/2026 02:33:53 PM
10608A,N,O,04/07/2026 04:43:43 PM
10610B,N,O,04/07/2026 09:59:44 AM
10616A,NU,V,04/06/2026 09:20:21 PM
10616B,NU,O,04/06/2026 07:04:33 PM
10617B,N,O,04/07/2026 05:16:24 PM
10618A,NU,V,04/06/2026 08:59:56 PM
10619B,NU,O,04/06/2026 07:00:44 PM
10620A,NU,V,04/05/2026 08:20:48 PM
10621B,NU,V,04/04/2026 09:19:38 PM
10622B,N,O,04/07/2026 05:29:03 PM
10623A,N,V,04/07/2026 02:32:53 PM
10623B,N,O,04/07/2026 04:31:14 PM
10624A,N,O,04/07/2026 05:02:34 PM
10624B,N,V,04/07/2026 05:29:55 PM
10625A,N,O,04/07/2026 05:36:21 PM
10625B,N,V,04/07/2026 10:45:33 AM
10626A,N,O,04/07/2026 05:16:41 PM
10626B,N,V,04/07/2026 05:34:22 PM
10628A,N,O,04/07/2026 09:56:54 AM
10628B,N,O,04/07/2026 02:04:23 PM
10629A,N,O,04/07/2026 09:56:33 AM
10637A,N,O,04/07/2026 04:58:59 PM
10637B,N,O,04/07/2026 02:00:18 PM
10638A,N,O,04/07/2026 03:58:37 PM
10638B,N,O,04/07/2026 12:50:33 PM
10639A,N,O,04/07/2026 04:11:51 PM
10639B,N,O,04/07/2026 05:28:31 PM
10642A,N,O,04/07/2026 02:58:29 PM
10642B,N,O,04/07/2026 04:46:30 PM
10643A,N,O,04/07/2026 01:02:04 PM
10643B,N,O,04/07/2026 07:17:24 AM
1064A,N,O,04/07/2026 02:11:55 PM
1064B,N,O,04/07/2026 08:55:45 AM
10650A,NU,O,04/06/2026 08:48:44 PM
10650B,NU,V,04/06/2026 09:08:29 PM
10661A,N,O,04/07/2026 05:34:57 PM
10661B,N,O,04/07/2026 01:56:31 PM
10662A,N,O,04/07/2026 04:54:53 PM
10662B,N,O,04/07/2026 05:07:33 PM
10663A,N,O,04/07/2026 02:54:14 PM
10663B,N,O,04/07/2026 05:34:20 PM
10664A,N,O,04/07/2026 04:52:12 PM
10664B,N,O,04/07/2026 04:49:22 PM
1067A,N,O,04/07/2026 05:29:50 PM
1067B,N,O,04/07/2026 05:34:50 PM
1068A,N,O,04/07/2026 08:57:18 AM
1068B,N,O,04/07/2026 03:26:37 PM
10691A,N,O,04/07/2026 02:28:03 PM
10691B,N,O,04/07/2026 04:03:10 PM
10696A,N,O,04/07/2026 02:58:47 PM
10696B,N,O,04/07/2026 04:53:32 PM
10697A,N,O,04/07/2026 02:56:06 PM
10697B,N,O,04/07/2026 08:57:49 AM
10698A,N,O,04/07/2026 05:34:16 PM
10698B,N,O,04/07/2026 05:08:39 PM
10699A,N,O,04/07/2026 04:20:33 PM
10699B,N,O,04/07/2026 05:03:16 PM
1069A,N,O,04/07/2026 05:18:18 PM
1069B,N,O,04/07/2026 05:18:18 PM
106A,N,V,04/07/2026 05:30:39 PM
106B,N,O,04/07/2026 04:32:54 PM
10701A,NU,O,04/06/2026 07:24:16 PM
10701B,NU,O,04/06/2026 08:01:34 PM
10724B,N,O,04/07/2026 03:19:04 PM
10725A,N,O,04/07/2026 03:27:53 PM
10725B,N,O,04/07/2026 05:02:18 PM
10729A,N,O,04/07/2026 04:19:43 PM
10729B,N,O,04/07/2026 04:51:48 PM
10730B,N,O,04/07/2026 04:32:35 PM
10731A,N,V,04/07/2026 05:24:02 PM
10731B,N,O,04/07/2026 05:28:39 PM
10745A,N,O,04/02/2026 06:59:47 AM
10745B,N,O,04/02/2026 03:32:19 PM
10746A,N,O,04/02/2026 08:17:50 PM
10746B,N,O,04/02/2026 07:39:06 PM
10751A,N,O,04/07/2026 03:28:42 PM
10751B,N,O,04/07/2026 08:58:44 AM
10752A,N,O,04/07/2026 04:12:39 PM
10752B,N,O,04/07/2026 08:57:43 AM
10753A,N,O,04/07/2026 10:58:38 AM
10753B,N,O,04/07/2026 08:56:50 AM
10754A,N,O,04/07/2026 08:56:59 AM
10754B,N,O,04/07/2026 08:56:06 AM
10755A,N,O,04/07/2026 05:30:04 PM
10755B,N,O,04/07/2026 03:08:25 PM
10756A,N,O,04/07/2026 02:56:38 PM
10757A,N,O,04/07/2026 05:01:40 PM
10757B,N,O,04/07/2026 02:12:24 PM
10758B,N,O,08/08/2025 06:34:38 PM
10759A,N,O,04/07/2026 04:02:46 PM
10759B,N,O,04/07/2026 03:40:16 PM
10760A,N,O,04/07/2026 08:59:50 AM
10760B,N,O,04/07/2026 03:29:56 PM
10761A,N,O,04/07/2026 04:09:27 PM
10761B,N,O,04/07/2026 03:26:48 PM
10762B,N,O,04/07/2026 08:57:53 AM
10763A,N,O,04/07/2026 05:34:49 PM
10763B,N,O,04/07/2026 01:44:52 PM
10764A,N,O,04/07/2026 01:39:45 PM
10764B,N,V,04/07/2026 05:36:06 PM
10765A,N,O,04/07/2026 11:38:14 AM
10765B,N,O,04/07/2026 12:18:31 PM
10766A,N,O,04/07/2026 09:57:53 AM
10766B,N,O,04/07/2026 10:04:47 AM
107A,N,O,04/07/2026 03:35:18 PM
10805A,N,O,04/07/2026 09:25:00 AM
10805B,N,O,04/07/2026 09:00:41 AM
10806A,N,O,04/07/2026 04:23:03 PM
10806B,N,O,04/07/2026 08:58:48 AM
10807A,N,V,04/07/2026 05:35:55 PM
10807B,N,O,04/07/2026 08:57:41 AM
10808A,N,O,04/07/2026 08:56:51 AM
10808B,N,O,04/07/2026 08:56:54 AM
10809A,N,V,04/07/2026 05:04:06 PM
10809B,N,O,04/07/2026 08:55:50 AM
10810A,N,V,04/07/2026 04:52:48 PM
10810B,N,O,04/07/2026 03:41:40 PM
10811A,N,V,04/07/2026 04:42:41 PM
10811B,N,V,04/07/2026 04:05:35 PM
10812A,N,O,04/07/2026 05:08:06 PM
10812B,N,V,04/07/2026 05:06:03 PM
10813A,N,O,04/07/2026 04:43:15 PM
10813B,N,V,04/07/2026 04:38:18 PM
10814A,N,V,04/07/2026 03:56:45 PM
10814B,N,O,04/07/2026 03:49:07 PM
10815A,N,O,04/02/2026 06:24:00 PM
10815B,N,O,04/02/2026 11:22:10 PM
10816A,N,V,04/02/2026 01:04:45 PM
10816B,N,V,04/02/2026 06:54:47 PM
10820A,N,V,04/02/2026 06:58:03 PM
10820B,N,O,04/02/2026 04:09:12 PM
10821B,NU,V,12/04/2024 08:59:29 AM
10822A,NU,V,01/27/2026 04:12:34 PM
10822B,NU,V,01/27/2026 04:12:34 PM
10823A,NU,O,12/04/2024 06:56:44 AM
10823B,NU,O,12/04/2024 06:56:51 AM
10824A,NU,O,12/04/2024 08:47:13 AM
10824B,NU,V,12/04/2024 08:58:00 AM
10825A,NU,O,05/28/2025 04:29:02 PM
10825B,N,V,04/02/2026 08:46:33 AM
10826A,NU,V,01/27/2026 04:10:18 PM
10826B,NU,O,01/27/2026 04:10:18 PM
10827A,NU,V,12/03/2024 10:26:33 PM
10827B,NU,V,12/04/2024 08:49:40 AM
10828A,N,V,04/02/2026 01:57:52 PM
10828B,N,V,04/02/2026 10:23:28 AM
10829A,N,V,04/02/2026 06:44:16 PM
10829B,N,V,04/02/2026 04:54:51 PM
10830A,N,V,04/02/2026 08:41:14 AM
10830B,N,V,04/02/2026 09:39:37 AM
10831A,N,O,04/02/2026 10:39:08 PM
10831B,N,V,04/02/2026 10:38:24 PM
10832A,N,V,04/02/2026 11:52:10 PM
10832B,N,V,04/02/2026 03:40:23 PM
10833A,N,O,04/02/2026 10:27:15 PM
10833B,N,O,04/02/2026 08:40:44 PM
10834A,N,O,04/02/2026 09:38:07 PM
10834B,N,V,04/02/2026 11:58:09 PM
10835A,N,V,04/02/2026 11:54:13 PM
10835B,N,O,04/02/2026 06:12:43 PM
10836A,N,V,04/07/2026 04:53:37 PM
10836B,N,V,04/07/2026 04:56:53 PM
10837A,N,V,04/07/2026 04:00:14 PM
10837B,N,V,04/07/2026 05:16:13 PM
10838A,N,O,04/07/2026 05:30:50 PM
10838B,N,O,04/07/2026 05:35:38 PM
10839A,N,V,09/21/2025 05:09:16 PM
10839B,N,V,09/21/2025 03:59:51 PM
10840A,N,V,04/07/2026 05:01:25 PM
10840B,N,V,04/07/2026 04:35:06 PM
108A,N,V,04/07/2026 05:36:10 PM
108B,N,V,04/07/2026 03:51:48 PM
109A,N,V,04/07/2026 05:07:38 PM
10B,NU,V,02/25/2026 11:59:15 PM
11022A,N,O,04/07/2026 05:29:29 PM
11022B,N,O,04/07/2026 04:11:13 PM
11023A,N,O,04/07/2026 04:20:48 PM
11023B,N,O,04/07/2026 04:06:11 PM
11030A,N,O,04/07/2026 05:18:40 PM
11031A,N,V,04/07/2026 05:34:24 PM
11031B,N,O,04/07/2026 01:44:55 PM
11032B,N,O,04/07/2026 09:57:45 AM
11034A,N,O,04/07/2026 09:55:49 AM
11034B,N,O,04/06/2026 10:01:06 AM
11035A,N,O,04/07/2026 09:59:47 AM
11035B,N,O,04/07/2026 10:13:54 AM
11036A,N,O,04/07/2026 05:34:04 PM
11036B,N,V,04/07/2026 05:33:51 PM
11040B,N,O,04/07/2026 09:59:47 AM
11041A,N,O,04/07/2026 09:58:55 AM
11041B,N,O,04/07/2026 10:19:09 AM
11042A,N,V,04/07/2026 04:38:34 PM
11042B,N,O,04/07/2026 05:00:33 PM
11043A,N,O,04/07/2026 03:37:54 PM
11043B,N,V,04/07/2026 05:36:38 PM
11044A,N,O,04/07/2026 08:55:54 AM
11044B,N,O,04/07/2026 11:12:58 AM
11070A,N,O,04/07/2026 10:00:37 AM
11070B,N,O,04/07/2026 11:34:52 AM
11071A,N,O,04/07/2026 02:48:11 PM
11071B,N,V,04/07/2026 05:21:39 PM
11072B,N,O,04/07/2026 02:50:38 PM
11073A,N,O,04/07/2026 05:20:16 PM
11074A,N,O,04/07/2026 03:37:12 PM
11074B,N,O,04/07/2026 01:26:02 PM
11075A,N,O,04/07/2026 11:41:41 AM
11075B,N,V,04/07/2026 11:19:31 AM
11076A,N,O,04/07/2026 09:52:30 AM
11076B,N,O,04/07/2026 11:38:41 AM
11077A,N,O,04/06/2026 08:58:05 AM
11077B,N,O,04/07/2026 08:57:54 AM
11078A,N,O,04/07/2026 01:10:00 PM
11078B,N,O,04/07/2026 11:38:10 AM
11079A,N,V,04/07/2026 05:19:31 PM
11079B,N,O,04/07/2026 09:29:11 AM
11081B,N,O,04/07/2026 04:55:07 PM
11082A,N,O,04/07/2026 03:46:41 PM
11082B,N,V,04/07/2026 05:34:53 PM
11083A,N,O,04/07/2026 05:26:08 PM
11083B,N,V,04/07/2026 05:32:29 PM
11084A,N,O,04/07/2026 04:30:56 PM
11085A,N,O,04/07/2026 04:24:26 PM
11085B,N,O,04/07/2026 05:16:09 PM
11086A,NU,O,04/07/2026 08:58:55 AM
11086B,NU,O,04/07/2026 10:14:20 AM
11087A,N,O,04/07/2026 01:39:39 PM
11087B,N,O,04/07/2026 02:00:20 PM
11088A,N,O,04/07/2026 04:00:42 PM
11088B,N,O,04/07/2026 04:57:25 PM
11089A,N,O,04/07/2026 04:39:24 PM
11089B,N,O,04/07/2026 05:21:13 PM
11090A,N,O,04/07/2026 12:34:55 PM
11090B,N,O,04/07/2026 04:59:09 PM
11091A,N,O,04/07/2026 08:58:53 AM
11091B,N,O,04/07/2026 04:01:45 PM
11092A,N,O,04/07/2026 03:59:33 PM
11092B,N,O,04/07/2026 05:09:46 PM
11093A,N,O,04/07/2026 05:27:45 PM
11093B,N,O,04/07/2026 02:54:12 PM
11094A,N,O,04/07/2026 09:00:24 AM
11094B,N,O,04/07/2026 05:21:34 PM
11095A,N,O,04/06/2026 04:25:29 PM
11095B,N,O,04/07/2026 09:58:06 AM
11096A,N,O,04/07/2026 05:09:07 PM
11096B,N,O,04/07/2026 03:45:16 PM
11097A,N,O,04/07/2026 03:20:02 PM
11097B,N,O,04/07/2026 03:47:51 PM
11098A,N,O,04/07/2026 11:48:17 AM
11098B,N,O,04/07/2026 03:18:03 PM
11099A,N,O,04/07/2026 05:05:41 PM
11099B,N,O,04/07/2026 04:39:30 PM
11100A,N,O,04/07/2026 03:16:42 PM
11100B,N,V,04/07/2026 05:26:05 PM
11101A,N,O,04/07/2026 08:58:56 AM
11101B,N,V,04/07/2026 05:35:58 PM
11102A,N,O,04/07/2026 05:36:17 PM
11102B,N,O,04/07/2026 05:35:58 PM
11103A,N,O,04/07/2026 08:56:48 AM
11103B,N,O,04/07/2026 05:36:34 PM
11104A,N,O,04/07/2026 01:14:31 PM
11104B,N,O,04/07/2026 05:13:36 PM
11105A,N,V,04/07/2026 05:35:02 PM
11105B,N,V,04/07/2026 05:31:50 PM
11106A,N,V,04/07/2026 05:35:58 PM
11106B,N,O,04/07/2026 08:58:44 AM
11107A,N,O,04/07/2026 05:34:31 PM
11110A,N,O,04/07/2026 10:00:49 AM
11110B,N,O,04/07/2026 09:59:47 AM
11111A,N,O,04/07/2026 03:31:11 PM
11111B,N,O,04/07/2026 10:00:40 AM
11112A,N,O,04/07/2026 09:57:46 AM
11112B,N,O,04/07/2026 04:19:50 PM
11113A,N,O,04/07/2026 05:33:17 PM
11113B,N,O,04/07/2026 09:56:46 AM
11114A,N,O,04/07/2026 05:26:36 PM
11114B,N,O,04/07/2026 09:56:11 AM
11116A,N,O,04/07/2026 10:20:51 AM
11116B,N,O,04/07/2026 01:58:03 PM
11117A,N,O,04/07/2026 08:57:49 AM
11117B,N,O,04/07/2026 05:35:53 PM
11118A,N,O,04/07/2026 08:56:46 AM
11119A,N,O,04/07/2026 08:55:43 AM
11119B,N,O,04/07/2026 05:23:17 PM
11120A,N,O,04/07/2026 09:53:19 AM
11120B,N,O,04/07/2026 05:36:22 PM
11121A,N,O,04/07/2026 12:44:55 PM
11121B,N,O,04/07/2026 04:37:28 PM
11122A,N,O,04/07/2026 04:09:20 PM
11122B,N,O,04/07/2026 05:32:56 PM
11127A,N,O,04/07/2026 05:22:12 PM
11127B,N,O,04/07/2026 03:46:59 PM
11128A,N,O,04/07/2026 05:11:08 PM
11128B,N,O,04/07/2026 02:43:36 PM
11129A,N,V,04/07/2026 05:27:24 PM
11129B,N,O,04/07/2026 05:13:54 PM
11130B,N,O,04/07/2026 04:00:07 PM
11131B,N,O,04/07/2026 04:44:08 PM
11132A,N,O,04/07/2026 05:13:10 PM
11132B,N,O,04/07/2026 03:54:17 PM
11133A,N,O,04/07/2026 03:44:48 PM
11134B,N,O,04/07/2026 04:51:13 PM
11135A,N,O,04/07/2026 11:11:24 AM
11135B,N,O,04/07/2026 05:34:29 PM
11136A,N,O,04/07/2026 04:59:31 PM
11136B,N,O,04/07/2026 02:44:15 PM
11137A,N,O,04/07/2026 10:34:04 AM
11137B,N,O,04/07/2026 05:23:49 PM
11138A,N,O,04/07/2026 08:56:53 AM
11138B,N,O,04/07/2026 01:17:09 PM
11139A,N,O,04/07/2026 04:40:22 PM
11139B,N,O,04/07/2026 12:20:39 PM
11140A,N,O,04/07/2026 04:19:57 PM
11140B,N,O,04/07/2026 05:19:50 PM
11141A,N,O,04/07/2026 05:21:39 PM
11141B,N,O,04/07/2026 04:46:25 PM
11142A,N,O,04/07/2026 03:38:47 PM
11142B,N,O,04/07/2026 05:27:06 PM
11143A,N,O,04/07/2026 05:31:42 PM
11143B,N,O,04/07/2026 04:45:52 PM
11144A,N,O,04/07/2026 04:08:23 PM
11144B,N,O,04/07/2026 04:49:34 PM
11145A,N,O,04/07/2026 03:11:32 PM
11145B,N,O,04/07/2026 12:11:57 PM
11146A,N,O,04/07/2026 05:36:42 PM
11146B,N,O,04/07/2026 05:03:11 PM
11147A,N,O,04/07/2026 04:06:41 PM
11147B,N,V,04/07/2026 05:36:06 PM
11149A,N,O,04/07/2026 04:02:31 PM
11149B,N,O,04/07/2026 05:14:09 PM
11150A,N,O,04/07/2026 04:46:47 PM
11150B,N,O,04/07/2026 02:29:43 PM
11151A,N,O,04/07/2026 04:04:19 PM
11151B,N,O,04/07/2026 12:03:29 PM
11152B,N,O,04/07/2026 03:32:14 PM
11153A,N,O,04/07/2026 05:17:06 PM
11153B,N,O,04/07/2026 05:17:41 PM
11155A,N,O,04/07/2026 03:15:42 PM
11155B,N,O,04/07/2026 05:01:36 PM
11156B,N,O,04/07/2026 08:59:19 AM
11157A,N,O,04/07/2026 08:57:47 AM
11158A,N,O,04/07/2026 04:44:15 PM
11158B,N,O,04/07/2026 05:29:24 PM
11159A,N,O,04/07/2026 04:49:44 PM
11159B,N,V,04/07/2026 05:33:08 PM
11160A,N,O,04/07/2026 05:03:43 PM
11160B,N,O,04/07/2026 04:29:49 PM
11165A,N,O,04/07/2026 10:01:54 AM
11166A,N,O,04/07/2026 09:58:48 AM
11166B,N,O,04/07/2026 09:58:48 AM
11167A,N,O,04/07/2026 09:57:54 AM
11167B,N,O,04/07/2026 09:57:54 AM
11168A,N,O,04/07/2026 09:57:47 AM
11168B,N,O,04/07/2026 09:56:53 AM
11169A,N,O,04/07/2026 09:55:48 AM
11169B,N,O,04/07/2026 09:56:11 AM
11171B,N,O,04/07/2026 04:47:55 PM
11172A,N,O,04/07/2026 05:02:40 PM
11172B,N,O,04/07/2026 03:00:04 PM
11173A,N,O,04/07/2026 05:21:41 PM
11173B,N,O,04/07/2026 05:28:49 PM
11174A,N,O,04/07/2026 08:55:43 AM
11174B,N,O,04/07/2026 04:33:38 PM
11175A,N,O,04/07/2026 01:12:02 PM
11175B,N,O,04/07/2026 04:26:28 PM
11176A,N,O,04/07/2026 03:27:55 PM
11176B,N,O,04/07/2026 04:13:00 PM
11177A,N,O,04/07/2026 04:27:20 PM
11177B,N,O,04/07/2026 04:03:27 PM
11178A,N,O,04/07/2026 05:28:35 PM
11178B,N,O,04/07/2026 08:56:43 AM
1117A,N,O,04/07/2026 03:16:56 PM
1117B,N,O,04/07/2026 06:57:42 AM
11181A,NU,O,04/06/2026 08:23:22 PM
11181B,NU,O,04/06/2026 06:00:51 PM
11182A,NU,O,04/06/2026 08:46:53 PM
11182B,NU,O,04/06/2026 06:00:44 PM
11183A,NU,O,04/06/2026 06:00:46 PM
11183B,NU,O,04/06/2026 08:43:11 PM
1118A,N,O,04/07/2026 04:53:30 PM
1118B,N,O,04/07/2026 02:41:48 PM
11191A,N,O,04/07/2026 05:21:39 PM
11191B,N,O,04/07/2026 01:03:49 PM
1119A,N,O,04/07/2026 08:25:51 AM
1119B,N,O,04/07/2026 05:28:57 PM
111A,N,O,04/07/2026 05:31:55 PM
111B,N,V,04/07/2026 05:14:17 PM
11205A,N,O,04/07/2026 05:30:24 PM
11205B,N,O,04/07/2026 05:26:43 PM
11206B,N,O,04/07/2026 05:01:59 PM
11207A,N,O,04/07/2026 05:22:27 PM
11207B,N,O,04/07/2026 03:59:24 PM
11208A,N,O,04/07/2026 04:30:27 PM
11208B,N,O,04/07/2026 05:29:53 PM
11209A,N,O,04/07/2026 04:49:44 PM
11209B,N,O,04/07/2026 01:48:09 PM
11210A,N,O,04/07/2026 04:36:31 PM
11210B,N,O,04/07/2026 05:24:50 PM
11211A,N,O,04/07/2026 05:19:11 PM
11211B,N,O,04/07/2026 11:25:25 AM
11212A,N,O,04/07/2026 04:34:23 PM
11212B,N,O,04/07/2026 02:35:09 PM
112A,N,V,04/07/2026 05:34:16 PM
112B,N,V,04/07/2026 05:34:05 PM
113A,N,O,04/07/2026 08:56:51 AM
113B,N,V,04/07/2026 05:23:48 PM
11500A,N,O,04/07/2026 01:58:00 PM
11500B,N,O,04/07/2026 05:30:03 PM
11501A,N,O,04/07/2026 04:23:17 PM
11501B,N,O,04/07/2026 02:19:22 PM
11502B,N,O,04/07/2026 08:57:59 AM
11504A,N,O,04/07/2026 05:29:27 PM
11504B,N,O,04/07/2026 02:31:25 PM
11505A,N,O,04/07/2026 08:59:47 AM
11505B,N,O,04/07/2026 02:00:35 PM
11506B,N,O,04/07/2026 08:58:43 AM
11507B,N,O,04/07/2026 03:55:39 PM
11508A,N,O,04/06/2026 04:46:40 PM
11508B,N,O,04/07/2026 05:23:15 PM
11509A,N,O,04/07/2026 11:04:46 AM
11509B,N,O,04/07/2026 10:01:14 AM
11582A,N,O,04/07/2026 04:49:22 PM
11583A,N,O,04/07/2026 02:54:39 PM
11583B,N,V,04/07/2026 01:33:40 PM
11584A,N,O,04/07/2026 01:33:52 PM
11584B,N,O,04/07/2026 05:35:48 PM
11585B,N,O,04/07/2026 08:59:45 AM
11593A,N,O,04/07/2026 01:20:02 PM
11593B,N,O,04/07/2026 04:33:56 PM
11594A,N,O,04/07/2026 04:20:59 PM
11595A,N,O,04/07/2026 04:51:35 PM
11595B,N,O,04/07/2026 04:41:35 PM
11596A,N,O,04/07/2026 08:58:45 AM
11596B,N,O,04/07/2026 03:31:03 PM
11597A,N,O,04/07/2026 05:28:33 PM
11597B,N,O,04/07/2026 05:10:07 PM
11598A,N,O,04/07/2026 04:18:24 PM
11598B,N,O,04/07/2026 04:59:40 PM
11599A,N,O,04/07/2026 04:03:16 PM
11599B,N,O,04/07/2026 05:17:31 PM
115A,N,O,04/07/2026 05:36:29 PM
115B,N,O,04/07/2026 04:24:06 PM
11600A,N,O,04/07/2026 05:25:37 PM
11600B,N,O,04/07/2026 05:35:14 PM
11601A,N,O,04/07/2026 05:02:49 PM
11601B,N,O,04/07/2026 05:18:04 PM
11602A,N,O,04/07/2026 08:57:46 AM
11602B,N,O,04/07/2026 08:57:46 AM
11608A,N,O,04/07/2026 05:02:22 PM
11609B,N,O,04/07/2026 12:28:25 PM
11610A,N,O,04/07/2026 01:22:39 PM
11610B,N,O,04/07/2026 08:59:43 AM
11611A,N,O,04/07/2026 05:22:06 PM
11611B,N,O,04/07/2026 12:51:10 PM
11612A,N,O,04/07/2026 08:57:57 AM
11612B,N,O,04/07/2026 12:50:48 PM
11613A,N,O,04/06/2026 08:56:51 AM
11613B,N,O,04/07/2026 02:24:11 PM
11614A,N,O,04/07/2026 04:39:41 PM
11614B,N,O,04/07/2026 01:54:12 PM
11615A,NU,O,03/01/2026 07:24:19 PM
11615B,N,O,04/07/2026 08:59:55 AM
11616A,NU,O,03/01/2026 08:58:45 AM
11616B,NU,O,02/28/2026 06:58:42 AM
11617B,N,O,04/07/2026 08:57:57 AM
11618A,N,O,04/07/2026 03:26:47 PM
11618B,N,O,04/07/2026 04:19:34 PM
11619A,N,O,04/07/2026 08:55:49 AM
11625A,N,O,04/07/2026 09:05:14 AM
11626A,N,O,04/07/2026 03:33:17 PM
11626B,N,O,04/07/2026 02:14:25 PM
11627A,N,O,04/07/2026 04:13:19 PM
11627B,N,O,04/07/2026 10:02:03 AM
11655A,N,O,04/07/2026 11:50:52 AM
11655B,N,O,04/07/2026 03:09:33 PM
11656A,N,O,04/07/2026 12:55:26 PM
11656B,N,O,04/07/2026 02:16:10 PM
11657A,N,O,04/07/2026 11:13:13 AM
11657B,N,O,04/07/2026 12:10:38 PM
11658A,N,O,04/07/2026 09:47:32 AM
11658B,N,O,04/07/2026 10:24:19 AM
11659A,N,O,04/07/2026 05:16:57 PM
11659B,N,O,04/07/2026 04:37:43 PM
11660A,N,O,04/07/2026 08:59:56 AM
11660B,N,O,04/07/2026 02:02:24 PM
11661A,N,O,04/07/2026 01:09:45 PM
11661B,N,V,04/07/2026 03:23:43 PM
11662A,N,O,04/07/2026 08:57:50 AM
11662B,N,O,04/07/2026 02:26:46 PM
11663A,N,O,04/07/2026 03:42:29 PM
11663B,N,O,04/07/2026 01:09:05 PM
11671B,N,O,04/07/2026 02:38:29 PM
11672A,N,O,04/07/2026 03:12:47 PM
11672B,N,O,04/07/2026 04:42:33 PM
116A,N,O,04/07/2026 05:08:15 PM
116B,N,O,04/07/2026 03:45:51 PM
1172A,N,O,04/07/2026 04:47:46 PM
1172B,N,V,04/07/2026 05:36:18 PM
1173A,N,V,04/07/2026 05:35:22 PM
1173B,N,O,04/07/2026 05:35:02 PM
1174B,N,O,04/07/2026 04:43:40 PM
1175A,N,O,04/07/2026 05:08:22 PM
1175B,N,O,04/07/2026 05:16:41 PM
1176B,N,O,04/07/2026 04:50:21 PM
117A,N,O,04/07/2026 04:38:16 PM
117B,N,O,04/07/2026 05:36:35 PM
118A,N,O,04/07/2026 05:30:06 PM
118B,N,V,04/07/2026 05:35:38 PM
1199A,N,V,04/07/2026 05:30:51 PM
1199B,N,O,04/07/2026 04:37:35 PM
119A,N,V,04/07/2026 05:34:16 PM
119B,N,O,04/07/2026 04:32:00 PM
11B,NU,O,02/25/2026 10:59:20 PM
12001A,N,O,04/07/2026 05:05:11 PM
12001B,N,V,04/07/2026 04:44:46 PM
12003A,N,O,04/07/2026 09:56:48 AM
12003B,N,O,04/07/2026 09:56:48 AM
12004A,N,O,04/07/2026 12:39:56 PM
12004B,N,O,04/07/2026 02:13:11 PM
12005A,N,O,04/07/2026 01:33:24 PM
12005B,N,O,04/07/2026 01:13:05 PM
12006A,N,O,04/07/2026 11:01:06 AM
1202A,N,O,04/07/2026 05:10:27 PM
1202B,N,O,04/07/2026 10:27:47 AM
12030A,N,O,04/07/2026 05:02:29 PM
12030B,N,O,04/07/2026 08:59:49 AM
12031A,N,O,04/07/2026 10:05:31 AM
12031B,N,O,04/07/2026 02:07:25 PM
12032A,N,O,04/07/2026 01:36:03 PM
12032B,N,O,04/07/2026 05:16:18 PM
12034A,N,O,04/07/2026 05:30:11 PM
12034B,N,O,04/07/2026 04:26:58 PM
12035A,N,O,04/07/2026 04:55:33 PM
12035B,N,O,04/07/2026 05:08:03 PM
12036A,N,O,04/07/2026 03:09:14 PM
12036B,N,O,04/07/2026 05:33:21 PM
12037A,N,O,04/07/2026 05:21:08 PM
12037B,N,O,04/07/2026 05:34:47 PM
12038A,N,V,04/07/2026 05:18:53 PM
12038B,N,O,04/07/2026 04:21:05 PM
12039A,N,V,04/07/2026 04:59:45 PM
12039B,N,O,04/07/2026 05:28:32 PM
1203B,N,V,04/07/2026 05:29:13 PM
12040A,N,V,04/07/2026 04:24:52 PM
12040B,N,O,04/07/2026 12:36:21 PM
12041A,N,V,04/07/2026 05:32:59 PM
12041B,N,O,04/07/2026 04:39:02 PM
12042A,N,O,04/07/2026 05:12:25 PM
12042B,N,O,04/07/2026 05:31:36 PM
12043A,N,O,04/07/2026 03:51:03 PM
12043B,N,V,04/07/2026 05:13:44 PM
12044A,N,O,04/07/2026 12:04:44 PM
12044B,N,O,04/07/2026 05:18:21 PM
12045A,N,O,04/07/2026 04:22:43 PM
12045B,N,O,04/07/2026 05:03:00 PM
12046A,N,O,04/07/2026 03:54:57 PM
12046B,N,O,04/07/2026 02:54:21 PM
12047A,N,V,04/07/2026 05:03:31 PM
12047B,N,O,04/07/2026 08:57:50 AM
12048A,N,O,04/07/2026 04:29:12 PM
12048B,N,O,04/07/2026 05:18:03 PM
12051A,N,O,04/07/2026 04:04:51 PM
12051B,N,O,04/07/2026 08:58:52 AM
12052A,N,O,04/07/2026 04:04:04 PM
12052B,N,O,04/07/2026 04:04:20 PM
12054A,N,O,04/07/2026 04:00:12 PM
12055A,N,O,04/07/2026 03:04:07 PM
12055B,N,V,04/07/2026 11:19:57 AM
12056A,N,O,04/07/2026 05:30:11 PM
12056B,N,O,04/07/2026 05:12:25 PM
12057A,N,V,04/07/2026 05:28:58 PM
12057B,N,O,04/07/2026 05:30:44 PM
12058B,N,O,04/07/2026 05:02:17 PM
12059B,N,O,04/07/2026 02:41:20 PM
12060B,N,O,04/07/2026 08:59:43 AM
12061A,N,O,04/07/2026 05:15:26 PM
12061B,N,O,04/07/2026 04:23:35 PM
12062A,N,O,04/07/2026 03:30:53 PM
12062B,N,V,04/07/2026 05:24:38 PM
12063A,N,O,04/07/2026 10:06:23 AM
12063B,N,O,04/07/2026 08:56:53 AM
12064A,N,O,04/07/2026 05:15:23 PM
12064B,N,O,04/07/2026 04:51:07 PM
12065A,N,O,04/07/2026 05:27:16 PM
12065B,N,O,04/07/2026 05:35:49 PM
12066A,N,O,04/07/2026 04:52:54 PM
12066B,N,O,04/07/2026 01:24:33 PM
12067A,N,O,04/07/2026 05:33:43 PM
12067B,N,O,04/07/2026 05:32:10 PM
12068A,N,O,04/07/2026 05:34:46 PM
12068B,N,O,04/06/2026 08:53:16 PM
12069A,N,O,04/07/2026 05:30:33 PM
12069B,N,O,04/07/2026 05:25:48 PM
12070A,N,O,04/07/2026 05:12:03 PM
12070B,N,O,04/07/2026 05:05:15 PM
12071A,N,O,04/07/2026 08:58:46 AM
12071B,N,O,04/07/2026 04:28:07 PM
12081A,N,O,04/07/2026 10:13:42 AM
12081B,N,O,04/07/2026 08:58:48 AM
12082A,N,O,04/07/2026 04:28:25 PM
12082B,N,O,04/07/2026 02:42:31 PM
12083A,N,O,04/07/2026 08:56:48 AM
12083B,N,O,04/07/2026 02:21:14 PM
12099A,N,O,04/07/2026 01:51:42 PM
12099B,N,V,04/07/2026 04:40:46 PM
120A,N,V,04/07/2026 05:32:23 PM
120B,N,O,04/07/2026 05:36:37 PM
12100A,N,O,04/07/2026 05:30:20 PM
12104A,N,O,04/07/2026 11:18:06 AM
12104B,N,O,04/07/2026 02:58:41 PM
12105A,N,O,04/07/2026 11:56:16 AM
12105B,N,O,04/07/2026 04:59:48 PM
12106A,N,O,04/07/2026 05:28:46 PM
12106B,N,O,04/07/2026 04:58:25 PM
12107A,N,O,04/07/2026 05:06:29 PM
12107B,N,V,04/07/2026 05:21:08 PM
12108A,N,O,04/07/2026 03:48:45 PM
12108B,N,O,04/07/2026 05:09:59 PM
12109A,N,V,04/07/2026 05:35:21 PM
12109B,N,V,04/07/2026 05:36:19 PM
12110A,N,O,04/07/2026 05:35:36 PM
12111A,N,V,04/07/2026 05:26:03 PM
12111B,N,V,04/07/2026 05:27:46 PM
12112A,N,O,04/07/2026 04:38:12 PM
12112B,N,O,04/07/2026 08:57:51 AM
12113A,N,O,04/07/2026 03:54:47 PM
12113B,N,V,04/07/2026 05:30:51 PM
12114A,N,O,04/07/2026 12:44:40 PM
12115A,N,V,04/07/2026 05:28:18 PM
12116A,N,O,04/07/2026 05:35:20 PM
12117A,N,O,04/07/2026 08:57:56 AM
12118B,N,O,04/07/2026 05:10:11 PM
12119A,N,O,04/07/2026 05:14:34 PM
12119B,N,O,04/07/2026 03:12:43 PM
12120A,N,O,04/07/2026 05:14:08 PM
12120B,N,O,04/07/2026 08:59:51 AM
12121A,N,V,04/07/2026 05:34:32 PM
12121B,N,V,04/07/2026 05:35:03 PM
12122A,N,V,04/07/2026 05:35:27 PM
12122B,N,V,04/07/2026 05:36:25 PM
12123A,N,V,04/07/2026 05:13:02 PM
12123B,N,O,04/07/2026 05:07:20 PM
12124A,N,V,04/07/2026 04:55:00 PM
12124B,N,O,04/07/2026 12:52:50 PM
12125A,N,V,04/07/2026 05:23:20 PM
12125B,N,O,04/07/2026 05:36:39 PM
12126A,N,V,04/07/2026 05:36:16 PM
12126B,N,O,04/07/2026 03:22:14 PM
12128A,N,O,04/07/2026 04:01:31 PM
12128B,N,O,04/07/2026 05:32:47 PM
12129A,N,O,04/07/2026 05:34:40 PM
12130A,N,O,04/07/2026 04:32:50 PM
12130B,N,O,04/07/2026 05:35:09 PM
12131A,N,V,04/07/2026 05:36:17 PM
12131B,N,O,04/07/2026 05:29:33 PM
12132A,N,O,04/07/2026 04:36:40 PM
12132B,N,O,04/07/2026 05:00:21 PM
12133A,N,O,04/07/2026 04:46:59 PM
12133B,N,O,04/07/2026 03:42:29 PM
12134A,N,O,04/07/2026 05:34:53 PM
12134B,N,O,04/07/2026 05:29:03 PM
12135A,N,V,04/07/2026 04:59:18 PM
12135B,N,O,04/07/2026 04:10:24 PM
12136A,N,O,04/07/2026 04:48:30 PM
12136B,N,O,04/07/2026 05:33:49 PM
12137A,N,V,04/07/2026 04:41:20 PM
12137B,N,O,04/07/2026 03:45:58 PM
12139A,N,O,04/07/2026 04:05:15 PM
12139B,N,V,04/07/2026 05:36:38 PM
12140A,N,O,04/07/2026 05:20:21 PM
12140B,N,V,04/07/2026 05:36:37 PM
12141A,N,O,04/07/2026 08:58:44 AM
12142A,N,V,04/07/2026 02:57:33 PM
12142B,N,V,04/07/2026 05:07:42 PM
12143A,N,O,04/07/2026 05:35:39 PM
12143B,N,O,04/07/2026 05:26:59 PM
12144A,N,O,04/07/2026 05:18:24 PM
12144B,N,O,04/07/2026 02:40:54 PM
12145A,N,O,04/07/2026 10:32:46 AM
12145B,N,O,04/07/2026 11:40:05 AM
12148A,N,O,04/07/2026 11:21:33 AM
12148B,N,O,04/07/2026 04:06:08 PM
12149A,N,O,04/07/2026 04:32:34 PM
12149B,N,O,04/07/2026 10:04:23 AM
12151A,N,O,04/07/2026 04:36:03 PM
12151B,N,V,04/07/2026 04:23:28 PM
12152A,N,O,04/07/2026 02:26:00 PM
12152B,N,O,04/07/2026 05:29:56 PM
12153A,N,O,04/07/2026 03:38:30 PM
12153B,N,O,04/07/2026 01:09:46 PM
12154A,N,O,04/07/2026 05:33:45 PM
12154B,N,O,04/07/2026 04:54:17 PM
12155A,N,O,04/07/2026 04:27:50 PM
12155B,N,O,04/07/2026 03:46:26 PM
12156A,N,O,04/07/2026 04:14:31 PM
12156B,N,O,04/07/2026 05:06:10 PM
12157A,N,O,04/07/2026 04:24:22 PM
12157B,N,V,04/07/2026 04:31:00 PM
12158A,N,O,04/07/2026 03:14:17 PM
12158B,N,O,04/07/2026 04:12:15 PM
12159B,N,O,04/07/2026 05:36:43 PM
12160A,N,V,04/07/2026 05:32:59 PM
12160B,N,O,04/07/2026 05:25:17 PM
12161A,N,O,10/25/2025 03:07:40 PM
12161B,N,O,04/07/2026 05:32:36 PM
12162A,N,V,04/07/2026 05:36:42 PM
12162B,N,V,04/07/2026 05:34:20 PM
12163A,N,O,04/07/2026 08:56:46 AM
12163B,N,O,04/07/2026 05:21:53 PM
12164A,N,O,04/07/2026 05:10:30 PM
12164B,N,V,04/07/2026 05:25:19 PM
12165A,N,O,04/07/2026 05:05:02 PM
12165B,N,V,04/07/2026 05:30:17 PM
12166B,N,O,04/07/2026 04:04:20 PM
12167A,N,O,04/07/2026 02:58:37 PM
12167B,N,O,04/07/2026 03:08:23 PM
12169A,N,V,04/07/2026 05:36:30 PM
12169B,N,O,04/07/2026 05:24:08 PM
12170A,N,O,04/07/2026 05:34:20 PM
12170B,N,V,04/07/2026 05:36:35 PM
12171A,N,V,04/07/2026 05:29:46 PM
12173A,N,O,04/07/2026 05:33:46 PM
12173B,N,O,04/07/2026 04:24:07 PM
12174A,N,O,04/07/2026 08:55:43 AM
12174B,N,O,04/07/2026 08:55:43 AM
12175A,N,V,04/07/2026 05:33:22 PM
12175B,N,O,04/07/2026 05:36:20 PM
12176B,N,O,04/07/2026 04:02:23 PM
12177A,N,O,04/07/2026 05:32:40 PM
12177B,N,O,04/07/2026 03:52:59 PM
12179A,N,V,04/07/2026 05:32:45 PM
12179B,N,O,04/07/2026 04:54:44 PM
12180B,N,O,04/07/2026 05:25:15 PM
12182A,N,O,04/07/2026 05:36:36 PM
12182B,N,O,04/07/2026 05:25:46 PM
12183A,N,O,04/07/2026 11:54:47 AM
12183B,N,O,04/07/2026 05:14:59 PM
12184A,N,O,04/07/2026 05:36:21 PM
12184B,N,O,04/07/2026 05:07:29 PM
12186A,N,O,04/07/2026 10:34:23 AM
12187A,N,O,04/07/2026 05:06:18 PM
12187B,N,O,04/07/2026 04:12:17 PM
12188A,N,O,04/07/2026 08:56:52 AM
12188B,N,V,04/07/2026 05:01:09 PM
12189A,N,O,04/07/2026 08:55:46 AM
12190A,N,V,04/07/2026 05:31:40 PM
12190B,N,V,04/07/2026 05:36:14 PM
12191A,N,O,04/07/2026 02:48:06 PM
12191B,N,O,04/07/2026 08:58:49 AM
12192A,N,O,04/07/2026 04:39:56 PM
12193A,N,O,04/07/2026 04:36:39 PM
12193B,N,V,04/07/2026 04:24:26 PM
12194A,N,O,04/07/2026 05:01:31 PM
12195A,N,V,04/07/2026 05:35:34 PM
12195B,N,O,04/07/2026 05:35:21 PM
12196A,N,O,04/07/2026 04:55:38 PM
12196B,N,O,04/07/2026 05:31:27 PM
12197B,N,O,04/07/2026 09:57:07 AM
12198A,N,O,04/07/2026 04:59:30 PM
12198B,N,O,04/07/2026 05:29:48 PM
121A,N,V,04/07/2026 04:13:50 PM
121B,N,V,04/07/2026 04:03:39 PM
12202A,N,O,04/07/2026 03:40:22 PM
12202B,N,V,04/07/2026 05:31:28 PM
12203A,N,O,04/07/2026 04:09:50 PM
12203B,N,V,04/07/2026 05:06:22 PM
12204A,N,V,04/07/2026 04:43:35 PM
12204B,N,V,04/07/2026 05:20:57 PM
12205A,N,V,04/07/2026 05:09:24 PM
12211A,N,O,04/07/2026 08:58:49 AM
12211B,N,O,04/07/2026 03:51:31 PM
12212A,N,O,04/07/2026 05:21:46 PM
12212B,N,V,04/07/2026 05:25:27 PM
122B,N,O,04/07/2026 04:20:17 PM
12370A,N,O,04/07/2026 02:40:54 PM
12371A,N,O,04/06/2026 08:28:49 AM
12371B,N,O,04/07/2026 01:44:11 PM
12374A,N,O,04/07/2026 04:40:51 PM
12374B,N,O,04/07/2026 04:53:56 PM
12375A,N,O,04/07/2026 08:59:48 AM
12375B,N,O,04/07/2026 03:37:00 PM
12376A,N,O,04/07/2026 09:10:49 AM
12376B,N,V,04/07/2026 05:30:19 PM
12377A,N,O,04/07/2026 11:54:21 AM
12377B,N,O,04/07/2026 05:24:48 PM
12378A,N,O,04/07/2026 04:03:03 PM
12378B,N,O,04/07/2026 04:01:03 PM
12379A,N,O,04/07/2026 05:02:39 PM
12379B,N,O,04/07/2026 01:17:45 PM
12385A,N,O,04/07/2026 04:50:43 PM
12385B,N,O,04/07/2026 11:48:03 AM
12388A,N,O,04/07/2026 05:08:42 PM
12388B,N,O,04/07/2026 05:02:47 PM
12391A,N,O,04/07/2026 05:30:40 PM
12392A,N,O,04/07/2026 05:35:51 PM
12392B,N,V,04/07/2026 05:34:44 PM
12431A,N,O,04/07/2026 08:28:48 AM
12431B,N,O,04/07/2026 08:28:55 AM
12432B,N,O,04/07/2026 04:30:50 PM
12433A,N,O,04/07/2026 08:26:52 AM
12433B,N,O,04/07/2026 08:26:48 AM
12434A,N,O,04/06/2026 03:16:57 PM
12434B,N,O,04/07/2026 04:28:34 PM
12435A,N,O,04/07/2026 05:22:37 PM
12437B,N,V,04/07/2026 05:27:23 PM
12440A,N,O,04/07/2026 09:12:52 AM
12440B,N,O,04/07/2026 12:13:59 PM
12441A,N,O,04/07/2026 08:28:48 AM
12441B,N,O,04/07/2026 04:47:35 PM
12442A,N,V,04/07/2026 05:33:14 PM
12443B,N,O,04/07/2026 08:50:41 AM
12461A,N,V,04/07/2026 05:36:04 PM
12461B,N,O,04/07/2026 10:28:50 AM
12462B,N,V,04/07/2026 05:33:36 PM
12467A,N,O,04/07/2026 10:17:10 AM
12468A,N,O,04/07/2026 05:24:53 PM
12468B,N,O,04/07/2026 04:41:59 PM
12469A,N,O,04/07/2026 04:48:49 PM
12469B,N,V,04/07/2026 05:25:40 PM
12470A,N,O,04/07/2026 05:22:19 PM
12470B,N,O,04/07/2026 02:51:07 PM
12471A,N,O,04/07/2026 04:40:42 PM
12471B,N,O,04/07/2026 05:00:21 PM
12481A,N,O,04/07/2026 04:25:22 PM
12481B,N,O,04/07/2026 04:47:15 PM
12482A,N,O,04/07/2026 04:56:40 PM
12482B,N,O,04/07/2026 01:39:30 PM
12490A,N,O,04/07/2026 02:09:32 PM
12490B,N,O,04/07/2026 05:25:12 PM
12491A,N,O,04/07/2026 05:32:46 PM
12491B,N,V,04/07/2026 05:31:02 PM
12492A,N,O,04/07/2026 05:28:14 PM
12492B,N,V,04/07/2026 05:36:41 PM
12493A,N,O,04/07/2026 06:56:50 AM
12493B,N,O,04/07/2026 05:05:04 PM
12494A,N,O,04/07/2026 05:35:25 PM
12495A,N,V,04/07/2026 04:49:11 PM
12495B,N,O,04/07/2026 04:38:52 PM
12496B,N,O,04/07/2026 12:06:30 PM
12498A,N,O,04/07/2026 04:10:02 PM
12499A,N,O,04/07/2026 04:48:51 PM
12499B,N,O,04/07/2026 11:39:34 AM
124A,N,O,04/07/2026 05:02:39 PM
124B,N,O,04/07/2026 02:12:49 PM
12501A,N,O,04/07/2026 05:04:16 PM
12501B,N,O,04/07/2026 04:03:28 PM
12502A,N,O,04/07/2026 05:12:45 PM
12502B,N,O,04/07/2026 05:16:55 PM
12503B,N,O,04/07/2026 03:48:58 PM
12504A,N,O,04/07/2026 04:18:03 PM
12504B,N,O,04/07/2026 10:40:15 AM
12505A,N,O,04/07/2026 05:24:06 PM
12505B,N,O,04/07/2026 05:31:53 PM
12506A,N,O,04/07/2026 06:58:47 AM
12506B,N,O,04/06/2026 11:45:40 AM
12508A,N,V,04/07/2026 03:13:24 PM
12508B,N,O,04/07/2026 06:56:46 AM
12509A,N,O,04/07/2026 05:22:02 PM
12509B,N,O,04/07/2026 04:49:14 PM
12510A,N,O,04/07/2026 04:27:52 PM
12510B,N,O,04/07/2026 05:33:00 PM
1251A,N,O,04/07/2026 03:36:27 PM
1251B,N,O,04/07/2026 04:06:48 PM
1252A,N,O,04/07/2026 10:27:46 AM
1252B,N,V,04/07/2026 05:36:25 PM
12530A,N,O,04/07/2026 03:44:05 PM
12530B,N,O,04/07/2026 09:45:50 AM
12531A,N,V,04/07/2026 05:14:47 PM
12531B,N,O,04/07/2026 03:40:20 PM
12532A,N,O,04/07/2026 04:52:35 PM
12532B,N,O,04/07/2026 02:12:17 PM
1253A,N,V,04/07/2026 05:29:03 PM
1253B,N,V,04/07/2026 05:35:48 PM
1254A,N,V,04/07/2026 05:26:55 PM
12580A,N,V,04/07/2026 04:31:41 PM
12580B,N,V,04/07/2026 05:33:52 PM
12581A,N,O,04/07/2026 05:34:02 PM
12581B,N,V,04/07/2026 04:38:51 PM
12582A,N,O,04/07/2026 10:02:47 AM
12582B,N,O,04/07/2026 05:35:52 PM
12583A,N,V,04/07/2026 04:49:14 PM
12583B,N,V,04/07/2026 05:10:43 PM
12585A,N,O,04/07/2026 05:36:30 PM
12585B,N,O,04/07/2026 09:59:50 AM
12586A,N,O,04/07/2026 04:40:06 PM
12586B,N,O,04/07/2026 05:36:08 PM
12587A,N,V,04/07/2026 05:28:13 PM
12587B,N,V,04/07/2026 05:35:31 PM
1258B,N,O,04/07/2026 05:36:42 PM
12597A,N,O,04/07/2026 02:32:41 PM
12597B,N,O,04/07/2026 03:26:33 PM
12598A,N,O,04/07/2026 05:11:09 PM
12598B,N,V,04/07/2026 04:56:32 PM
12599A,N,O,04/07/2026 04:16:57 PM
12599B,N,O,04/07/2026 04:54:20 PM
1259A,N,V,04/07/2026 05:07:43 PM
1259B,N,O,04/07/2026 05:23:39 PM
125A,N,O,04/07/2026 05:07:24 PM
125B,N,O,04/07/2026 05:26:16 PM
12600B,N,O,04/07/2026 05:29:08 PM
12601A,N,V,04/07/2026 05:24:42 PM
12601B,N,O,04/07/2026 05:36:25 PM
12602A,N,O,04/07/2026 04:38:20 PM
12602B,N,O,04/07/2026 05:16:45 PM
12603B,N,O,04/07/2026 04:31:02 PM
12606A,N,O,04/07/2026 08:28:48 AM
12606B,N,O,04/07/2026 05:00:35 PM
12607A,N,V,04/07/2026 05:17:35 PM
12607B,N,O,04/07/2026 08:27:47 AM
12608B,N,O,04/07/2026 02:26:12 PM
12609A,N,O,04/07/2026 03:53:41 PM
12609B,N,O,04/07/2026 08:25:43 AM
1260A,N,V,04/07/2026 05:36:32 PM
1260B,N,O,04/07/2026 05:03:43 PM
12610A,N,O,04/07/2026 08:29:46 AM
12610B,N,O,04/07/2026 04:42:17 PM
12611A,N,O,04/07/2026 08:28:52 AM
12611B,N,O,04/07/2026 04:48:17 PM
12612A,N,O,04/07/2026 08:27:50 AM
12612B,N,O,04/07/2026 08:27:42 AM
12613B,N,O,04/07/2026 12:49:53 PM
12614A,N,O,04/07/2026 05:20:11 PM
12614B,N,O,04/07/2026 05:20:25 PM
12615A,N,O,04/07/2026 05:08:25 PM
12615B,N,V,04/07/2026 04:57:05 PM
12616A,N,O,04/07/2026 05:25:57 PM
12616B,N,V,04/07/2026 05:33:30 PM
12617B,N,O,04/07/2026 03:40:32 PM
12618A,N,O,04/07/2026 01:38:02 PM
12618B,N,O,04/07/2026 04:48:07 PM
12619A,N,O,04/07/2026 05:07:28 PM
12619B,N,O,04/07/2026 01:39:24 PM
12620A,N,V,04/07/2026 03:28:13 PM
12620B,N,V,04/07/2026 05:34:53 PM
12623A,N,O,04/07/2026 07:27:12 AM
12623B,N,O,04/07/2026 07:26:49 AM
12624A,N,V,04/07/2026 05:34:51 PM
12624B,N,O,04/07/2026 05:04:36 PM
12625A,N,O,04/07/2026 03:12:12 PM
12625B,N,O,04/07/2026 05:32:55 PM
12626A,N,O,04/07/2026 07:28:48 AM
12626B,N,O,04/07/2026 07:28:59 AM
12627A,N,V,04/07/2026 02:23:43 PM
12627B,N,V,04/07/2026 05:30:59 PM
12628A,N,O,04/07/2026 07:26:48 AM
12628B,N,V,04/07/2026 05:27:28 PM
12629A,N,O,04/07/2026 04:19:51 PM
12629B,N,O,04/07/2026 05:33:38 PM
12630A,N,O,04/07/2026 04:55:16 PM
12630B,N,O,04/07/2026 07:29:43 AM
12631A,N,O,04/07/2026 07:28:52 AM
12631B,N,O,04/07/2026 07:28:56 AM
12632A,N,O,04/07/2026 07:28:03 AM
12632B,N,O,04/07/2026 07:27:46 AM
12633A,N,O,04/07/2026 05:03:15 PM
12633B,N,O,04/07/2026 04:30:09 PM
12634A,N,O,04/07/2026 05:36:11 PM
12634B,N,V,04/07/2026 05:21:24 PM
12635A,N,O,04/07/2026 07:29:45 AM
12635B,N,V,04/07/2026 04:51:42 PM
12636A,N,O,04/07/2026 05:20:34 PM
12636B,N,O,04/07/2026 05:31:51 PM
12637A,N,O,04/07/2026 05:36:43 PM
12637B,N,V,04/07/2026 05:33:26 PM
12640A,N,O,04/07/2026 04:47:39 PM
12640B,N,O,04/07/2026 04:50:26 PM
12641A,N,O,04/07/2026 04:37:49 PM
12643A,N,O,04/06/2026 07:26:58 PM
12644A,N,O,04/06/2026 10:26:10 PM
12644B,N,O,04/06/2026 07:25:48 PM
12645A,N,O,04/07/2026 05:10:50 PM
12645B,N,V,04/07/2026 05:11:49 PM
12646A,N,O,04/07/2026 05:03:53 PM
12646B,N,V,04/07/2026 05:10:56 PM
12647A,N,V,04/07/2026 05:21:43 PM
12647B,N,O,04/07/2026 05:34:19 PM
12648A,N,V,04/07/2026 05:27:46 PM
12648B,N,O,04/07/2026 12:25:35 PM
12649A,N,V,04/07/2026 03:10:24 PM
12649B,N,O,04/07/2026 05:36:45 PM
12650A,N,O,04/07/2026 05:35:20 PM
12650B,N,V,04/07/2026 12:40:20 PM
12651A,N,V,04/07/2026 05:33:30 PM
12651B,N,O,04/07/2026 08:58:51 AM
12652A,N,V,04/07/2026 03:21:56 PM
12652B,N,O,04/07/2026 05:35:43 PM
12653A,N,V,04/07/2026 05:35:16 PM
12653B,N,V,04/07/2026 05:19:54 PM
12654A,N,V,04/07/2026 12:08:56 PM
12654B,N,O,04/07/2026 05:11:31 PM
12655A,N,O,04/07/2026 05:35:43 PM
12655B,N,O,04/07/2026 05:34:19 PM
12656A,N,V,04/07/2026 05:33:32 PM
12656B,N,V,04/07/2026 05:28:02 PM
12657A,N,V,04/07/2026 10:45:02 AM
12657B,N,V,04/07/2026 02:09:55 PM
12658A,N,O,04/07/2026 04:17:51 PM
12658B,N,V,04/07/2026 04:36:03 PM
12659A,N,O,04/07/2026 04:43:31 PM
12659B,N,O,04/07/2026 09:56:01 AM
12660A,N,O,04/07/2026 04:07:32 PM
12661A,N,O,04/06/2026 10:29:45 AM
12661B,N,O,04/07/2026 05:36:44 PM
12662A,N,O,04/07/2026 10:27:48 AM
12662B,N,O,04/07/2026 04:09:42 PM
12663A,N,O,04/07/2026 04:13:07 PM
12663B,N,O,04/07/2026 04:56:58 PM
12664A,N,O,04/07/2026 04:55:38 PM
12664B,N,O,04/07/2026 03:52:19 PM
12665A,N,O,04/07/2026 04:47:13 PM
12665B,N,O,04/07/2026 02:33:07 PM
12666A,N,V,04/07/2026 05:32:25 PM
12666B,N,O,04/07/2026 12:40:41 PM
12667A,N,O,04/07/2026 04:59:22 PM
12667B,N,O,04/07/2026 05:29:27 PM
12668A,N,O,04/07/2026 05:02:17 PM
12668B,N,O,04/07/2026 03:31:39 PM
12669A,N,V,04/07/2026 05:34:12 PM
12669B,N,O,04/07/2026 02:47:18 PM
1266A,N,O,04/07/2026 04:52:37 PM
1266B,N,O,04/07/2026 05:28:46 PM
12670A,N,O,04/07/2026 03:44:29 PM
12670B,N,O,04/07/2026 05:07:49 PM
12671A,N,O,04/07/2026 03:23:54 PM
12671B,N,O,04/07/2026 04:27:49 PM
12672A,N,O,04/07/2026 12:11:58 PM
12672B,N,O,04/07/2026 04:55:50 PM
12673A,N,V,04/07/2026 05:13:18 PM
12673B,N,O,04/07/2026 04:53:43 PM
12674A,N,O,04/07/2026 03:18:51 PM
12674B,N,O,04/07/2026 09:55:45 AM
12675A,N,O,04/07/2026 04:47:04 PM
12675B,N,O,04/07/2026 03:21:08 PM
12676B,N,O,04/07/2026 03:03:22 PM
12677A,N,O,04/07/2026 09:57:44 AM
12677B,N,O,04/07/2026 09:57:44 AM
12678A,N,V,04/07/2026 05:35:18 PM
12678B,N,O,04/07/2026 09:57:41 AM
12679A,N,O,04/07/2026 02:05:15 PM
12679B,N,O,04/07/2026 09:55:48 AM
1267A,N,O,04/07/2026 05:33:28 PM
1267B,N,V,04/07/2026 05:33:31 PM
12680A,N,V,04/07/2026 05:35:17 PM
12680B,N,V,04/07/2026 05:36:38 PM
12681A,N,O,04/07/2026 07:58:55 AM
12681B,N,O,04/07/2026 07:58:48 AM
12685A,N,O,04/07/2026 12:53:57 PM
12685B,N,O,04/07/2026 04:20:58 PM
12686A,N,V,04/07/2026 04:48:27 PM
12686B,N,O,04/07/2026 03:08:35 PM
12687A,N,O,04/07/2026 10:21:16 AM
12687B,N,O,04/07/2026 05:08:43 PM
12688A,N,O,04/07/2026 04:26:17 PM
12688B,N,O,04/07/2026 03:13:29 PM
12689A,N,O,04/07/2026 11:35:56 AM
12689B,N,O,04/07/2026 03:57:56 PM
1268A,N,V,04/07/2026 04:40:50 PM
1268B,N,O,04/07/2026 05:19:49 PM
12690A,N,O,04/07/2026 05:30:47 PM
12690B,N,O,04/07/2026 10:09:34 AM
12691A,N,O,04/07/2026 04:12:57 PM
12691B,N,V,04/07/2026 05:00:41 PM
1269A,N,O,04/07/2026 05:26:11 PM
1269B,N,O,04/07/2026 05:20:53 PM
126B,N,O,04/07/2026 04:39:08 PM
12701A,N,V,04/07/2026 05:24:56 PM
12701B,N,O,04/07/2026 03:03:56 PM
12702A,N,O,04/07/2026 05:04:04 PM
12702B,N,V,04/07/2026 05:23:37 PM
12703A,N,O,04/07/2026 05:17:59 PM
12703B,N,O,04/07/2026 04:52:38 PM
12704A,N,O,04/07/2026 04:30:27 PM
12704B,N,V,04/07/2026 05:29:55 PM
12705A,N,O,04/07/2026 03:21:18 PM
12705B,N,V,04/07/2026 05:36:21 PM
12706A,N,O,04/07/2026 04:30:14 PM
12706B,N,O,04/07/2026 05:19:32 PM
12707B,N,O,04/07/2026 04:10:34 PM
12708A,N,O,04/07/2026 05:23:49 PM
12708B,N,O,04/07/2026 04:25:03 PM
12709A,N,O,04/07/2026 04:12:13 PM
12709B,N,O,04/07/2026 04:44:44 PM
1270A,N,O,04/07/2026 05:09:02 PM
1270B,N,O,04/07/2026 05:18:50 PM
12710A,N,O,04/07/2026 04:56:07 PM
12710B,N,O,04/07/2026 04:37:18 PM
12711A,N,O,04/07/2026 05:25:38 PM
12711B,N,O,04/07/2026 05:30:28 PM
12712A,N,O,04/07/2026 04:20:38 PM
12712B,N,O,04/07/2026 03:18:04 PM
12713A,N,O,04/07/2026 05:21:05 PM
12713B,N,O,04/07/2026 05:35:46 PM
12714A,N,O,04/07/2026 10:25:43 AM
12714B,N,O,04/07/2026 05:21:22 PM
12715A,N,O,04/07/2026 04:59:59 PM
12715B,N,O,04/07/2026 04:50:51 PM
12716A,N,O,04/07/2026 05:17:28 PM
12716B,N,O,04/07/2026 05:21:29 PM
12717A,N,O,04/07/2026 04:06:53 PM
12717B,N,O,04/07/2026 03:45:45 PM
12718A,N,O,04/07/2026 04:56:29 PM
12718B,N,O,04/07/2026 05:09:08 PM
12719A,N,O,04/07/2026 04:30:26 PM
12719B,N,O,04/07/2026 04:41:21 PM
1271A,N,O,04/07/2026 04:42:02 PM
1271B,N,V,04/07/2026 05:24:16 PM
12720A,N,O,04/07/2026 09:59:52 AM
12720B,NU,O,04/07/2026 12:36:56 PM
1272A,N,V,04/07/2026 05:01:59 PM
1272B,N,V,04/07/2026 05:30:51 PM
1273A,N,V,04/07/2026 05:29:53 PM
1273B,N,V,04/07/2026 05:35:52 PM
127B,N,O,04/07/2026 03:39:15 PM
1280A,N,O,04/07/2026 05:29:46 PM
1280B,N,O,04/07/2026 04:55:56 PM
1281A,N,V,04/07/2026 05:19:54 PM
1281B,N,V,04/07/2026 05:18:54 PM
1282A,N,V,04/07/2026 05:05:16 PM
1282B,N,V,04/07/2026 05:34:54 PM
1283A,N,O,04/07/2026 05:36:02 PM
1283B,N,V,04/07/2026 05:33:50 PM
1284A,N,O,04/07/2026 03:59:46 PM
1284B,N,V,04/07/2026 05:28:44 PM
12A,NU,V,02/25/2026 11:44:33 PM
12B,NU,V,02/25/2026 11:59:52 PM
13001A,N,O,04/07/2026 04:59:21 PM
13001B,N,O,04/07/2026 04:41:06 PM
13002B,N,V,04/07/2026 05:36:22 PM
13003A,N,O,04/07/2026 04:44:45 PM
13003B,N,O,04/07/2026 05:33:39 PM
13004A,N,O,04/07/2026 05:31:35 PM
13004B,N,O,04/07/2026 03:40:25 PM
13005A,N,O,04/07/2026 03:08:05 PM
13005B,N,O,04/07/2026 05:02:34 PM
13006A,N,O,04/07/2026 04:31:37 PM
13006B,N,O,04/07/2026 04:56:08 PM
13007A,N,O,04/07/2026 05:26:45 PM
13007B,N,O,04/07/2026 04:44:12 PM
13008A,N,O,04/07/2026 05:20:05 PM
13008B,N,O,04/07/2026 04:25:49 PM
13009A,N,O,04/07/2026 05:01:41 PM
13009B,N,O,04/07/2026 05:25:50 PM
13010A,N,V,04/07/2026 03:57:31 PM
13010B,N,O,04/07/2026 04:06:47 PM
13011A,N,V,04/07/2026 05:35:58 PM
13011B,N,V,04/07/2026 05:36:15 PM
13012A,N,O,04/07/2026 03:47:10 PM
13012B,N,V,04/07/2026 03:49:41 PM
13013A,N,O,04/07/2026 05:36:31 PM
13013B,N,O,04/07/2026 05:36:09 PM
13014A,N,V,04/07/2026 05:36:25 PM
13014B,N,O,04/07/2026 08:56:01 AM
13015A,N,O,04/07/2026 05:28:02 PM
13015B,N,O,04/07/2026 04:48:08 PM
13016A,N,V,04/07/2026 05:02:45 PM
13016B,N,V,04/07/2026 05:32:43 PM
13017B,N,O,04/07/2026 03:47:05 PM
13018A,N,V,04/07/2026 03:50:23 PM
13018B,N,O,04/07/2026 05:33:28 PM
13019A,N,O,04/07/2026 02:52:31 PM
13019B,N,O,04/07/2026 05:16:07 PM
13020A,N,V,04/07/2026 05:35:31 PM
13020B,N,O,04/07/2026 05:18:03 PM
13021A,N,O,04/07/2026 01:15:48 PM
13021B,N,O,04/07/2026 05:18:43 PM
13023A,N,O,04/07/2026 05:36:20 PM
13023B,N,V,04/07/2026 04:45:09 PM
13024B,N,V,04/07/2026 04:00:16 PM
13030A,N,O,04/07/2026 05:31:36 PM
13031B,N,O,04/07/2026 05:24:56 PM
13032A,N,O,04/07/2026 05:28:15 PM
13032B,N,V,04/07/2026 05:10:22 PM
13033A,N,V,04/07/2026 05:36:41 PM
13033B,N,V,04/07/2026 05:26:37 PM
13034A,N,O,04/07/2026 08:55:50 AM
13034B,N,V,04/07/2026 05:19:24 PM
13035A,N,O,04/07/2026 03:28:57 PM
13035B,N,O,04/07/2026 05:13:11 PM
13036A,N,V,04/07/2026 03:03:38 PM
13036B,N,O,04/07/2026 05:01:03 PM
13037A,N,O,04/07/2026 04:37:36 PM
13040A,N,O,04/07/2026 05:00:58 PM
13040B,N,O,04/07/2026 05:07:49 PM
13046B,N,O,04/07/2026 04:59:20 PM
13047A,N,O,04/07/2026 11:42:54 AM
13047B,N,O,04/07/2026 03:19:53 PM
13048A,N,O,04/07/2026 03:31:49 PM
13048B,N,O,04/07/2026 05:36:44 PM
13049A,N,V,04/07/2026 05:30:54 PM
13049B,N,V,04/07/2026 04:17:53 PM
13050A,N,V,04/07/2026 03:59:25 PM
13050B,N,O,04/07/2026 05:36:43 PM
13051A,N,V,04/07/2026 04:20:25 PM
13051B,N,V,04/07/2026 05:12:02 PM
13052A,N,V,04/07/2026 05:01:10 PM
13052B,N,V,04/07/2026 05:36:39 PM
13053B,N,V,04/07/2026 05:23:46 PM
13054A,N,V,04/07/2026 11:21:49 AM
13054B,N,V,04/07/2026 03:46:41 PM
13055A,N,V,04/07/2026 05:36:34 PM
13055B,N,O,04/07/2026 05:36:45 PM
13056A,N,V,04/07/2026 05:25:33 PM
13056B,N,V,04/07/2026 04:50:11 PM
13057B,N,O,04/07/2026 04:14:58 PM
13058A,N,O,04/07/2026 04:49:41 PM
13058B,N,O,04/07/2026 02:34:03 PM
13061B,N,O,04/07/2026 03:25:55 PM
13062A,N,O,04/07/2026 05:00:17 PM
13062B,N,O,04/07/2026 04:22:19 PM
13066A,N,O,04/07/2026 05:08:23 PM
13066B,N,O,04/07/2026 03:10:22 PM
13067A,N,V,04/07/2026 05:33:15 PM
13067B,N,O,04/07/2026 05:00:24 PM
13068A,N,O,04/07/2026 04:45:22 PM
13068B,N,O,04/07/2026 03:16:37 PM
13069A,N,O,04/07/2026 05:36:27 PM
13069B,N,O,04/07/2026 02:17:19 PM
13070A,N,O,04/07/2026 04:30:35 PM
13070B,N,O,04/07/2026 05:34:44 PM
13075A,N,O,04/07/2026 08:59:48 AM
13075B,N,O,04/07/2026 01:53:35 PM
13076A,N,O,04/07/2026 01:46:06 PM
13076B,N,V,04/07/2026 03:27:48 PM
13078A,N,O,04/07/2026 08:56:44 AM
13078B,N,O,04/07/2026 08:56:44 AM
13084A,N,V,04/07/2026 04:32:26 PM
13084B,N,V,04/07/2026 05:28:41 PM
13085A,N,V,04/07/2026 05:36:26 PM
13085B,N,O,04/07/2026 08:59:49 AM
13086A,N,V,04/07/2026 05:05:18 PM
13086B,N,V,04/07/2026 05:29:44 PM
13087A,N,V,04/07/2026 05:36:37 PM
13087B,N,V,04/07/2026 05:34:50 PM
13100B,N,O,04/07/2026 08:59:48 AM
13101A,N,O,04/07/2026 05:05:21 PM
13101B,N,O,04/07/2026 05:03:22 PM
13102A,N,O,04/07/2026 05:08:40 PM
13102B,N,O,04/07/2026 04:40:13 PM
13103A,N,O,04/07/2026 05:25:48 PM
13103B,N,O,04/07/2026 01:37:51 PM
13104A,N,O,04/07/2026 05:28:07 PM
13104B,N,O,04/07/2026 04:00:25 PM
13111B,N,O,04/07/2026 04:48:47 PM
13112A,N,O,04/07/2026 05:03:57 PM
13112B,N,V,04/07/2026 05:25:16 PM
13113A,N,O,04/07/2026 04:00:08 PM
13113B,N,O,04/07/2026 03:44:49 PM
13114A,N,O,04/07/2026 03:46:59 PM
13114B,N,O,04/07/2026 05:36:29 PM
13115A,N,V,04/06/2026 09:56:35 PM
13115B,N,O,04/07/2026 05:00:48 PM
13116A,N,V,04/07/2026 05:31:25 PM
13116B,N,V,04/07/2026 05:31:42 PM
13117A,N,O,04/07/2026 04:52:27 PM
13117B,N,O,04/07/2026 04:11:10 PM
13118A,N,O,04/07/2026 05:35:14 PM
13120A,N,O,04/07/2026 05:16:59 PM
13120B,N,O,04/07/2026 03:24:05 PM
13121A,N,O,04/07/2026 05:33:19 PM
13122A,N,O,04/07/2026 08:57:48 AM
13122B,N,O,04/07/2026 02:28:59 PM
13123A,N,O,04/07/2026 05:35:36 PM
13123B,N,O,04/07/2026 03:33:48 PM
13124A,N,O,04/07/2026 05:01:03 PM
13126A,N,O,04/07/2026 04:36:54 PM
13126B,N,O,04/07/2026 08:58:40 AM
13127B,N,O,04/07/2026 08:57:44 AM
13128A,N,O,04/07/2026 02:47:29 PM
13128B,N,O,04/07/2026 04:16:22 PM
13129A,N,O,04/07/2026 04:05:15 PM
13129B,N,O,04/07/2026 05:36:44 PM
13200A,N,O,04/07/2026 03:08:20 PM
13200B,NU,O,04/07/2026 04:29:36 PM
13201A,N,O,04/07/2026 04:39:46 PM
13202A,N,O,04/07/2026 05:17:42 PM
13202B,N,O,04/07/2026 05:07:14 PM
13203A,N,O,04/07/2026 02:22:59 PM
13205A,N,O,04/07/2026 05:26:38 PM
13206A,N,O,04/07/2026 12:54:58 PM
13207A,NU,O,04/06/2026 08:14:47 PM
13207B,NU,V,04/06/2026 08:50:01 PM
13208A,N,V,04/07/2026 05:35:44 PM
13208B,N,V,04/07/2026 05:36:30 PM
13209A,N,O,04/07/2026 11:52:39 AM
13210A,N,O,04/07/2026 05:36:29 PM
13211B,N,O,04/07/2026 08:58:46 AM
13212A,N,O,04/07/2026 03:18:39 PM
13212B,N,O,04/07/2026 02:37:24 PM
13213A,N,O,04/07/2026 03:53:36 PM
13213B,N,O,04/07/2026 04:25:39 PM
13214A,N,O,04/07/2026 02:27:24 PM
13214B,N,V,04/07/2026 05:22:40 PM
13216A,N,V,04/07/2026 05:02:57 PM
13216B,N,O,04/07/2026 05:31:49 PM
13217B,N,O,04/07/2026 04:30:54 PM
13218A,N,O,04/07/2026 05:21:21 PM
13218B,N,O,04/07/2026 04:39:14 PM
13219B,N,O,04/07/2026 05:20:46 PM
13222A,N,O,04/07/2026 05:30:17 PM
13222B,N,O,04/07/2026 04:36:42 PM
13223A,N,O,04/07/2026 05:03:26 PM
13223B,N,O,04/07/2026 08:56:52 AM
13224B,N,O,04/07/2026 05:29:00 PM
13225A,N,O,04/07/2026 03:44:11 PM
13225B,N,O,04/07/2026 04:55:45 PM
13226A,N,V,04/07/2026 05:20:39 PM
13226B,N,O,04/07/2026 03:46:48 PM
13227A,N,O,04/07/2026 04:59:14 PM
13227B,N,V,04/07/2026 05:17:16 PM
13229B,N,O,04/07/2026 04:57:54 PM
13231A,N,O,04/07/2026 04:49:51 PM
13231B,N,O,04/07/2026 08:58:42 AM
13232A,N,O,04/07/2026 02:31:09 PM
13232B,N,O,04/07/2026 04:38:23 PM
13233B,N,O,04/07/2026 08:56:46 AM
13238A,N,V,04/07/2026 03:46:44 PM
13238B,N,V,04/07/2026 05:09:59 PM
13239A,N,O,04/07/2026 05:13:25 PM
13239B,N,O,04/07/2026 05:36:08 PM
13240A,N,O,04/07/2026 02:03:35 PM
13240B,N,O,04/07/2026 02:09:31 PM
13241B,N,O,04/07/2026 08:58:41 AM
13243B,N,O,04/07/2026 12:02:39 PM
13245B,N,V,04/07/2026 05:26:15 PM
13246A,N,O,04/07/2026 04:29:07 PM
13246B,N,O,04/07/2026 04:08:46 PM
13247A,N,O,04/07/2026 04:58:35 PM
13249A,N,O,04/07/2026 08:55:45 AM
13249B,N,V,04/07/2026 05:14:49 PM
13250A,N,O,04/07/2026 05:34:05 PM
13250B,N,V,04/07/2026 05:35:33 PM
13251A,N,O,04/07/2026 04:45:10 PM
13251B,N,O,04/07/2026 05:36:07 PM
13252A,N,O,04/07/2026 03:47:22 PM
13252B,N,O,04/07/2026 05:29:15 PM
13253A,N,O,04/07/2026 03:51:55 PM
13253B,N,V,04/07/2026 05:36:29 PM
13254A,N,O,04/07/2026 05:03:10 PM
13254B,N,O,04/07/2026 04:10:08 PM
13255A,N,O,04/07/2026 04:21:57 PM
13255B,N,O,04/07/2026 04:21:40 PM
13256B,N,V,04/07/2026 05:31:51 PM
13257A,N,O,04/07/2026 04:23:17 PM
13257B,N,V,04/07/2026 05:20:28 PM
13258B,N,O,04/07/2026 04:58:52 PM
13259A,N,O,03/28/2026 06:55:49 AM
13259B,N,O,04/07/2026 12:06:07 PM
13260A,N,O,04/07/2026 04:25:24 PM
13260B,N,O,04/07/2026 04:24:59 PM
13261A,N,O,04/07/2026 05:36:21 PM
13261B,N,O,04/07/2026 05:18:34 PM
13262A,N,O,04/07/2026 08:57:50 AM
13264A,N,O,04/07/2026 12:39:07 PM
13264B,N,O,04/07/2026 11:12:38 AM
13265A,N,V,04/07/2026 05:31:50 PM
13265B,N,O,04/07/2026 11:35:18 AM
13266A,N,O,04/07/2026 10:27:35 AM
13266B,N,O,04/07/2026 05:29:27 PM
13267A,N,V,04/07/2026 04:48:55 PM
13267B,N,V,04/07/2026 05:15:19 PM
13268A,N,O,04/07/2026 08:56:47 AM
13268B,N,O,04/07/2026 08:56:47 AM
13277A,N,O,04/07/2026 03:04:51 PM
13277B,N,O,04/07/2026 05:26:28 PM
13278A,N,O,04/07/2026 08:56:44 AM
13278B,N,O,04/07/2026 03:42:27 PM
13279A,N,O,04/07/2026 05:28:58 PM
13280A,N,V,04/07/2026 05:33:17 PM
13280B,N,O,04/07/2026 05:13:51 PM
13281A,N,V,04/07/2026 05:21:17 PM
13281B,N,V,04/07/2026 05:36:34 PM
13282A,N,O,04/07/2026 05:32:18 PM
13282B,N,O,04/07/2026 03:43:19 PM
13283A,N,O,04/07/2026 05:24:49 PM
13283B,N,O,04/07/2026 05:07:10 PM
13284A,N,O,04/07/2026 05:14:03 PM
13284B,N,O,04/07/2026 03:23:29 PM
13285B,N,O,04/07/2026 05:30:17 PM
13292A,N,O,04/07/2026 09:57:39 AM
13292B,N,O,04/05/2026 09:57:46 AM
13293A,N,O,04/07/2026 09:56:50 AM
13293B,N,O,04/07/2026 09:56:50 AM
13294A,N,O,04/07/2026 09:55:50 AM
13294B,N,O,04/07/2026 10:10:49 AM
13295B,N,O,04/07/2026 09:59:48 AM
13297A,N,V,04/07/2026 05:28:31 PM
13297B,N,V,04/07/2026 05:12:05 PM
13298A,N,O,04/07/2026 04:11:09 PM
13298B,N,O,04/07/2026 04:55:13 PM
13299A,N,O,04/07/2026 12:40:51 PM
13299B,N,V,04/07/2026 05:32:29 PM
1329A,N,O,04/07/2026 05:33:22 PM
1329B,N,O,04/07/2026 10:16:40 AM
13300A,N,V,04/07/2026 05:28:16 PM
13300B,N,V,04/07/2026 04:52:16 PM
13302A,N,O,04/07/2026 05:16:04 PM
13303A,NU,O,04/07/2026 03:23:42 PM
13303B,NU,V,04/07/2026 04:23:17 PM
13304A,N,O,04/07/2026 05:11:56 PM
13304B,N,V,03/22/2026 08:55:59 AM
13305A,N,V,04/07/2026 05:14:35 PM
13305B,N,V,04/07/2026 05:32:40 PM
13306A,N,V,04/07/2026 05:35:41 PM
13306B,N,V,04/07/2026 04:55:33 PM
13307A,N,O,04/07/2026 04:12:43 PM
13307B,N,O,04/07/2026 04:47:28 PM
13311A,N,O,04/07/2026 03:35:55 PM
13311B,N,V,04/07/2026 05:36:21 PM
13312A,N,O,04/07/2026 05:26:33 PM
13312B,N,O,04/07/2026 01:39:44 PM
13313A,N,O,04/07/2026 05:15:29 PM
13314A,N,O,04/07/2026 05:10:59 PM
13314B,N,O,04/07/2026 03:46:52 PM
13315A,N,V,04/07/2026 04:50:28 PM
13315B,N,O,04/07/2026 04:18:27 PM
13316A,N,O,04/07/2026 03:57:16 PM
13316B,N,O,04/07/2026 05:34:31 PM
13319A,N,O,04/07/2026 03:38:39 PM
13319B,N,O,04/07/2026 03:31:26 PM
13320B,N,O,04/07/2026 04:24:42 PM
13321A,N,O,04/07/2026 01:36:28 PM
13321B,N,V,04/07/2026 05:35:52 PM
13322B,N,O,04/07/2026 04:51:19 PM
13323B,N,O,04/07/2026 05:07:32 PM
13324A,N,V,04/07/2026 04:01:22 PM
13325A,N,O,04/07/2026 04:07:19 PM
13325B,N,V,04/07/2026 12:59:02 PM
13326A,N,O,04/07/2026 04:57:06 PM
13326B,N,V,04/07/2026 05:22:35 PM
13332A,N,V,04/07/2026 05:35:05 PM
13332B,N,V,04/07/2026 05:34:33 PM
13333A,N,O,04/07/2026 12:30:41 PM
13334A,N,O,04/07/2026 12:36:33 PM
13334B,N,V,04/07/2026 12:10:34 PM
13335A,N,O,04/07/2026 05:15:36 PM
13335B,N,O,04/07/2026 05:11:57 PM
13336A,N,V,04/07/2026 05:35:02 PM
13336B,N,V,04/07/2026 04:40:52 PM
13337A,N,O,04/07/2026 03:58:06 PM
13337B,N,V,04/07/2026 04:43:14 PM
13338A,N,V,04/07/2026 04:29:53 PM
13338B,N,V,04/07/2026 04:02:12 PM
13339A,N,O,04/07/2026 05:31:51 PM
13340A,N,V,04/07/2026 05:30:08 PM
13340B,N,O,04/07/2026 05:13:30 PM
13341A,N,V,04/07/2026 05:08:13 PM
13341B,N,O,04/07/2026 03:13:43 PM
13343B,N,V,04/07/2026 05:23:11 PM
13344A,N,O,04/07/2026 05:35:35 PM
13344B,N,O,04/07/2026 05:31:57 PM
13345A,N,O,04/07/2026 03:40:59 PM
13345B,N,V,04/07/2026 05:33:22 PM
13346A,N,V,04/07/2026 04:30:34 PM
13346B,N,V,04/07/2026 04:20:07 PM
13347A,N,V,04/07/2026 05:36:37 PM
13347B,N,V,04/07/2026 05:25:01 PM
13348A,N,O,04/07/2026 05:33:11 PM
13348B,N,O,04/07/2026 05:34:29 PM
13349A,N,O,04/07/2026 08:55:49 AM
1334A,N,O,04/07/2026 05:15:29 PM
1334B,N,O,04/07/2026 05:04:19 PM
13350A,N,V,04/07/2026 04:10:55 PM
13350B,N,V,04/07/2026 05:33:46 PM
13351A,N,O,04/07/2026 12:34:05 PM
13351B,N,O,04/07/2026 05:33:43 PM
13352A,N,O,04/07/2026 05:35:52 PM
13352B,N,O,04/07/2026 05:14:05 PM
13355A,N,V,04/07/2026 04:59:31 PM
13355B,N,V,04/07/2026 05:32:29 PM
13356A,N,V,04/07/2026 04:58:08 PM
13356B,N,O,04/07/2026 02:17:19 PM
13357A,N,O,04/07/2026 05:36:43 PM
13357B,N,O,04/07/2026 05:36:17 PM
13358A,N,V,04/07/2026 05:27:55 PM
13358B,N,O,04/07/2026 08:56:46 AM
13359A,N,O,04/07/2026 04:31:54 PM
13359B,N,O,04/07/2026 08:55:46 AM
1335A,N,O,04/07/2026 05:07:21 PM
1335B,N,O,04/07/2026 03:23:26 PM
1336A,N,V,04/07/2026 05:23:36 PM
1336B,N,V,04/07/2026 05:34:32 PM
1337A,N,O,04/07/2026 10:27:50 AM
1337B,N,O,04/07/2026 05:27:42 PM
13400A,N,O,04/07/2026 12:04:40 PM
13400B,N,O,04/07/2026 04:55:31 PM
13401A,N,O,04/07/2026 01:40:13 PM
13401B,N,O,04/07/2026 08:58:53 AM
13402A,N,O,04/07/2026 05:35:59 PM
13402B,N,O,04/07/2026 03:07:13 PM
13403A,N,O,04/07/2026 05:29:26 PM
13403B,N,O,04/07/2026 12:10:48 PM
13404A,N,O,04/07/2026 12:47:13 PM
13404B,N,O,04/07/2026 03:48:43 PM
13405A,N,O,04/07/2026 05:13:05 PM
13405B,N,O,04/07/2026 03:12:52 PM
13413A,N,O,04/07/2026 05:01:15 PM
13413B,N,O,04/07/2026 08:56:51 AM
13422A,N,O,04/07/2026 05:11:02 PM
13422B,N,O,04/07/2026 05:36:22 PM
13423B,N,O,04/07/2026 09:22:24 AM
13427A,N,V,04/07/2026 05:35:03 PM
13427B,N,V,04/07/2026 04:52:48 PM
13428A,N,V,04/07/2026 05:32:59 PM
13428B,N,V,04/07/2026 05:24:32 PM
13431A,N,V,04/07/2026 05:15:58 PM
13431B,N,V,04/07/2026 03:50:39 PM
13432A,N,O,04/07/2026 01:56:39 PM
13432B,N,O,04/07/2026 05:36:34 PM
13433A,N,V,04/07/2026 05:32:12 PM
13433B,N,O,04/07/2026 05:36:34 PM
13434A,N,V,04/07/2026 05:29:02 PM
13434B,N,O,04/07/2026 05:35:03 PM
13461A,N,O,04/07/2026 04:19:31 PM
13462A,N,O,04/06/2026 08:56:10 PM
13462B,N,O,04/07/2026 05:35:29 PM
13463A,N,O,04/07/2026 05:35:13 PM
13463B,N,V,04/07/2026 01:59:37 PM
13464A,N,V,04/07/2026 03:54:21 PM
13464B,N,V,04/07/2026 05:12:57 PM
13465B,N,V,04/07/2026 05:36:33 PM
13466A,N,O,04/07/2026 05:35:54 PM
13466B,N,O,04/07/2026 05:34:40 PM
13467A,N,V,04/07/2026 05:31:34 PM
13467B,N,V,04/07/2026 04:56:57 PM
13468B,N,O,04/07/2026 04:40:24 PM
13469A,N,O,04/07/2026 04:43:30 PM
13469B,N,O,04/07/2026 04:59:42 PM
13470A,N,O,04/07/2026 04:53:39 PM
13470B,N,O,04/07/2026 04:21:25 PM
13471A,N,O,04/07/2026 04:27:46 PM
13471B,N,O,04/07/2026 05:06:34 PM
13472A,N,O,04/07/2026 04:09:47 PM
13472B,N,V,04/07/2026 05:32:58 PM
13473A,N,O,04/07/2026 05:30:19 PM
13473B,N,V,04/07/2026 05:31:03 PM
13474A,N,O,04/07/2026 05:08:38 PM
13474B,N,O,04/07/2026 05:31:15 PM
13476A,N,O,04/07/2026 05:36:02 PM
13476B,N,V,04/07/2026 05:12:20 PM
13477A,N,V,04/07/2026 04:46:03 PM
13477B,N,V,04/07/2026 02:37:44 PM
13478A,N,O,11/08/2025 11:10:25 AM
13478B,N,O,04/07/2026 04:53:18 PM
13479A,N,V,04/07/2026 05:08:18 PM
13479B,N,O,04/07/2026 01:51:52 PM
13480A,N,V,04/07/2026 05:17:27 PM
13481A,N,V,04/07/2026 05:23:21 PM
13481B,N,O,04/07/2026 05:34:07 PM
13482A,N,V,04/07/2026 05:36:24 PM
13482B,N,O,04/07/2026 05:35:26 PM
13484A,N,O,04/07/2026 05:29:47 PM
13484B,N,O,04/07/2026 05:35:14 PM
13485B,N,O,04/07/2026 02:08:44 PM
13486A,N,V,04/07/2026 12:38:18 PM
13487A,N,O,04/07/2026 05:00:28 PM
13487B,N,O,04/07/2026 03:11:04 PM
13488A,N,V,04/07/2026 03:03:38 PM
13488B,N,V,04/07/2026 04:59:55 PM
13489B,N,O,04/07/2026 05:36:18 PM
13490A,N,O,04/07/2026 04:58:22 PM
13490B,N,O,04/07/2026 02:49:37 PM
13491B,N,O,04/07/2026 11:55:39 AM
13496A,N,O,04/07/2026 09:54:43 AM
13496B,N,O,04/07/2026 05:21:42 PM
13497A,N,V,04/07/2026 05:22:03 PM
13497B,N,O,04/07/2026 05:25:09 PM
13498A,N,V,04/07/2026 03:09:58 PM
13498B,N,O,04/07/2026 05:18:18 PM
13499A,N,O,04/07/2026 04:50:31 PM
13499B,N,O,04/07/2026 05:35:37 PM
13521A,N,O,04/07/2026 04:58:21 PM
13521B,N,O,04/07/2026 04:44:29 PM
13522A,N,O,04/07/2026 05:36:22 PM
13522B,N,V,04/07/2026 04:21:36 PM
13523B,N,O,04/07/2026 04:57:31 PM
13524A,N,V,04/07/2026 03:53:15 PM
13524B,N,V,04/07/2026 04:17:45 PM
13525B,N,O,04/07/2026 04:44:40 PM
13526A,N,V,04/07/2026 05:27:11 PM
13526B,N,O,04/07/2026 12:25:12 PM
13527A,N,V,04/07/2026 01:44:40 PM
13527B,N,O,04/07/2026 08:57:46 AM
13528B,N,O,04/07/2026 05:36:32 PM
13529A,N,V,04/07/2026 05:30:55 PM
13529B,N,V,04/07/2026 05:33:40 PM
13534B,N,V,04/07/2026 05:35:00 PM
13535A,N,O,04/07/2026 03:17:52 PM
13536A,N,O,04/07/2026 05:36:41 PM
13536B,N,O,04/07/2026 05:36:08 PM
13537B,N,V,04/07/2026 04:52:29 PM
13538A,N,V,04/06/2026 03:31:20 PM
13538B,N,O,04/07/2026 11:05:46 AM
13539B,N,V,04/07/2026 12:29:12 PM
13541B,N,O,04/07/2026 05:23:33 PM
13542B,N,O,04/07/2026 04:50:45 PM
13543A,N,V,04/07/2026 05:22:48 PM
13543B,N,O,04/07/2026 04:42:56 PM
13544A,N,O,04/07/2026 05:09:13 PM
13544B,N,O,04/07/2026 02:20:58 PM
13545A,N,O,04/07/2026 04:54:54 PM
13546A,N,O,04/07/2026 03:21:39 PM
13546B,N,O,04/07/2026 04:14:47 PM
13551A,N,O,04/07/2026 04:22:43 PM
13551B,N,O,04/07/2026 03:55:32 PM
13552A,N,O,04/07/2026 03:26:25 PM
13552B,N,O,04/07/2026 04:29:03 PM
13553A,N,O,04/07/2026 01:43:53 PM
13553B,N,O,04/07/2026 08:56:52 AM
13554A,N,O,04/07/2026 04:34:40 PM
13554B,N,O,04/07/2026 03:09:18 PM
13561A,N,O,04/07/2026 08:58:48 AM
13561B,N,O,04/07/2026 08:59:41 AM
13562A,N,V,04/07/2026 05:01:22 PM
13562B,N,V,04/07/2026 05:33:25 PM
13563A,N,O,04/07/2026 12:42:48 PM
13563B,N,O,04/07/2026 05:36:38 PM
13564A,N,O,04/07/2026 05:25:57 PM
13564B,N,O,04/07/2026 01:50:39 PM
13565A,N,O,04/07/2026 05:04:14 PM
13565B,N,O,04/07/2026 05:05:24 PM
13566A,N,V,04/07/2026 05:36:24 PM
13566B,N,V,04/07/2026 05:36:20 PM
13567A,N,V,04/07/2026 05:36:19 PM
13567B,N,O,04/07/2026 08:57:42 AM
13568A,N,O,04/07/2026 05:36:35 PM
13568B,N,O,04/07/2026 03:49:27 PM
13572B,N,V,04/07/2026 05:12:30 PM
13573B,N,V,04/07/2026 04:51:33 PM
13583A,N,V,04/07/2026 05:08:53 PM
13583B,N,O,04/07/2026 05:36:24 PM
13585A,N,V,04/07/2026 05:28:13 PM
13585B,N,O,04/07/2026 05:02:39 PM
13595A,N,O,04/07/2026 05:36:31 PM
13595B,N,V,04/07/2026 05:34:16 PM
13596A,N,V,04/07/2026 05:36:19 PM
13596B,N,O,12/13/2025 07:40:13 AM
13602A,N,O,04/07/2026 08:58:03 AM
13603A,N,V,04/07/2026 04:29:24 PM
13603B,N,V,04/07/2026 02:19:55 PM
13604A,N,V,04/07/2026 05:30:08 PM
13604B,N,V,04/07/2026 05:36:28 PM
13610B,N,O,04/07/2026 05:36:02 PM
13611A,N,V,04/07/2026 04:30:50 PM
13611B,N,V,04/07/2026 05:00:37 PM
13612A,N,O,04/07/2026 05:24:10 PM
13612B,N,V,04/07/2026 05:24:54 PM
13613A,N,V,04/07/2026 05:12:15 PM
13613B,N,O,04/07/2026 05:12:38 PM
13617A,N,V,04/07/2026 04:04:10 PM
13617B,N,O,04/07/2026 08:57:49 AM
13618A,N,V,04/07/2026 04:48:11 PM
13618B,N,V,04/07/2026 03:39:06 PM
13619B,N,O,04/07/2026 08:55:46 AM
13620B,N,V,04/07/2026 04:50:32 PM
13624A,N,O,04/07/2026 05:35:00 PM
13624B,N,V,04/07/2026 05:04:02 PM
13628B,N,O,04/07/2026 09:09:20 AM
13635A,N,O,04/07/2026 05:20:36 PM
13635B,N,V,04/07/2026 04:30:03 PM
13636A,N,O,04/07/2026 10:43:35 AM
13636B,N,O,04/07/2026 04:12:19 PM
13646A,N,O,04/07/2026 05:23:57 PM
13646B,N,O,04/07/2026 05:17:33 PM
13647A,N,V,04/07/2026 05:35:00 PM
13647B,N,V,04/07/2026 04:27:56 PM
13648A,N,O,04/07/2026 05:36:11 PM
13648B,N,V,04/07/2026 05:01:18 PM
13649A,N,V,04/07/2026 05:20:29 PM
13649B,N,V,04/07/2026 05:04:42 PM
13650A,N,V,04/07/2026 05:13:23 PM
13650B,N,O,04/07/2026 05:35:33 PM
13651B,N,O,04/07/2026 03:12:26 PM
13652A,N,V,04/07/2026 04:09:40 PM
13652B,N,V,04/07/2026 05:31:19 PM
13654A,N,V,04/07/2026 05:27:11 PM
13654B,N,O,04/07/2026 05:32:56 PM
13655A,N,V,04/07/2026 05:35:33 PM
13655B,N,V,04/07/2026 05:11:13 PM
13656A,N,O,04/07/2026 05:30:45 PM
13656B,N,O,04/07/2026 05:30:49 PM
13658A,N,V,04/07/2026 02:28:54 PM
13658B,N,O,04/07/2026 04:50:21 PM
13659A,N,V,04/07/2026 04:26:45 PM
13659B,N,V,04/07/2026 04:04:20 PM
13660B,N,O,04/07/2026 05:32:13 PM
13661A,N,V,04/07/2026 05:36:41 PM
13662B,N,V,04/07/2026 02:49:47 PM
13663A,N,O,04/07/2026 05:36:01 PM
13663B,N,V,04/07/2026 04:39:28 PM
13672A,N,V,04/07/2026 05:35:43 PM
13672B,N,O,04/07/2026 02:45:21 PM
13673A,N,V,04/07/2026 03:32:35 PM
13673B,N,V,04/07/2026 04:55:43 PM
13674A,N,V,04/07/2026 05:20:08 PM
13674B,N,O,04/07/2026 04:34:57 PM
13675A,N,V,04/07/2026 04:43:37 PM
13675B,N,V,04/07/2026 05:14:31 PM
13676A,N,V,04/07/2026 11:13:29 AM
13676B,N,O,04/07/2026 04:07:11 PM
13677A,N,V,04/07/2026 05:34:04 PM
13678A,N,O,04/07/2026 01:22:07 PM
13678B,N,V,04/07/2026 05:35:21 PM
13679B,N,V,04/07/2026 05:33:13 PM
13682A,N,V,04/07/2026 05:18:27 PM
13682B,N,O,04/07/2026 12:38:34 PM
13683A,N,O,04/07/2026 02:17:17 PM
13683B,N,V,04/07/2026 04:51:32 PM
13684A,N,V,04/07/2026 05:28:52 PM
13684B,N,O,04/07/2026 05:34:12 PM
13695A,N,O,04/07/2026 05:31:57 PM
13695B,N,V,04/07/2026 03:25:19 PM
13696A,N,O,04/07/2026 05:36:49 PM
13696B,N,V,04/07/2026 03:28:49 PM
13697A,N,V,04/07/2026 03:31:55 PM
13697B,N,V,04/07/2026 05:24:29 PM
13698A,N,O,04/07/2026 08:56:49 AM
13698B,N,O,04/07/2026 05:04:11 PM
13700A,N,V,04/07/2026 10:47:46 AM
13700B,N,V,04/07/2026 03:30:41 PM
13704B,N,O,04/07/2026 02:52:29 PM
13705A,N,O,04/07/2026 02:52:02 PM
13705B,N,O,04/07/2026 03:17:58 PM
13706A,N,O,04/07/2026 03:02:18 PM
13706B,N,O,04/07/2026 08:58:46 AM
13711A,N,V,04/07/2026 05:29:59 PM
13711B,N,O,04/07/2026 02:31:35 PM
13712A,N,O,04/07/2026 05:26:08 PM
13712B,N,O,04/07/2026 04:16:21 PM
13713A,N,O,04/07/2026 05:20:33 PM
13713B,N,O,04/07/2026 04:13:15 PM
13714A,N,O,04/07/2026 03:38:27 PM
13714B,N,O,04/07/2026 03:36:30 PM
13881A,N,O,04/07/2026 05:02:49 PM
13881B,N,O,04/07/2026 09:58:42 AM
13882A,N,V,04/07/2026 05:31:23 PM
13882B,N,V,04/07/2026 05:26:38 PM
13883A,N,O,04/07/2026 04:32:50 PM
13883B,N,O,04/07/2026 04:52:03 PM
13884A,N,O,04/07/2026 05:20:09 PM
13884B,N,O,04/07/2026 05:32:14 PM
13885A,N,O,04/07/2026 05:23:15 PM
13885B,N,O,04/07/2026 04:47:07 PM
13886A,N,O,04/07/2026 09:58:55 AM
13886B,N,O,04/07/2026 09:58:48 AM
13887A,N,O,04/07/2026 08:57:49 AM
13887B,N,O,04/07/2026 08:57:53 AM
13888A,N,O,04/07/2026 04:26:35 PM
13888B,N,O,04/07/2026 05:11:39 PM
13889A,N,O,04/07/2026 04:54:56 PM
13889B,N,O,04/07/2026 05:07:01 PM
13893A,N,O,04/07/2026 02:15:44 PM
13893B,N,V,04/07/2026 04:12:16 PM
13896A,N,V,04/07/2026 03:36:31 PM
13896B,N,O,04/07/2026 04:01:27 PM
13901A,N,O,04/07/2026 08:58:49 AM
13902A,N,O,04/07/2026 05:22:56 PM
13902B,N,O,04/07/2026 11:42:44 AM
13903A,N,O,04/07/2026 04:27:38 PM
13904A,N,O,04/07/2026 02:20:34 PM
13904B,N,O,04/07/2026 02:32:13 PM
13905A,N,O,04/07/2026 04:33:37 PM
13905B,N,O,04/07/2026 08:59:47 AM
13906A,N,O,04/07/2026 02:33:03 PM
13907A,N,O,04/07/2026 05:16:38 PM
13907B,N,O,04/07/2026 04:42:24 PM
13908A,N,O,04/07/2026 03:33:04 PM
13908B,N,O,04/07/2026 05:26:53 PM
13909A,N,O,04/07/2026 04:03:43 PM
13909B,N,O,04/07/2026 02:05:10 PM
13910A,N,O,04/07/2026 04:45:47 PM
13910B,N,O,04/07/2026 01:56:52 PM
13911A,N,O,04/07/2026 04:44:20 PM
13911B,N,O,04/07/2026 03:57:29 PM
13912A,N,O,04/07/2026 04:25:04 PM
13912B,N,O,04/07/2026 05:04:42 PM
13913A,N,O,04/07/2026 12:20:31 PM
13913B,N,O,04/07/2026 05:22:18 PM
13914A,N,O,04/07/2026 05:21:49 PM
13914B,N,O,04/07/2026 02:37:54 PM
13915B,N,O,04/07/2026 05:08:48 PM
13916A,N,O,04/07/2026 05:10:05 PM
13916B,N,O,04/07/2026 05:24:22 PM
13917A,N,O,04/07/2026 03:51:36 PM
13917B,N,O,04/07/2026 11:48:41 AM
13918A,N,O,04/07/2026 05:12:44 PM
13918B,N,O,04/07/2026 05:15:51 PM
13919A,N,O,04/07/2026 05:34:03 PM
13920A,NU,O,04/07/2026 08:59:48 AM
13920B,NU,O,04/07/2026 03:45:59 PM
13921A,N,O,04/07/2026 01:17:26 PM
13921B,N,O,04/07/2026 03:36:51 PM
13922A,N,O,04/07/2026 10:38:55 AM
13922B,N,O,04/07/2026 10:38:55 AM
13923A,N,O,04/07/2026 04:33:04 PM
13923B,N,O,04/07/2026 08:56:50 AM
13924A,N,O,04/07/2026 05:22:27 PM
13924B,N,O,04/07/2026 08:55:46 AM
13925A,N,O,04/07/2026 05:26:53 PM
13925B,N,O,04/07/2026 03:58:33 PM
13926A,N,O,04/07/2026 05:24:33 PM
13926B,N,O,04/07/2026 08:58:52 AM
13927A,N,O,04/07/2026 08:57:47 AM
13927B,N,O,04/07/2026 09:29:10 AM
13928A,N,O,04/07/2026 08:56:55 AM
13928B,N,O,04/07/2026 08:56:55 AM
13929A,N,O,04/07/2026 09:10:40 AM
13931A,N,O,04/07/2026 04:50:23 PM
13931B,N,O,04/07/2026 05:25:30 PM
13932A,N,V,04/07/2026 05:31:47 PM
13932B,N,O,04/07/2026 05:36:40 PM
13933A,N,O,04/07/2026 05:14:10 PM
13933B,N,O,04/07/2026 04:49:50 PM
13934A,N,O,04/07/2026 05:27:50 PM
13934B,N,O,04/07/2026 05:24:26 PM
13935A,N,O,04/07/2026 05:33:58 PM
13935B,N,O,04/07/2026 12:49:53 PM
13936A,N,O,04/07/2026 09:46:26 AM
13936B,N,O,04/07/2026 10:47:21 AM
13937A,N,O,04/07/2026 09:57:46 AM
13937B,N,O,04/07/2026 05:00:33 PM
13938A,N,O,04/07/2026 09:56:46 AM
13938B,N,O,04/06/2026 01:47:49 PM
13939A,N,O,04/07/2026 09:55:42 AM
13941A,N,O,04/07/2026 04:29:06 PM
13941B,N,V,04/07/2026 03:12:44 PM
13942A,N,O,04/07/2026 08:57:48 AM
13942B,N,O,04/07/2026 08:57:48 AM
13943A,N,O,04/07/2026 08:56:47 AM
13943B,N,O,04/07/2026 08:56:47 AM
13944A,N,O,04/07/2026 11:16:12 AM
13944B,N,O,04/07/2026 09:55:46 AM
13945B,N,O,04/07/2026 04:11:59 PM
13946A,N,O,04/07/2026 04:28:02 PM
13946B,N,O,04/07/2026 08:58:51 AM
13950A,N,O,04/07/2026 01:57:31 PM
13950B,N,O,04/07/2026 04:30:31 PM
13951A,N,O,04/07/2026 11:02:20 AM
13951B,N,O,04/07/2026 04:34:03 PM
13952A,N,O,04/07/2026 01:45:35 PM
13952B,N,O,04/07/2026 04:15:58 PM
13953A,N,V,04/07/2026 05:34:37 PM
13953B,N,O,04/07/2026 05:28:11 PM
13954A,N,O,04/07/2026 12:26:37 PM
13954B,N,O,04/07/2026 04:31:07 PM
13955A,N,V,04/07/2026 05:24:03 PM
13955B,N,O,04/07/2026 05:31:02 PM
13956A,N,O,04/07/2026 04:20:20 PM
13956B,N,O,04/07/2026 03:02:40 PM
13957A,N,O,04/07/2026 02:15:29 PM
13957B,N,O,04/07/2026 04:09:36 PM
13958A,N,O,04/07/2026 02:04:05 PM
13958B,N,O,04/07/2026 10:47:41 AM
13960A,N,O,04/07/2026 02:45:46 PM
13960B,N,O,04/07/2026 08:59:54 AM
13961A,N,O,04/07/2026 03:56:32 PM
13961B,N,O,04/07/2026 04:32:40 PM
13962A,N,O,04/07/2026 08:57:57 AM
13962B,N,O,04/07/2026 04:42:26 PM
13963A,N,O,04/07/2026 05:04:33 PM
13963B,N,O,04/07/2026 04:37:52 PM
13964A,N,O,04/07/2026 04:34:58 PM
13964B,N,O,04/06/2026 11:47:44 AM
13965A,N,O,04/07/2026 08:59:53 AM
13A,NU,V,02/25/2026 11:46:20 PM
13B,NU,O,02/25/2026 11:59:12 PM
14002A,N,O,04/07/2026 05:11:55 PM
14003A,N,O,04/07/2026 05:36:37 PM
14003B,N,V,04/07/2026 05:24:27 PM
14004A,N,V,04/07/2026 05:21:59 PM
14004B,N,V,04/07/2026 05:15:07 PM
14005A,N,V,04/07/2026 04:32:26 PM
14005B,NU,V,04/07/2026 05:31:13 PM
14006A,N,V,04/07/2026 03:59:15 PM
14006B,N,V,04/07/2026 01:20:00 PM
14007B,N,V,04/07/2026 04:03:30 PM
14011A,N,O,04/07/2026 04:59:53 PM
14011B,N,V,04/07/2026 05:35:46 PM
14012A,N,O,04/07/2026 02:53:55 PM
14012B,N,O,04/07/2026 01:38:53 PM
14013A,N,O,04/07/2026 05:13:21 PM
14013B,N,V,04/07/2026 05:32:46 PM
14014A,N,O,04/07/2026 05:27:06 PM
14014B,N,O,04/07/2026 04:39:59 PM
14015A,N,O,04/07/2026 04:32:21 PM
14015B,NU,O,04/07/2026 04:22:12 PM
14016A,N,O,04/07/2026 04:24:53 PM
14016B,N,O,04/07/2026 04:15:44 PM
14017A,N,O,04/07/2026 05:16:20 PM
14017B,N,O,04/07/2026 04:41:35 PM
14018A,N,O,04/07/2026 04:31:09 PM
14018B,N,O,04/07/2026 03:48:08 PM
14019A,N,O,04/07/2026 05:23:13 PM
14019B,N,O,04/07/2026 04:47:34 PM
14020A,N,O,04/07/2026 02:20:18 PM
14020B,NU,O,04/07/2026 01:44:22 PM
1443A,N,O,04/07/2026 05:10:45 PM
1443B,N,O,04/07/2026 04:01:09 PM
1444A,N,O,04/07/2026 04:44:13 PM
1444B,N,O,04/07/2026 05:10:46 PM
1445A,N,O,04/07/2026 05:22:45 PM
1445B,N,O,04/07/2026 05:35:53 PM
1446A,N,O,04/07/2026 03:50:12 PM
1447A,N,O,04/07/2026 01:32:51 PM
1447B,N,O,04/06/2026 08:01:05 PM
1448A,N,O,04/07/2026 08:56:49 AM
1448B,N,V,04/07/2026 04:56:35 PM
1449A,N,O,04/07/2026 03:40:57 PM
1449B,N,O,04/07/2026 04:07:57 PM
1450A,N,O,04/07/2026 10:32:31 AM
1450B,N,O,04/07/2026 05:33:39 PM
1451A,N,O,04/07/2026 02:33:27 PM
1451B,N,O,04/07/2026 04:41:11 PM
1452A,N,O,04/07/2026 11:42:58 AM
1452B,N,O,04/07/2026 04:58:56 PM
1453A,N,O,04/07/2026 08:57:07 AM
1453B,N,O,04/07/2026 05:14:13 PM
1454A,N,O,04/07/2026 01:47:57 PM
1454B,N,O,04/07/2026 03:58:43 PM
1455A,N,O,04/07/2026 11:59:48 AM
1455B,N,O,04/07/2026 05:09:11 PM
1456A,N,O,04/07/2026 05:36:44 PM
1456B,N,V,04/07/2026 05:36:22 PM
1457B,N,O,04/07/2026 08:57:45 AM
1458A,N,O,04/07/2026 02:44:41 PM
1458B,N,O,04/07/2026 02:34:47 PM
1459A,N,O,04/07/2026 08:55:48 AM
1459B,N,O,04/07/2026 02:37:59 PM
1460A,N,O,04/07/2026 05:05:40 PM
1460B,N,O,04/07/2026 08:59:58 AM
1461A,N,O,04/07/2026 04:54:26 PM
1461B,N,O,04/07/2026 05:31:47 PM
1464A,N,O,04/07/2026 05:00:48 PM
1465A,N,O,04/07/2026 08:59:49 AM
1465B,N,O,04/07/2026 08:59:49 AM
1466A,N,O,04/07/2026 08:58:47 AM
1466B,N,O,04/07/2026 09:35:33 AM
1467A,N,O,04/07/2026 02:44:07 PM
1467B,N,O,04/07/2026 08:57:45 AM
1479A,N,O,04/07/2026 02:48:47 PM
1479B,N,O,04/07/2026 03:37:09 PM
1480A,N,O,04/07/2026 03:48:17 PM
1480B,N,O,04/07/2026 12:42:34 PM
149A,N,O,04/07/2026 11:55:40 AM
149B,N,O,04/07/2026 12:50:09 PM
14A,NU,O,04/07/2026 04:12:43 PM
14B,NU,O,04/07/2026 04:20:45 PM
150A,N,O,04/07/2026 11:46:52 AM
150B,N,V,04/07/2026 05:02:39 PM
1515A,N,V,04/07/2026 04:55:11 PM
1515B,N,O,04/07/2026 05:01:52 PM
1516A,N,O,04/07/2026 04:48:35 PM
1516B,N,O,04/07/2026 04:14:27 PM
1517A,N,O,04/07/2026 05:15:03 PM
1517B,N,V,04/07/2026 05:36:17 PM
1518A,N,V,04/07/2026 05:13:30 PM
1518B,N,V,04/07/2026 05:22:47 PM
1519A,N,O,01/22/2026 12:31:26 PM
151A,N,O,04/07/2026 08:46:15 AM
151B,N,V,04/07/2026 03:59:09 PM
1520A,N,O,04/07/2026 05:02:39 PM
1521A,N,O,04/07/2026 04:47:02 PM
1521B,N,V,04/07/2026 03:59:34 PM
1522B,N,O,04/07/2026 05:15:48 PM
1523A,N,V,04/07/2026 04:56:10 PM
1523B,N,V,04/07/2026 04:55:37 PM
1524A,N,V,04/07/2026 05:31:18 PM
1524B,N,O,04/07/2026 05:31:54 PM
1525A,N,V,04/07/2026 05:33:06 PM
1525B,N,O,04/07/2026 04:37:00 PM
1526A,N,V,04/07/2026 04:57:32 PM
1526B,N,O,04/07/2026 05:35:43 PM
152A,N,O,04/07/2026 06:57:46 AM
152B,N,V,04/07/2026 12:13:50 PM
153A,N,O,04/07/2026 02:37:28 PM
153B,N,O,04/07/2026 04:42:14 PM
154A,N,O,12/27/2025 11:51:56 AM
154B,N,O,12/27/2025 06:55:48 AM
1553A,N,O,04/07/2026 04:05:10 PM
1553B,N,O,04/07/2026 04:32:30 PM
1554A,N,O,04/07/2026 05:33:27 PM
1554B,N,O,04/07/2026 05:25:03 PM
1555A,N,O,04/07/2026 03:35:24 PM
1555B,N,V,04/07/2026 05:33:57 PM
1556A,N,O,04/07/2026 10:15:03 AM
1558A,N,O,04/07/2026 02:35:47 PM
1558B,N,O,04/07/2026 05:16:04 PM
155A,N,O,04/07/2026 05:33:40 PM
155B,N,O,04/07/2026 05:10:51 PM
1560A,N,O,04/07/2026 01:32:43 PM
1560B,N,O,04/07/2026 12:58:11 PM
1569B,N,O,04/07/2026 03:30:16 PM
156A,N,V,04/07/2026 05:20:34 PM
1570A,N,O,04/07/2026 05:29:44 PM
1570B,N,O,04/07/2026 08:59:45 AM
157B,N,O,04/07/2026 05:20:58 PM
158A,N,O,04/07/2026 05:20:52 PM
158B,N,O,04/07/2026 01:42:49 PM
1597A,N,O,04/07/2026 05:17:30 PM
1597B,N,O,04/07/2026 10:27:50 AM
1598A,N,O,04/07/2026 08:56:52 AM
1599A,N,O,04/07/2026 05:26:19 PM
1599B,N,O,04/07/2026 01:36:21 PM
159A,N,O,04/07/2026 05:36:31 PM
159B,N,V,04/07/2026 05:15:52 PM
15A,NU,O,04/07/2026 05:28:51 PM
1600A,N,O,04/07/2026 08:59:48 AM
1600B,N,O,04/07/2026 08:59:48 AM
1601A,N,O,04/07/2026 04:04:33 PM
1601B,N,V,04/07/2026 05:02:42 PM
1604A,N,V,04/07/2026 03:01:35 PM
1604B,N,O,04/07/2026 05:21:53 PM
1605A,N,O,04/07/2026 03:56:17 PM
1605B,N,O,04/07/2026 03:30:48 PM
1606A,N,O,04/07/2026 04:48:22 PM
1606B,N,O,04/07/2026 12:49:48 PM
1607A,N,O,04/07/2026 04:49:24 PM
1607B,N,O,04/07/2026 05:33:27 PM
1608A,N,V,04/07/2026 04:52:41 PM
1608B,N,V,04/07/2026 05:05:19 PM
1609A,N,O,04/07/2026 04:28:11 PM
1609B,N,V,04/07/2026 05:34:24 PM
1610A,N,O,04/07/2026 04:52:37 PM
1610B,N,O,04/07/2026 05:29:34 PM
1611A,N,V,04/07/2026 04:26:05 PM
1611B,N,V,04/07/2026 04:55:17 PM
1612A,N,O,04/07/2026 05:35:51 PM
1612B,N,O,04/07/2026 04:00:25 PM
1613A,N,O,04/07/2026 02:11:31 PM
1613B,N,V,04/07/2026 04:54:26 PM
1614A,N,V,04/07/2026 05:19:19 PM
1614B,N,O,04/07/2026 05:19:23 PM
1615A,N,V,04/07/2026 05:28:34 PM
1615B,N,O,04/07/2026 05:17:09 PM
1616A,N,O,04/07/2026 04:30:47 PM
1616B,N,V,04/07/2026 05:36:41 PM
1617A,N,O,04/07/2026 05:36:43 PM
1617B,N,O,04/07/2026 05:28:36 PM
1618A,N,O,04/07/2026 04:40:11 PM
1618B,N,O,04/07/2026 04:59:39 PM
1619A,N,O,04/07/2026 12:23:53 PM
1619B,N,O,04/07/2026 08:55:47 AM
1620A,N,O,04/07/2026 05:15:27 PM
1620B,N,O,04/07/2026 05:22:51 PM
1621A,N,O,04/07/2026 04:36:33 PM
1621B,N,V,04/07/2026 05:23:33 PM
1622A,N,O,04/07/2026 05:18:43 PM
1622B,N,O,04/07/2026 03:31:41 PM
1623A,N,O,04/07/2026 05:34:20 PM
1623B,N,O,04/07/2026 05:19:38 PM
1624A,N,O,04/07/2026 09:39:47 AM
1624B,N,V,04/07/2026 05:33:47 PM
1625A,N,O,04/07/2026 01:10:37 PM
1625B,N,O,04/07/2026 04:48:55 PM
1626A,N,O,04/07/2026 05:22:00 PM
1626B,N,O,04/07/2026 04:02:04 PM
1627A,N,O,04/07/2026 11:16:12 AM
1627B,N,O,04/07/2026 04:41:14 PM
1628A,N,O,04/07/2026 04:12:21 PM
1628B,N,O,04/07/2026 02:14:55 PM
1629A,N,V,04/07/2026 05:31:49 PM
1629B,N,O,04/07/2026 05:33:03 PM
1641A,N,O,04/07/2026 05:33:56 PM
1642A,N,O,04/07/2026 02:52:11 PM
1642B,N,O,04/07/2026 03:56:09 PM
1643A,N,O,04/07/2026 09:42:22 AM
1643B,N,O,04/07/2026 05:10:39 PM
1644A,N,O,04/07/2026 05:19:26 PM
1644B,N,O,04/07/2026 05:31:58 PM
1645A,N,O,04/07/2026 04:06:06 PM
1645B,N,O,04/07/2026 04:09:46 PM
1646A,N,O,04/07/2026 05:00:38 PM
1646B,N,O,04/07/2026 04:12:51 PM
1647A,N,O,04/07/2026 03:44:13 PM
1647B,N,O,04/07/2026 03:18:50 PM
1648A,N,O,04/07/2026 04:03:39 PM
1648B,N,V,01/19/2026 12:33:29 PM
1649A,N,V,04/07/2026 05:20:42 PM
1649B,N,O,04/07/2026 04:10:44 PM
1650A,N,V,04/07/2026 05:28:32 PM
1650B,N,O,04/07/2026 04:09:06 PM
1651A,N,V,04/07/2026 04:57:12 PM
1651B,N,V,04/07/2026 05:33:54 PM
1652A,N,O,04/07/2026 05:35:54 PM
1652B,N,O,04/07/2026 01:45:14 PM
1653A,N,V,04/07/2026 03:54:53 PM
1653B,N,V,04/07/2026 05:11:51 PM
1654A,N,V,04/07/2026 05:17:29 PM
1654B,N,V,04/07/2026 05:17:32 PM
1655A,N,O,04/07/2026 01:44:18 PM
1655B,N,O,04/07/2026 03:58:30 PM
1656A,N,O,04/07/2026 05:33:25 PM
1656B,N,V,04/07/2026 05:21:10 PM
1657A,NU,O,04/07/2026 10:26:48 AM
1657B,NU,O,04/07/2026 01:28:21 PM
16A,NU,O,04/07/2026 04:38:46 PM
16B,NU,O,04/07/2026 04:48:46 PM
1791A,N,O,04/07/2026 10:29:08 AM
1791B,N,O,04/07/2026 05:24:18 PM
1792A,N,O,04/07/2026 01:22:10 PM
1792B,N,O,04/07/2026 05:17:33 PM
1793A,N,O,04/07/2026 10:27:14 AM
1793B,N,O,04/07/2026 02:38:37 PM
1794A,N,O,04/07/2026 10:26:56 AM
1794B,N,O,04/07/2026 04:20:06 PM
1795A,N,O,04/07/2026 04:20:41 PM
1795B,N,O,04/07/2026 04:29:08 PM
17A,NU,O,04/07/2026 03:52:50 PM
18A,N,O,04/07/2026 03:57:52 PM
18B,N,O,04/07/2026 03:13:48 PM
1900A,N,O,04/07/2026 02:52:36 PM
1900B,N,O,04/07/2026 08:59:43 AM
1901A,N,O,04/07/2026 05:09:19 PM
1901B,N,V,04/07/2026 03:11:00 PM
1908B,N,O,04/07/2026 08:56:45 AM
1909A,N,O,04/07/2026 03:35:57 PM
1910A,N,O,04/07/2026 10:58:39 AM
1911A,N,O,04/07/2026 06:58:46 AM
1911B,N,O,04/07/2026 04:20:52 PM
1912A,N,O,04/07/2026 05:16:16 PM
1912B,N,O,04/07/2026 02:05:33 PM
1913A,N,O,04/07/2026 03:56:09 PM
1913B,N,O,04/07/2026 05:01:42 PM
1914A,N,O,04/07/2026 05:27:27 PM
1914B,N,O,04/07/2026 05:27:51 PM
1915A,N,O,04/07/2026 04:40:08 PM
1915B,N,O,04/07/2026 05:18:27 PM
1916A,N,O,04/07/2026 05:28:26 PM
1916B,N,O,04/07/2026 02:36:15 PM
1917A,N,O,04/07/2026 04:13:10 PM
1917B,N,V,04/07/2026 05:34:13 PM
1918A,N,O,04/07/2026 02:51:37 PM
1918B,N,O,04/07/2026 08:56:45 AM
1919B,N,O,04/07/2026 10:42:31 AM
191A,N,O,04/07/2026 10:28:52 AM
191B,N,O,04/07/2026 05:04:19 PM
1920A,N,O,04/07/2026 12:23:16 PM
1920B,N,O,04/07/2026 08:59:50 AM
1921A,N,O,04/07/2026 08:58:52 AM
1921B,N,O,04/07/2026 02:02:24 PM
1922A,N,O,04/07/2026 03:22:21 PM
1922B,N,O,04/07/2026 03:37:03 PM
1923A,N,O,04/07/2026 10:29:39 AM
1923B,N,O,04/07/2026 05:25:19 PM
1924A,N,O,04/07/2026 04:39:44 PM
1924B,N,O,04/07/2026 04:32:35 PM
192A,N,O,04/07/2026 04:06:23 PM
192B,N,O,04/07/2026 10:28:21 AM
1931B,N,O,04/02/2026 06:58:52 AM
1932A,N,O,04/02/2026 08:39:45 AM
1932B,N,O,04/02/2026 06:57:48 AM
1933A,N,O,04/02/2026 06:56:51 AM
1933B,N,O,04/02/2026 06:57:01 AM
1934A,N,O,04/02/2026 06:55:50 AM
1934B,N,O,04/02/2026 09:32:03 AM
1935A,N,O,04/02/2026 02:07:25 PM
1935B,N,O,04/02/2026 07:00:01 AM
1936A,N,O,04/02/2026 06:58:49 AM
1936B,N,O,04/02/2026 08:33:31 AM
1937A,N,O,04/02/2026 06:57:57 AM
1937B,N,O,04/02/2026 08:15:08 AM
1938A,N,O,04/02/2026 06:56:55 AM
1938B,N,O,04/02/2026 06:56:55 AM
1939A,N,O,04/02/2026 07:27:15 AM
1939B,N,O,04/02/2026 01:55:23 PM
1940A,N,O,04/02/2026 06:59:45 AM
1941A,N,O,04/02/2026 05:11:32 PM
1941B,N,O,04/02/2026 06:58:49 AM
1942A,N,O,04/02/2026 06:57:52 AM
1942B,N,O,04/02/2026 06:46:03 PM
1945B,N,O,04/02/2026 05:13:49 PM
1946A,N,O,04/02/2026 02:43:42 PM
1946B,N,O,04/02/2026 09:46:13 AM
1947A,N,O,04/02/2026 05:47:27 PM
1947B,N,O,04/02/2026 11:53:17 AM
1950B,N,O,04/07/2026 03:13:14 PM
1951A,N,O,04/07/2026 04:11:43 PM
1952A,N,O,01/20/2026 01:18:47 PM
1952B,N,O,01/20/2026 01:17:26 PM
1953A,N,O,04/07/2026 11:26:26 AM
1954A,N,O,04/07/2026 04:51:18 PM
1954B,N,O,04/07/2026 03:47:47 PM
1957A,N,O,04/05/2026 01:38:27 PM
1958A,N,V,04/07/2026 05:21:09 PM
1958B,N,V,04/07/2026 05:16:37 PM
198A,N,V,04/07/2026 04:53:07 PM
198B,N,V,04/07/2026 05:07:16 PM
199B,N,V,04/07/2026 02:38:49 PM
19A,N,O,04/07/2026 04:26:04 PM
19B,N,O,04/07/2026 04:52:08 PM
1A,N,O,04/07/2026 05:17:42 PM
1B,N,O,04/07/2026 04:13:49 PM
20000A,N,O,04/07/2026 04:40:51 PM
20000B,N,O,04/07/2026 04:47:37 PM
20001A,N,O,04/07/2026 08:58:42 AM
20001B,N,O,04/07/2026 04:44:27 PM
20002A,N,O,04/07/2026 05:35:39 PM
20002B,N,O,04/07/2026 08:57:49 AM
20003A,N,V,04/07/2026 05:36:32 PM
20003B,N,O,04/07/2026 05:11:11 PM
20004B,N,O,04/07/2026 05:21:03 PM
20005A,N,O,04/07/2026 05:08:00 PM
20005B,N,O,04/07/2026 05:14:32 PM
20006A,N,O,04/07/2026 05:35:04 PM
20006B,N,V,04/07/2026 05:35:45 PM
20007A,N,O,04/07/2026 05:14:08 PM
20007B,N,O,04/07/2026 05:13:44 PM
20008A,N,O,04/07/2026 04:54:54 PM
20008B,N,O,04/07/2026 05:26:12 PM
20009A,N,O,04/07/2026 05:24:20 PM
20009B,N,V,04/07/2026 05:33:05 PM
20010A,N,O,04/07/2026 03:56:54 PM
20010B,N,V,04/07/2026 05:17:25 PM
20011A,N,V,04/07/2026 04:30:33 PM
20011B,N,O,04/07/2026 03:11:00 PM
20012A,N,O,04/07/2026 05:30:32 PM
20012B,N,V,04/07/2026 05:36:32 PM
20013A,N,O,04/07/2026 03:52:50 PM
20013B,N,O,04/07/2026 04:58:48 PM
20014A,N,O,04/07/2026 09:50:16 AM
20014B,N,O,04/07/2026 02:50:07 PM
20015B,N,V,04/07/2026 05:35:38 PM
20017A,N,O,04/07/2026 04:03:10 PM
20017B,N,O,04/07/2026 11:22:52 AM
20020A,N,V,04/07/2026 04:56:12 PM
20020B,N,O,04/07/2026 08:59:47 AM
20021A,N,O,04/07/2026 08:58:45 AM
20021B,N,O,04/07/2026 05:14:26 PM
20022A,N,O,04/07/2026 04:18:42 PM
20022B,N,O,04/07/2026 05:33:55 PM
20023A,N,V,04/07/2026 04:50:17 PM
20023B,N,O,04/07/2026 04:45:14 PM
20024A,N,O,04/07/2026 05:03:56 PM
20029A,N,O,04/07/2026 04:17:51 PM
20029B,N,O,04/07/2026 05:02:18 PM
2002A,N,O,04/07/2026 05:07:15 PM
2002B,N,O,04/07/2026 05:01:28 PM
20030A,N,O,04/07/2026 05:23:47 PM
20031A,N,V,04/07/2026 05:27:56 PM
20031B,N,O,04/07/2026 01:33:18 PM
20032A,N,V,04/07/2026 01:55:41 PM
20032B,N,O,04/07/2026 04:00:55 PM
20033A,N,V,04/07/2026 12:11:44 PM
20033B,N,V,04/07/2026 01:51:26 PM
20034A,N,O,04/07/2026 05:32:32 PM
20034B,N,V,04/07/2026 05:33:58 PM
20035A,N,O,04/07/2026 02:45:33 PM
20035B,N,O,04/07/2026 05:36:17 PM
20036A,N,V,04/07/2026 05:15:33 PM
20036B,N,V,04/07/2026 01:35:34 PM
20037A,N,O,04/07/2026 05:36:04 PM
20037B,N,V,04/07/2026 09:58:27 AM
20038A,N,O,04/07/2026 05:35:14 PM
20039A,N,V,04/04/2026 09:55:35 PM
20039B,N,V,04/06/2026 07:00:35 PM
2003A,N,O,04/07/2026 04:12:22 PM
2003B,N,O,04/07/2026 09:18:51 AM
20040B,N,O,04/07/2026 05:06:45 PM
20041A,N,V,04/07/2026 12:34:08 PM
20041B,N,V,04/07/2026 09:48:23 AM
20042A,N,V,04/07/2026 01:26:09 PM
20042B,N,V,04/07/2026 11:42:27 AM
20043A,N,V,04/07/2026 05:35:33 PM
20043B,N,V,04/07/2026 03:15:57 PM
20044A,N,V,04/07/2026 01:59:51 PM
20044B,N,O,04/07/2026 05:24:17 PM
20045A,N,V,04/07/2026 01:19:39 PM
20045B,N,O,04/07/2026 03:10:46 PM
20046B,N,V,04/05/2026 06:40:43 PM
20047A,N,V,04/07/2026 01:02:25 PM
20047B,N,O,04/07/2026 05:08:48 PM
20048A,N,V,04/07/2026 12:32:49 PM
20048B,N,V,04/07/2026 01:16:02 PM
20049A,N,V,04/07/2026 01:50:32 PM
20049B,N,V,04/07/2026 04:40:41 PM
2004A,N,O,04/07/2026 10:17:16 AM
20050A,N,V,04/07/2026 04:43:31 PM
20050B,N,V,04/07/2026 12:58:32 PM
20051B,NU,O,04/06/2026 06:00:53 PM
20052A,NU,O,04/06/2026 09:14:47 PM
20052B,NU,V,08/24/2025 11:16:32 AM
20053A,NU,V,04/06/2026 09:45:53 PM
20053B,NU,O,04/06/2026 09:46:27 PM
20054A,N,V,04/07/2026 05:33:28 PM
20054B,N,O,04/07/2026 05:31:27 PM
20055A,N,V,04/07/2026 10:56:49 AM
20055B,N,O,04/07/2026 04:37:09 PM
20056A,N,O,04/06/2026 08:58:55 AM
20056B,N,V,04/07/2026 01:43:33 PM
20057A,N,V,09/09/2025 10:48:07 AM
20057B,N,V,04/07/2026 02:03:07 PM
20058A,N,V,04/07/2026 05:34:32 PM
20058B,N,O,04/07/2026 04:21:25 PM
20059A,N,O,04/07/2026 05:30:44 PM
20059B,N,O,04/07/2026 05:32:37 PM
2005A,N,O,04/07/2026 03:30:40 PM
2005B,N,O,04/07/2026 12:01:49 PM
20060A,N,O,04/07/2026 02:02:03 PM
20060B,N,O,04/07/2026 05:35:46 PM
20061A,N,O,04/07/2026 10:32:05 AM
20061B,N,O,04/06/2026 05:37:54 PM
20062A,N,O,04/07/2026 03:57:15 PM
20062B,N,O,04/07/2026 12:12:26 PM
20063A,N,O,04/07/2026 11:37:18 AM
20063B,N,O,04/07/2026 11:26:48 AM
20064A,N,O,04/07/2026 02:59:54 PM
20064B,N,O,04/07/2026 01:19:56 PM
20065A,N,V,04/07/2026 05:25:24 PM
20065B,N,O,04/07/2026 02:43:48 PM
20066A,N,V,04/07/2026 01:16:26 PM
20066B,N,V,04/07/2026 05:36:38 PM
20067A,N,O,04/07/2026 12:42:41 PM
20067B,N,O,04/07/2026 04:11:34 PM
20068A,N,V,04/07/2026 10:56:49 AM
20068B,N,V,04/07/2026 10:50:22 AM
20069A,N,O,04/07/2026 04:25:09 PM
20069B,N,V,04/07/2026 05:27:09 PM
2006A,N,O,04/07/2026 01:42:40 PM
2006B,N,O,04/07/2026 04:28:52 PM
20070A,N,O,04/07/2026 05:29:31 PM
20070B,N,V,04/07/2026 12:45:22 PM
20071A,N,V,04/07/2026 05:22:52 PM
20071B,N,V,04/07/2026 04:34:57 PM
20072A,N,V,04/07/2026 05:33:51 PM
20072B,N,O,04/07/2026 01:27:02 PM
20073A,N,O,04/07/2026 10:11:30 AM
20073B,N,V,04/07/2026 01:49:29 PM
20074A,N,V,04/07/2026 05:31:03 PM
20074B,N,O,04/03/2026 03:19:21 PM
20075A,N,V,04/07/2026 01:19:58 PM
20076A,N,O,04/07/2026 10:07:00 AM
20076B,N,V,04/07/2026 12:18:22 PM
20077B,N,O,04/06/2026 09:35:49 PM
20078A,N,V,04/07/2026 09:49:53 AM
20078B,N,O,04/07/2026 05:29:57 PM
20079A,N,O,04/07/2026 05:36:44 PM
20079B,N,O,04/07/2026 05:36:34 PM
20080A,N,O,04/06/2026 02:55:34 PM
20080B,N,V,04/07/2026 10:59:31 AM
20081A,N,O,04/07/2026 03:25:21 PM
20081B,N,O,04/07/2026 12:45:17 PM
20082A,N,V,04/07/2026 02:16:55 PM
20082B,N,O,04/07/2026 02:33:05 PM
20087A,N,O,04/07/2026 04:41:59 PM
20087B,N,O,04/07/2026 03:59:40 PM
20088A,N,O,04/07/2026 03:29:20 PM
20088B,N,O,04/07/2026 04:58:44 PM
20089A,N,O,04/07/2026 05:17:05 PM
20090A,N,O,04/07/2026 05:24:43 PM
20090B,N,O,04/07/2026 04:01:06 PM
20091A,N,V,04/07/2026 05:24:57 PM
20091B,N,O,04/07/2026 05:36:29 PM
20092A,N,O,04/07/2026 02:54:10 PM
20092B,N,O,04/07/2026 04:44:12 PM
20093A,N,O,04/07/2026 05:35:00 PM
20093B,N,O,04/07/2026 04:35:46 PM
20094A,N,O,04/07/2026 03:20:34 PM
20095A,N,O,04/07/2026 04:41:09 PM
20095B,N,V,04/07/2026 05:35:47 PM
20097A,N,O,04/07/2026 03:50:34 PM
20097B,N,V,04/07/2026 05:36:35 PM
20098A,N,O,04/07/2026 05:26:22 PM
20098B,N,V,04/07/2026 05:28:11 PM
20099A,N,O,04/07/2026 04:29:29 PM
20099B,N,O,04/07/2026 10:41:29 AM
200A,N,O,04/07/2026 03:44:51 PM
200B,NU,O,04/07/2026 03:24:16 PM
20100A,N,O,04/07/2026 11:32:07 AM
20100B,N,O,04/07/2026 04:39:21 PM
20101A,N,O,04/07/2026 04:05:08 PM
20101B,N,O,04/07/2026 02:16:50 PM
20102A,N,V,04/07/2026 05:36:14 PM
20102B,N,O,04/07/2026 04:46:47 PM
20103A,N,O,04/07/2026 04:12:41 PM
20104A,N,O,04/07/2026 05:20:07 PM
20104B,N,O,04/07/2026 05:25:32 PM
20105A,N,O,04/07/2026 01:55:52 PM
20105B,N,O,04/07/2026 04:24:14 PM
20109A,N,O,04/07/2026 05:12:52 PM
20109B,N,O,04/07/2026 05:20:01 PM
2010A,N,O,04/07/2026 04:50:46 PM
2010B,N,O,04/07/2026 05:01:17 PM
20110A,N,O,04/07/2026 05:01:53 PM
20110B,N,O,04/07/2026 05:28:40 PM
20111A,N,V,04/07/2026 05:32:30 PM
20111B,N,O,04/07/2026 05:33:24 PM
20112A,N,O,04/07/2026 05:34:40 PM
20112B,N,V,04/07/2026 05:33:53 PM
20115A,N,O,04/07/2026 05:16:45 PM
20115B,N,O,04/07/2026 05:31:40 PM
20116A,N,O,04/07/2026 05:03:44 PM
20116B,N,O,04/07/2026 04:49:09 PM
20117A,N,O,04/07/2026 05:26:34 PM
20117B,N,O,04/07/2026 11:48:12 AM
20118A,N,O,04/07/2026 08:56:46 AM
20118B,N,O,04/07/2026 04:56:08 PM
2013B,N,O,04/07/2026 04:42:17 PM
20141A,N,O,04/07/2026 11:19:42 AM
20141B,N,O,04/07/2026 10:23:12 AM
20142A,N,O,04/07/2026 04:34:06 PM
20142B,N,O,04/07/2026 04:48:18 PM
20143A,N,O,04/07/2026 04:56:22 PM
20143B,N,O,04/07/2026 02:26:32 PM
20144A,N,O,04/07/2026 08:55:54 AM
20144B,N,O,04/07/2026 09:57:48 AM
20145A,N,O,04/07/2026 03:28:30 PM
20145B,N,O,04/07/2026 05:24:37 PM
20146A,N,O,04/07/2026 03:55:48 PM
20146B,N,O,04/07/2026 05:05:10 PM
20147A,N,O,04/07/2026 08:57:53 AM
20147B,N,O,04/07/2026 08:57:49 AM
20148A,N,O,04/07/2026 08:56:50 AM
20148B,N,O,04/07/2026 05:16:03 PM
20149A,N,O,04/07/2026 10:53:33 AM
20149B,N,O,04/07/2026 03:11:08 PM
2014A,N,V,04/07/2026 05:31:45 PM
2014B,N,V,04/07/2026 05:36:25 PM
20150A,N,O,04/07/2026 03:35:24 PM
20150B,N,O,04/07/2026 04:32:43 PM
20154B,N,O,04/07/2026 03:52:06 PM
20155A,N,O,04/07/2026 08:59:54 AM
20155B,N,O,04/07/2026 05:35:55 PM
20158B,N,O,04/07/2026 03:26:33 PM
20159A,N,O,04/07/2026 01:59:41 PM
20159B,N,O,04/07/2026 05:09:01 PM
2015A,N,O,04/07/2026 05:01:29 PM
2015B,N,V,04/07/2026 05:31:41 PM
20160A,N,O,04/07/2026 02:50:39 PM
20160B,N,O,04/07/2026 02:20:05 PM
20161A,N,O,04/07/2026 05:35:59 PM
20161B,N,O,04/07/2026 05:36:10 PM
20168A,N,O,04/07/2026 12:53:07 PM
20168B,N,O,04/07/2026 08:56:44 AM
20170A,N,O,04/07/2026 05:27:55 PM
20170B,N,O,04/07/2026 05:20:43 PM
20171A,N,O,04/07/2026 10:02:05 AM
20171B,N,O,04/07/2026 08:58:51 AM
20177A,N,O,04/07/2026 04:59:56 PM
20177B,N,O,04/07/2026 04:55:56 PM
20178A,N,O,04/07/2026 05:12:23 PM
20178B,N,O,04/07/2026 04:00:44 PM
20179A,N,O,04/07/2026 04:46:47 PM
20179B,N,O,04/07/2026 09:56:22 AM
20180A,N,O,04/07/2026 04:24:27 PM
20183B,N,O,04/07/2026 04:59:37 PM
20184A,N,O,04/07/2026 04:31:12 PM
20184B,N,O,04/07/2026 04:32:36 PM
20186A,N,O,04/07/2026 03:39:05 PM
20186B,N,O,04/07/2026 05:33:17 PM
20187A,N,O,04/07/2026 05:34:07 PM
20187B,N,O,04/07/2026 11:08:49 AM
20190A,N,O,04/07/2026 05:07:02 PM
20190B,N,O,04/07/2026 05:26:04 PM
20191A,N,O,04/07/2026 05:32:22 PM
20191B,N,O,04/07/2026 04:58:41 PM
20192A,N,O,04/07/2026 10:21:14 AM
20192B,N,O,04/07/2026 08:58:03 AM
20193A,N,O,04/07/2026 08:56:45 AM
20193B,N,O,04/07/2026 05:18:18 PM
20194A,N,O,04/07/2026 04:46:16 PM
20194B,N,O,04/07/2026 08:55:47 AM
20195A,N,V,04/07/2026 05:28:11 PM
20195B,N,O,04/07/2026 12:54:38 PM
20196A,N,O,04/07/2026 07:58:55 AM
20196B,N,O,04/07/2026 07:58:59 AM
20197A,N,O,04/06/2026 11:03:50 AM
20197B,N,O,04/07/2026 05:31:06 PM
201B,N,V,04/07/2026 04:50:02 PM
20202B,N,O,04/07/2026 05:25:26 PM
20204A,N,O,04/07/2026 01:23:25 PM
20204B,N,O,04/07/2026 03:14:50 PM
20205A,N,V,04/07/2026 05:36:24 PM
20205B,N,O,04/07/2026 04:15:17 PM
20206A,N,O,04/07/2026 01:01:23 PM
20206B,N,O,04/07/2026 04:37:29 PM
20208A,N,O,04/07/2026 01:18:13 PM
20208B,N,O,04/07/2026 04:24:19 PM
20209A,NU,O,12/05/2025 06:55:56 AM
20209B,NU,O,12/05/2025 08:47:44 AM
20210A,N,O,04/07/2026 02:16:59 PM
20210B,N,O,04/07/2026 05:19:11 PM
20211A,N,O,04/07/2026 04:35:17 PM
20211B,N,O,04/07/2026 12:54:35 PM
20212A,N,O,04/07/2026 11:46:55 AM
20212B,N,O,04/07/2026 10:05:42 AM
20213A,N,O,04/07/2026 05:27:09 PM
20213B,N,O,04/07/2026 12:34:40 PM
20214A,N,O,04/07/2026 08:55:54 AM
20214B,N,O,04/07/2026 01:17:11 PM
20248A,N,O,04/07/2026 08:56:43 AM
20248B,N,O,04/07/2026 08:56:43 AM
20249A,N,V,04/07/2026 05:34:32 PM
20249B,N,O,04/07/2026 08:55:45 AM
20250A,N,O,04/07/2026 08:59:54 AM
20250B,N,O,04/07/2026 08:59:50 AM
20251A,N,O,04/07/2026 08:58:51 AM
20251B,N,V,04/07/2026 05:36:04 PM
20252A,N,O,04/07/2026 08:57:51 AM
20252B,N,O,04/07/2026 08:57:51 AM
20253A,N,O,04/07/2026 08:56:49 AM
20253B,N,O,04/07/2026 08:56:49 AM
20254A,N,O,04/07/2026 08:55:52 AM
20254B,N,O,04/07/2026 04:39:05 PM
20255A,N,O,04/07/2026 04:42:05 PM
20255B,N,O,04/07/2026 05:14:06 PM
20256A,N,O,04/07/2026 08:58:45 AM
20256B,N,O,04/07/2026 03:30:28 PM
20257A,N,O,04/07/2026 04:51:36 PM
20257B,N,O,04/07/2026 05:16:57 PM
20258A,N,O,04/07/2026 03:45:48 PM
20258B,N,O,04/07/2026 04:44:26 PM
20259B,N,O,04/07/2026 02:37:56 PM
2025A,N,O,04/07/2026 10:29:47 AM
2025B,N,O,04/07/2026 05:24:51 PM
20260A,N,O,04/07/2026 04:50:42 PM
20260B,N,O,04/07/2026 03:50:52 PM
20261A,N,O,04/07/2026 05:11:30 PM
20261B,N,O,04/07/2026 04:52:48 PM
20262A,N,O,04/07/2026 04:53:26 PM
20262B,N,O,04/07/2026 05:36:36 PM
20263A,N,O,04/07/2026 04:25:59 PM
20263B,N,O,04/07/2026 05:03:24 PM
20264A,N,O,04/07/2026 05:05:55 PM
20264B,N,O,04/07/2026 05:35:01 PM
20265A,N,O,04/07/2026 02:05:53 PM
20265B,N,V,04/07/2026 05:25:10 PM
20266A,N,O,04/07/2026 05:26:10 PM
20266B,N,O,04/07/2026 05:13:38 PM
20267A,N,O,04/07/2026 10:27:45 AM
20267B,N,O,04/07/2026 10:27:45 AM
20268A,N,O,04/07/2026 05:19:39 PM
20268B,N,O,04/07/2026 04:15:03 PM
20269A,N,O,04/07/2026 05:27:07 PM
20269B,N,O,04/07/2026 05:08:55 PM
20271B,N,O,04/07/2026 05:28:56 PM
20272A,N,O,04/07/2026 08:58:04 AM
20272B,N,O,04/07/2026 05:28:00 PM
20273A,N,O,04/07/2026 04:07:57 PM
20273B,N,O,04/07/2026 12:08:50 PM
20274A,N,O,04/07/2026 08:55:52 AM
20274B,N,O,04/07/2026 08:55:48 AM
20275A,N,O,04/07/2026 05:17:44 PM
20275B,N,O,04/07/2026 09:00:25 AM
20276A,N,O,04/07/2026 05:18:23 PM
20276B,N,O,04/07/2026 01:21:55 PM
20277A,N,O,04/07/2026 02:49:39 PM
20277B,N,O,04/07/2026 05:06:02 PM
20278A,N,O,04/07/2026 03:11:13 PM
20278B,N,O,04/07/2026 05:14:12 PM
20279A,N,O,04/07/2026 04:55:18 PM
20279B,N,O,04/07/2026 05:15:00 PM
2027A,N,O,04/07/2026 05:13:34 PM
2027B,N,O,04/07/2026 05:12:15 PM
20280A,N,O,04/07/2026 05:31:55 PM
20280B,N,O,04/07/2026 08:59:52 AM
20281A,N,O,04/07/2026 08:58:42 AM
20281B,N,O,04/07/2026 08:58:42 AM
20282A,N,O,04/07/2026 05:02:57 PM
20282B,N,O,04/07/2026 03:54:59 PM
20283A,N,O,04/07/2026 05:30:59 PM
20283B,N,O,04/07/2026 08:56:50 AM
20284A,N,O,04/07/2026 03:15:42 PM
20284B,N,O,04/07/2026 04:24:59 PM
20285A,N,O,04/07/2026 03:34:38 PM
20285B,N,O,04/07/2026 04:54:48 PM
20286A,N,O,04/07/2026 03:57:17 PM
20286B,N,O,04/07/2026 02:31:09 PM
20287A,N,O,04/07/2026 08:58:15 AM
20287B,N,O,04/07/2026 03:24:26 PM
20288A,N,O,04/07/2026 02:54:36 PM
20288B,N,O,04/07/2026 04:06:42 PM
2028A,N,O,04/07/2026 10:01:56 AM
2028B,N,O,04/07/2026 05:07:08 PM
20290A,N,O,04/07/2026 08:59:44 AM
20290B,N,O,04/07/2026 05:34:30 PM
20291A,N,O,04/07/2026 04:37:30 PM
20291B,N,O,04/07/2026 02:30:27 PM
20292A,N,O,04/07/2026 08:57:50 AM
20292B,N,O,04/07/2026 03:34:02 PM
20293A,N,O,04/07/2026 04:45:21 PM
20293B,N,O,04/07/2026 03:59:08 PM
20294A,N,O,04/07/2026 04:56:44 PM
20294B,N,O,04/07/2026 04:40:03 PM
202A,N,O,04/07/2026 04:07:15 PM
20305A,N,O,04/07/2026 12:24:15 PM
20305B,N,O,04/07/2026 12:33:01 PM
20306A,N,V,04/07/2026 11:14:25 AM
20306B,N,O,04/07/2026 11:01:36 AM
20307A,N,O,04/07/2026 11:57:12 AM
20307B,N,O,04/07/2026 04:06:57 PM
20308A,N,O,04/07/2026 01:39:21 PM
20308B,N,O,04/07/2026 05:10:09 PM
20309A,N,O,04/07/2026 06:55:49 AM
2030A,N,O,04/07/2026 11:08:54 AM
20310A,N,O,04/07/2026 11:42:06 AM
20310B,N,O,04/07/2026 06:59:51 AM
20311A,N,O,04/07/2026 06:58:51 AM
20311B,N,O,04/07/2026 06:58:47 AM
20312A,N,O,04/07/2026 06:57:49 AM
20312B,N,O,04/07/2026 06:57:49 AM
20313A,N,O,04/07/2026 03:08:08 PM
20313B,N,O,04/07/2026 06:56:50 AM
20314A,N,O,04/07/2026 02:33:08 PM
20314B,N,O,04/07/2026 05:33:29 PM
20315A,N,O,04/07/2026 05:36:34 PM
20315B,N,O,04/07/2026 05:16:23 PM
20316A,N,O,04/07/2026 05:22:59 PM
20316B,N,V,04/07/2026 05:35:47 PM
20317A,N,O,04/07/2026 04:57:52 PM
20317B,N,O,04/07/2026 05:24:50 PM
20318A,N,O,04/07/2026 05:21:21 PM
20318B,N,O,04/07/2026 04:02:19 PM
20319A,N,O,04/07/2026 05:32:25 PM
20319B,N,V,04/07/2026 05:35:46 PM
2031A,N,O,04/07/2026 04:12:04 PM
2031B,N,O,04/07/2026 04:59:06 PM
20320A,N,O,04/07/2026 05:03:57 PM
20320B,N,O,04/07/2026 05:26:47 PM
20321A,N,O,04/07/2026 05:21:25 PM
20321B,N,O,04/07/2026 05:32:13 PM
20322A,N,O,04/07/2026 05:07:44 PM
20322B,N,O,04/07/2026 05:12:05 PM
20323A,N,O,04/07/2026 02:16:44 PM
20323B,N,O,04/07/2026 03:48:27 PM
20324A,N,O,04/07/2026 04:41:08 PM
20324B,N,O,04/07/2026 05:18:32 PM
20325A,N,O,04/07/2026 05:36:19 PM
20325B,N,O,04/07/2026 11:45:33 AM
20326A,N,O,04/07/2026 02:12:48 PM
20326B,N,O,04/07/2026 04:15:29 PM
20327B,N,O,04/07/2026 05:34:12 PM
20328A,N,O,04/07/2026 05:17:38 PM
20328B,N,O,04/07/2026 03:13:53 PM
20329A,N,O,04/07/2026 04:33:01 PM
20329B,N,O,04/07/2026 04:11:08 PM
2032A,N,O,04/07/2026 10:06:09 AM
2032B,N,O,04/07/2026 05:14:05 PM
20330A,N,O,04/07/2026 12:39:03 PM
20330B,N,O,04/07/2026 01:36:42 PM
20331A,N,O,04/07/2026 04:02:43 PM
20331B,N,O,04/07/2026 05:27:10 PM
20332A,N,O,04/07/2026 07:57:47 AM
20332B,N,O,04/07/2026 07:57:54 AM
20333A,N,O,04/07/2026 10:04:12 AM
20333B,N,O,04/07/2026 07:56:56 AM
20334A,N,O,04/07/2026 07:55:47 AM
20334B,N,O,04/07/2026 07:55:56 AM
20335A,N,O,04/07/2026 07:59:52 AM
20335B,N,O,04/07/2026 08:54:26 AM
20336A,N,O,04/07/2026 02:45:53 PM
20336B,N,O,04/07/2026 01:23:35 PM
20337A,N,O,04/07/2026 12:20:13 PM
20337B,N,O,04/07/2026 05:22:29 PM
2033B,N,O,04/07/2026 04:29:30 PM
20343B,N,O,04/07/2026 05:08:01 PM
20344A,N,O,04/07/2026 04:45:09 PM
20344B,N,O,04/07/2026 05:34:04 PM
20345A,N,O,04/07/2026 05:35:56 PM
20345B,N,O,04/07/2026 05:17:19 PM
20346A,N,O,04/07/2026 05:27:13 PM
20346B,N,O,04/07/2026 01:48:27 PM
20347A,N,O,04/07/2026 02:14:03 PM
20347B,N,O,04/07/2026 04:26:51 PM
20348A,N,O,04/07/2026 05:35:12 PM
20348B,N,O,04/07/2026 02:49:10 PM
20349A,N,O,04/07/2026 11:02:50 AM
20349B,N,O,04/07/2026 05:26:29 PM
2034A,N,O,04/07/2026 02:59:09 PM
2034B,N,O,04/07/2026 03:56:07 PM
20350A,N,O,04/07/2026 04:21:21 PM
20350B,N,O,04/07/2026 05:36:33 PM
20351A,N,O,04/07/2026 05:18:37 PM
20351B,N,O,04/07/2026 04:19:08 PM
20352A,N,O,04/07/2026 05:12:58 PM
20352B,N,O,04/07/2026 05:18:02 PM
20353A,N,O,04/07/2026 05:24:41 PM
20353B,N,O,04/07/2026 05:13:42 PM
20354A,N,O,04/07/2026 04:42:34 PM
20354B,N,O,04/07/2026 05:29:04 PM
20355A,N,O,04/07/2026 02:35:27 PM
20355B,N,O,04/07/2026 04:17:09 PM
20356A,N,O,04/07/2026 05:02:47 PM
20356B,N,O,04/07/2026 01:33:04 PM
20357A,N,O,04/07/2026 05:11:05 PM
20357B,N,O,04/07/2026 05:31:03 PM
20358A,N,O,04/07/2026 04:12:17 PM
20358B,N,O,04/07/2026 03:44:38 PM
20359A,N,O,04/07/2026 04:27:02 PM
20359B,N,O,04/07/2026 01:43:37 PM
2035A,N,O,04/07/2026 05:04:18 PM
2035B,N,O,04/07/2026 04:47:15 PM
20369A,N,O,04/07/2026 05:33:11 PM
2036A,N,O,04/07/2026 08:58:47 AM
2036B,N,O,04/07/2026 05:00:25 PM
20373B,N,O,04/07/2026 03:10:45 PM
20374A,N,O,04/07/2026 03:57:49 PM
20374B,N,O,04/07/2026 05:03:04 PM
20375A,N,O,04/07/2026 03:48:43 PM
20375B,N,O,04/07/2026 05:34:51 PM
20376A,N,O,04/07/2026 05:18:49 PM
20376B,N,O,04/07/2026 04:14:19 PM
20377A,N,O,04/07/2026 04:15:37 PM
20377B,N,O,04/07/2026 03:29:54 PM
20378A,N,O,04/07/2026 01:52:41 PM
20378B,N,O,04/07/2026 02:30:51 PM
20379A,N,O,04/07/2026 05:15:39 PM
20379B,N,O,04/07/2026 04:26:38 PM
2037A,N,O,04/07/2026 08:57:49 AM
2037B,N,O,04/07/2026 05:22:10 PM
20380A,N,O,04/07/2026 03:43:46 PM
20380B,N,O,04/07/2026 05:25:23 PM
20381A,N,O,04/07/2026 04:41:16 PM
20381B,N,O,04/07/2026 12:08:50 PM
20382A,N,O,04/07/2026 05:04:40 PM
20382B,N,O,04/07/2026 05:23:18 PM
20385B,N,O,04/07/2026 04:08:51 PM
20386A,N,O,04/07/2026 02:55:34 PM
20386B,N,V,04/07/2026 05:27:07 PM
20387A,N,O,04/07/2026 05:31:35 PM
20387B,N,V,04/07/2026 05:33:04 PM
20388A,N,O,04/07/2026 05:15:16 PM
20388B,N,O,04/07/2026 05:15:16 PM
20389A,N,V,04/07/2026 05:33:19 PM
20389B,N,V,04/07/2026 05:34:05 PM
2038A,N,O,04/07/2026 05:09:59 PM
2038B,N,O,04/07/2026 05:06:52 PM
20390A,N,O,04/07/2026 01:49:25 PM
20390B,N,V,04/07/2026 04:29:43 PM
20391A,N,O,04/07/2026 05:36:45 PM
20391B,N,V,04/07/2026 04:46:31 PM
20392A,N,O,04/07/2026 05:36:43 PM
20392B,N,V,04/07/2026 05:22:39 PM
20393B,N,V,04/07/2026 03:49:46 PM
20394A,N,O,04/07/2026 04:27:13 PM
20394B,N,V,04/07/2026 05:35:28 PM
20395A,N,V,04/07/2026 05:15:06 PM
20395B,N,V,04/07/2026 05:01:27 PM
20396A,N,V,04/07/2026 05:33:20 PM
20396B,N,O,04/07/2026 03:58:35 PM
20397A,N,O,04/07/2026 05:35:02 PM
20397B,N,O,04/07/2026 04:16:10 PM
20398A,N,V,04/07/2026 05:21:28 PM
20399B,N,O,04/07/2026 05:29:33 PM
2039A,N,O,04/07/2026 03:10:35 PM
2039B,N,O,04/07/2026 03:00:11 PM
203A,N,O,04/07/2026 04:34:15 PM
203B,N,V,04/07/2026 05:33:31 PM
20400A,N,V,04/07/2026 05:09:56 PM
20400B,N,O,04/07/2026 05:10:25 PM
20401A,N,O,04/07/2026 05:05:20 PM
20401B,N,V,04/07/2026 05:36:00 PM
20402A,N,O,04/07/2026 03:20:23 PM
20402B,N,O,04/07/2026 05:29:16 PM
20403A,N,V,04/07/2026 05:30:39 PM
20403B,N,V,04/07/2026 05:15:25 PM
20404A,N,O,04/07/2026 02:42:59 PM
20405A,N,V,04/07/2026 05:16:41 PM
20405B,N,O,04/07/2026 05:16:41 PM
20406A,N,V,04/07/2026 05:32:51 PM
20406B,N,V,04/07/2026 02:41:52 PM
20407A,N,O,04/07/2026 04:38:10 PM
20407B,N,V,04/07/2026 03:54:35 PM
20408A,N,O,04/07/2026 05:26:28 PM
20409A,N,V,04/07/2026 05:36:12 PM
20409B,N,V,04/07/2026 04:27:46 PM
20410A,N,V,04/07/2026 03:26:49 PM
20410B,N,O,04/07/2026 04:17:42 PM
20411A,N,V,04/07/2026 05:19:26 PM
20411B,N,O,04/07/2026 05:10:50 PM
20412A,N,V,04/07/2026 05:20:38 PM
20412B,N,O,04/07/2026 05:10:57 PM
20413A,N,O,04/07/2026 03:39:21 PM
20413B,N,O,04/07/2026 01:40:50 PM
20414A,N,O,04/07/2026 04:06:07 PM
20415A,N,O,04/07/2026 04:47:28 PM
20415B,N,O,04/07/2026 03:52:06 PM
20416A,N,O,04/07/2026 08:58:52 AM
20416B,N,O,04/07/2026 05:03:18 PM
20417A,N,V,04/07/2026 05:27:12 PM
20418A,N,O,04/07/2026 08:56:51 AM
20418B,N,O,04/07/2026 08:56:51 AM
20419A,N,O,04/07/2026 01:14:30 PM
20419B,N,O,04/07/2026 08:55:53 AM
20420A,N,V,04/07/2026 02:13:17 PM
20420B,N,O,04/07/2026 05:28:28 PM
20421A,N,O,04/07/2026 08:58:50 AM
20422B,N,O,04/07/2026 01:52:16 PM
20423A,N,O,04/07/2026 03:44:33 PM
20423B,N,O,04/07/2026 03:44:33 PM
20424A,N,V,04/07/2026 05:16:17 PM
20424B,N,O,04/07/2026 05:34:06 PM
20425A,N,O,04/07/2026 05:34:44 PM
20425B,N,O,04/07/2026 04:55:24 PM
20426A,N,V,04/07/2026 05:16:46 PM
20426B,N,O,04/07/2026 04:49:15 PM
20427A,N,O,04/07/2026 09:52:37 AM
20428A,N,O,04/07/2026 05:25:03 PM
20428B,N,O,04/07/2026 05:23:15 PM
20429A,N,O,04/07/2026 04:10:10 PM
20429B,N,V,04/07/2026 05:26:05 PM
20430A,N,O,04/07/2026 02:29:40 PM
20430B,N,O,04/07/2026 02:43:59 PM
20431A,N,O,04/07/2026 08:58:48 AM
20431B,N,O,04/07/2026 08:58:48 AM
20432A,N,O,04/07/2026 05:22:52 PM
20432B,N,O,04/07/2026 04:53:42 PM
20433A,N,O,04/07/2026 09:54:16 AM
20433B,N,O,04/07/2026 05:04:29 PM
20434A,N,O,04/07/2026 05:34:36 PM
20434B,N,O,04/07/2026 03:37:41 PM
20437A,N,V,04/07/2026 05:36:41 PM
20437B,N,O,04/07/2026 05:31:44 PM
20438A,N,V,04/07/2026 05:22:12 PM
20438B,N,O,04/07/2026 05:16:13 PM
20439A,N,V,04/07/2026 05:28:40 PM
20439B,N,V,04/07/2026 05:22:05 PM
20440A,N,O,04/07/2026 04:06:59 PM
20440B,N,O,04/07/2026 05:08:22 PM
20441A,N,O,04/07/2026 03:26:51 PM
20441B,N,O,04/07/2026 10:38:53 AM
20442A,N,O,04/07/2026 03:45:27 PM
20442B,N,O,04/07/2026 04:28:45 PM
20443A,N,O,04/07/2026 04:07:20 PM
20443B,N,O,04/07/2026 05:34:40 PM
20444A,N,V,04/07/2026 05:24:28 PM
20444B,N,O,04/07/2026 05:35:32 PM
20445A,N,O,04/07/2026 04:08:14 PM
20445B,N,O,04/07/2026 04:41:48 PM
20446A,N,O,04/07/2026 04:20:52 PM
20446B,N,O,04/07/2026 03:39:59 PM
20447A,N,O,04/07/2026 03:43:20 PM
20447B,N,O,04/07/2026 01:59:52 PM
20448A,N,O,04/07/2026 11:02:55 AM
20448B,N,O,04/07/2026 05:30:18 PM
20449A,N,O,04/07/2026 04:58:45 PM
20449B,N,O,04/07/2026 03:57:06 PM
20450A,N,V,04/07/2026 05:04:52 PM
20450B,N,O,04/07/2026 03:48:20 PM
20451A,N,V,04/07/2026 05:19:22 PM
20451B,N,O,04/07/2026 05:18:48 PM
20452B,N,O,04/07/2026 05:26:20 PM
20453A,N,O,04/07/2026 04:26:46 PM
20453B,N,O,04/07/2026 11:50:56 AM
20497A,N,O,04/07/2026 04:42:09 PM
20497B,N,V,04/07/2026 05:36:04 PM
20498A,N,O,04/07/2026 01:51:05 PM
20498B,N,O,04/07/2026 02:32:24 PM
20499A,N,O,04/07/2026 12:54:57 PM
20499B,N,O,04/07/2026 02:26:08 PM
204A,N,O,04/07/2026 05:36:07 PM
204B,N,V,04/07/2026 04:47:24 PM
20500A,N,V,04/07/2026 05:24:03 PM
20500B,N,O,04/07/2026 08:59:51 AM
20501A,N,O,04/07/2026 04:04:38 PM
20501B,N,O,04/07/2026 08:58:41 AM
20506A,N,V,04/07/2026 04:28:09 PM
20506B,N,V,04/07/2026 02:55:39 PM
20507A,N,O,04/07/2026 04:53:06 PM
20507B,N,V,04/07/2026 04:21:57 PM
20508A,N,V,04/07/2026 05:09:54 PM
20508B,N,V,04/07/2026 05:32:15 PM
20509A,N,V,04/07/2026 04:22:55 PM
20509B,N,V,04/07/2026 05:00:16 PM
20510B,N,V,04/07/2026 05:00:51 PM
20511A,N,O,04/07/2026 04:19:59 PM
20511B,N,O,04/07/2026 05:19:44 PM
20512A,N,V,04/07/2026 04:31:29 PM
20512B,N,V,04/07/2026 04:13:40 PM
20513A,N,O,04/07/2026 02:45:51 PM
20513B,N,O,04/07/2026 03:29:21 PM
20514A,N,O,04/07/2026 02:16:51 PM
20515A,N,V,04/07/2026 05:26:40 PM
20515B,N,V,04/07/2026 05:12:03 PM
20516A,N,V,04/07/2026 05:12:17 PM
20516B,N,V,04/07/2026 04:32:57 PM
20517B,N,V,04/07/2026 05:35:59 PM
2053A,NU,O,04/07/2026 11:38:13 AM
2053B,NU,O,04/07/2026 03:12:43 PM
20545A,N,V,04/07/2026 04:40:58 PM
20545B,N,V,04/07/2026 04:41:08 PM
20546B,N,V,04/07/2026 03:37:59 PM
2054A,N,O,04/07/2026 11:35:31 AM
2054B,N,O,04/07/2026 10:00:37 AM
20550A,N,O,04/07/2026 05:29:37 PM
20550B,N,O,04/07/2026 03:08:52 PM
20551A,N,O,04/07/2026 01:11:17 PM
20551B,N,O,04/07/2026 05:36:38 PM
20552A,N,O,04/07/2026 09:57:47 AM
20562A,N,O,04/07/2026 10:22:39 AM
20562B,N,O,04/07/2026 04:15:31 PM
20563A,N,O,04/07/2026 02:54:08 PM
20563B,N,O,04/07/2026 08:56:44 AM
20564A,N,V,04/07/2026 04:32:05 PM
20564B,N,V,04/07/2026 04:48:31 PM
20565A,N,O,04/07/2026 08:59:48 AM
20565B,N,V,04/07/2026 05:25:20 PM
20566A,N,O,04/07/2026 01:24:51 PM
20566B,N,O,04/07/2026 05:31:45 PM
20567A,N,O,04/07/2026 05:11:46 PM
20567B,N,O,04/07/2026 01:25:48 PM
20570A,N,O,04/07/2026 03:54:46 PM
20570B,N,O,04/07/2026 01:05:42 PM
20571A,N,O,04/07/2026 05:20:53 PM
20571B,N,V,04/07/2026 05:20:11 PM
20572A,N,O,04/07/2026 03:28:32 PM
20572B,N,V,04/07/2026 05:20:31 PM
20573A,N,O,04/07/2026 03:50:11 PM
20573B,N,O,04/07/2026 01:46:40 PM
20574A,N,O,04/07/2026 06:55:49 AM
20574B,N,O,04/07/2026 04:00:48 PM
20575A,N,O,04/07/2026 06:59:46 AM
20575B,N,V,04/07/2026 05:30:05 PM
20576A,N,O,04/07/2026 01:46:42 PM
20576B,N,O,04/07/2026 02:04:43 PM
20577A,N,O,04/07/2026 04:05:44 PM
20577B,N,O,04/07/2026 12:33:23 PM
20591A,N,O,04/07/2026 07:58:42 AM
20591B,N,V,04/07/2026 05:23:45 PM
20592A,N,O,04/07/2026 11:08:31 AM
20592B,N,O,04/07/2026 04:38:05 PM
20593A,N,O,04/07/2026 07:56:46 AM
20593B,N,O,04/07/2026 05:00:50 PM
20594B,N,O,04/07/2026 07:55:48 AM
20595A,N,O,04/07/2026 05:01:34 PM
20595B,N,V,04/07/2026 05:25:11 PM
20596A,N,O,04/07/2026 07:58:43 AM
20596B,N,O,04/07/2026 07:58:53 AM
20597A,N,O,04/07/2026 07:57:54 AM
20597B,N,O,04/07/2026 07:57:47 AM
20598A,N,V,04/07/2026 05:35:44 PM
20598B,N,O,04/07/2026 05:36:43 PM
205A,N,O,04/07/2026 02:52:36 PM
205B,N,O,04/07/2026 04:52:05 PM
20601B,N,O,04/07/2026 04:19:49 PM
20602A,N,O,04/07/2026 03:45:28 PM
20602B,N,O,04/07/2026 02:58:23 PM
20604A,N,V,04/07/2026 05:27:21 PM
20604B,N,O,04/07/2026 10:39:37 AM
20605A,N,O,04/07/2026 05:36:38 PM
20605B,N,O,04/07/2026 03:51:04 PM
20606A,N,O,04/07/2026 04:52:16 PM
20606B,N,O,04/07/2026 05:26:24 PM
20607A,N,V,04/07/2026 05:35:38 PM
20607B,N,O,04/07/2026 04:46:03 PM
20608A,N,V,04/06/2026 08:11:38 PM
20608B,N,V,04/07/2026 09:59:35 AM
20609A,N,V,04/07/2026 05:26:19 PM
20609B,N,O,04/07/2026 05:20:33 PM
20610A,N,V,04/07/2026 04:14:33 PM
20610B,N,V,04/07/2026 05:20:02 PM
20611A,N,V,04/07/2026 05:36:45 PM
20611B,N,O,04/07/2026 04:44:03 PM
20612A,N,O,04/07/2026 03:05:38 PM
20612B,N,O,04/07/2026 08:57:46 AM
20613A,N,O,04/07/2026 04:25:39 PM
20613B,N,O,04/07/2026 05:29:15 PM
20614A,N,O,04/07/2026 05:17:18 PM
20614B,N,O,04/07/2026 04:16:57 PM
20618A,N,O,04/07/2026 04:47:36 PM
20619A,N,O,04/07/2026 04:55:34 PM
20619B,N,O,04/07/2026 05:01:58 PM
20620A,N,O,04/07/2026 04:11:10 PM
20620B,N,O,04/07/2026 08:59:46 AM
20621A,N,O,04/07/2026 11:09:25 AM
20621B,N,O,04/07/2026 01:33:25 PM
20631A,N,O,04/07/2026 05:36:19 PM
20631B,N,V,04/07/2026 05:26:39 PM
20632A,N,O,04/07/2026 04:51:21 PM
20632B,N,O,04/07/2026 05:34:56 PM
20633A,N,O,04/07/2026 04:37:52 PM
20633B,N,V,04/07/2026 05:35:11 PM
20634A,N,O,04/07/2026 04:31:49 PM
20634B,N,O,04/07/2026 05:14:05 PM
20635A,N,O,04/07/2026 08:59:44 AM
20635B,N,O,04/07/2026 05:26:35 PM
20636A,N,O,04/07/2026 05:35:38 PM
20636B,N,O,04/07/2026 05:33:56 PM
20637A,N,V,04/07/2026 04:38:21 PM
20637B,N,O,04/07/2026 08:57:44 AM
20638A,N,V,04/07/2026 05:33:05 PM
20638B,N,O,04/07/2026 11:39:17 AM
20639A,N,O,04/07/2026 08:55:47 AM
20639B,N,O,04/07/2026 02:51:18 PM
2063A,N,O,04/07/2026 01:40:18 PM
2063B,N,O,04/07/2026 04:26:38 PM
20640A,N,O,04/07/2026 05:08:50 PM
20640B,N,O,04/07/2026 02:42:50 PM
20641A,N,O,04/07/2026 04:12:37 PM
20641B,N,V,04/07/2026 05:23:54 PM
20642A,N,O,04/07/2026 10:07:58 AM
20642B,N,O,04/07/2026 03:26:46 PM
20643A,N,O,04/07/2026 04:25:34 PM
20643B,N,O,04/07/2026 04:35:05 PM
2064B,N,O,04/07/2026 01:51:23 PM
20651A,N,O,04/07/2026 01:21:40 PM
20651B,N,O,04/07/2026 08:58:47 AM
20652A,N,O,04/07/2026 08:57:47 AM
20652B,N,O,04/07/2026 08:57:47 AM
20653A,N,O,04/07/2026 05:29:54 PM
20653B,N,O,04/07/2026 04:59:26 PM
20654A,N,O,04/07/2026 08:55:45 AM
20654B,N,O,04/07/2026 03:48:48 PM
20658A,N,O,04/07/2026 10:01:23 AM
20658B,N,O,04/07/2026 07:56:48 AM
20659B,N,O,04/07/2026 07:56:01 AM
2065A,N,O,04/07/2026 09:00:20 AM
20661A,N,O,04/07/2026 07:58:42 AM
20661B,N,O,04/07/2026 07:58:42 AM
20663A,N,O,04/07/2026 07:56:45 AM
20663B,N,O,04/07/2026 09:58:22 AM
20664B,N,O,04/07/2026 09:00:24 AM
20665A,N,O,04/07/2026 05:36:31 PM
20666A,N,O,04/07/2026 02:01:30 PM
20666B,N,O,04/07/2026 07:58:47 AM
20667A,N,O,04/07/2026 12:42:50 PM
20667B,N,O,04/07/2026 07:57:49 AM
2066A,N,O,04/07/2026 05:08:38 PM
2066B,N,V,04/07/2026 03:06:28 PM
20672A,N,V,07/13/2025 10:00:25 AM
20672B,N,O,04/07/2026 08:57:48 AM
20673A,N,O,04/07/2026 03:49:24 PM
20673B,N,O,04/07/2026 12:12:31 PM
20674A,N,O,04/07/2026 09:49:42 AM
20674B,N,O,04/07/2026 05:35:04 PM
20675A,N,O,04/07/2026 05:31:50 PM
20675B,N,O,04/07/2026 05:09:34 PM
20676A,N,O,04/07/2026 03:13:37 PM
20676B,N,O,04/07/2026 02:15:12 PM
20677A,N,O,04/07/2026 04:44:44 PM
20677B,N,O,04/07/2026 12:21:52 PM
20678A,N,O,04/07/2026 05:06:37 PM
20678B,N,O,04/07/2026 02:44:40 PM
20679A,N,O,04/07/2026 07:55:56 AM
20679B,N,O,04/07/2026 07:56:04 AM
2067A,N,O,04/07/2026 05:36:03 PM
2067B,N,O,04/07/2026 03:05:48 PM
20680A,N,O,04/07/2026 07:59:53 AM
20680B,N,O,04/07/2026 01:55:09 PM
20681A,N,O,04/07/2026 07:58:50 AM
20681B,N,V,04/07/2026 12:01:22 PM
20682B,N,O,04/07/2026 08:57:51 AM
20683A,N,O,04/07/2026 04:31:41 PM
20683B,N,O,04/07/2026 04:02:25 PM
20684A,N,O,04/07/2026 10:22:23 AM
20684B,N,O,04/07/2026 08:55:54 AM
20685A,N,O,04/07/2026 10:20:16 AM
20685B,N,O,04/07/2026 05:21:08 PM
20686A,N,O,04/07/2026 03:33:47 PM
20686B,N,O,04/07/2026 09:05:40 AM
20687A,N,O,04/07/2026 11:00:23 AM
20687B,N,O,04/07/2026 04:20:27 PM
20688A,N,O,04/07/2026 04:13:25 PM
20688B,N,O,04/07/2026 01:36:53 PM
20689A,N,O,04/07/2026 07:56:00 AM
2068A,N,O,04/07/2026 03:56:56 PM
2068B,N,O,04/07/2026 03:31:48 PM
20690A,N,O,04/06/2026 07:59:50 AM
20690B,N,V,04/07/2026 10:23:26 AM
20691A,N,O,04/06/2026 07:59:01 AM
20691B,N,O,04/07/2026 07:58:51 AM
20692A,N,O,04/07/2026 07:57:45 AM
20692B,N,O,04/07/2026 04:27:53 PM
20693B,N,O,04/07/2026 02:52:13 PM
20694A,N,O,04/07/2026 02:34:42 PM
20694B,N,O,04/07/2026 04:24:53 PM
20695A,N,O,04/07/2026 05:35:37 PM
20695B,N,O,04/07/2026 08:59:46 AM
20696A,N,O,04/07/2026 03:02:31 PM
20696B,N,O,04/07/2026 03:48:29 PM
20697A,N,O,04/07/2026 01:45:52 PM
20697B,N,O,04/07/2026 02:41:49 PM
20698A,N,O,04/07/2026 08:56:58 AM
20698B,N,O,04/07/2026 02:22:09 PM
2069A,N,O,04/07/2026 04:40:18 PM
2070A,N,O,04/07/2026 03:50:12 PM
2070B,N,O,04/07/2026 04:45:23 PM
2071A,N,O,04/07/2026 05:09:09 PM
2071B,N,O,04/07/2026 04:36:44 PM
2072A,N,O,04/07/2026 05:06:46 PM
2072B,N,O,04/07/2026 04:09:25 PM
2073A,N,V,04/07/2026 05:13:20 PM
2073B,N,O,04/07/2026 05:13:26 PM
20745A,N,V,04/07/2026 04:56:11 PM
20745B,N,O,04/07/2026 04:48:08 PM
20746A,N,O,04/07/2026 01:32:08 PM
20746B,N,V,04/07/2026 04:55:54 PM
20748A,N,O,04/07/2026 07:56:43 AM
20748B,N,O,04/07/2026 02:20:47 PM
20749A,N,O,04/07/2026 02:14:53 PM
20749B,N,O,04/07/2026 05:01:50 PM
2074A,N,O,04/07/2026 03:04:00 PM
20750A,N,O,04/07/2026 05:07:54 PM
20750B,N,O,04/07/2026 02:12:25 PM
20751A,N,O,04/07/2026 05:30:12 PM
20752A,N,O,04/07/2026 02:20:10 PM
20752B,N,O,04/07/2026 04:34:38 PM
20755A,N,O,04/07/2026 05:33:33 PM
20756A,N,O,04/07/2026 04:34:24 PM
20756B,N,O,04/07/2026 04:55:35 PM
20757A,N,O,04/07/2026 04:21:15 PM
20758A,N,O,04/07/2026 05:10:42 PM
20758B,N,O,04/07/2026 04:45:21 PM
20759A,N,O,04/07/2026 05:14:34 PM
20759B,N,O,04/07/2026 03:15:17 PM
2075A,N,O,04/07/2026 01:57:03 PM
2075B,N,O,04/07/2026 05:07:37 PM
20760A,N,O,04/07/2026 03:34:35 PM
20760B,N,O,04/07/2026 05:33:24 PM
20763A,N,O,04/07/2026 05:21:20 PM
20763B,N,O,04/07/2026 05:03:15 PM
20764A,N,O,04/07/2026 12:12:58 PM
20764B,N,O,04/07/2026 05:36:40 PM
20765A,N,O,04/07/2026 10:32:31 AM
20765B,N,O,04/07/2026 04:14:08 PM
20766A,N,O,04/07/2026 01:06:33 PM
20766B,N,O,04/07/2026 04:48:22 PM
20767A,N,O,04/07/2026 04:34:22 PM
20767B,N,O,04/07/2026 04:19:16 PM
20768A,N,V,04/07/2026 05:05:39 PM
20768B,N,O,04/07/2026 05:28:07 PM
20769A,N,O,04/07/2026 04:58:17 PM
20769B,N,O,04/07/2026 01:48:38 PM
2076A,N,V,04/07/2026 05:13:21 PM
2076B,N,O,04/07/2026 09:43:39 AM
20777A,N,O,04/07/2026 05:29:45 PM
20778A,N,O,04/07/2026 05:24:39 PM
20778B,N,O,04/07/2026 05:27:42 PM
20779A,N,O,04/07/2026 11:49:32 AM
20779B,N,O,04/07/2026 05:09:17 PM
2077A,N,O,04/07/2026 04:29:02 PM
2077B,N,O,04/07/2026 04:20:00 PM
20780A,N,O,04/07/2026 04:22:56 PM
20780B,N,O,04/07/2026 04:57:24 PM
20781A,N,O,04/07/2026 05:35:23 PM
20781B,N,O,04/07/2026 01:24:39 PM
20782A,N,O,04/07/2026 04:45:52 PM
20782B,N,O,04/07/2026 05:18:20 PM
20784A,N,O,04/07/2026 02:09:48 PM
20784B,N,O,04/07/2026 05:24:22 PM
20787A,N,O,04/07/2026 07:57:49 AM
20788A,N,O,04/07/2026 07:56:46 AM
20788B,N,O,04/07/2026 07:56:46 AM
20789A,N,O,10/19/2025 12:18:34 PM
20789B,N,O,09/24/2025 08:46:47 AM
20790A,N,O,04/07/2026 08:00:00 AM
20790B,N,O,04/07/2026 08:36:22 AM
20791A,N,O,04/07/2026 12:24:11 PM
20791B,N,O,04/07/2026 03:30:58 PM
20792A,N,O,04/07/2026 04:24:52 PM
20792B,N,O,04/06/2026 07:57:42 AM
20793A,N,O,04/07/2026 07:56:48 AM
20793B,N,O,04/07/2026 07:56:40 AM
20795B,N,O,04/07/2026 02:09:24 PM
20796A,N,O,04/07/2026 07:58:51 AM
20796B,N,O,04/07/2026 05:33:04 PM
207A,N,O,04/07/2026 05:27:35 PM
207B,N,V,04/07/2026 04:24:32 PM
20801B,N,O,04/07/2026 03:04:54 PM
20802A,N,V,04/07/2026 05:36:08 PM
20802B,N,O,04/07/2026 12:00:34 PM
20803A,N,O,04/07/2026 03:24:09 PM
20803B,N,O,04/07/2026 01:59:41 PM
20804A,N,O,04/07/2026 05:31:53 PM
20804B,N,O,04/07/2026 12:25:33 PM
20805A,N,O,04/07/2026 04:56:03 PM
20805B,N,O,04/07/2026 04:11:49 PM
20806A,N,O,04/07/2026 04:47:45 PM
20806B,N,O,04/07/2026 08:58:50 AM
20807A,N,O,04/07/2026 04:56:25 PM
20807B,N,O,04/07/2026 04:42:28 PM
20809A,N,O,04/07/2026 09:56:15 AM
20809B,N,O,04/07/2026 09:56:37 AM
20810A,N,O,04/07/2026 10:05:32 AM
20810B,N,O,04/07/2026 05:35:20 PM
20811A,N,O,04/07/2026 05:13:45 PM
20811B,N,O,04/07/2026 10:28:55 AM
20812A,N,V,04/07/2026 05:33:54 PM
20812B,N,O,04/07/2026 04:58:14 PM
20813A,N,V,04/07/2026 05:30:17 PM
20813B,N,O,04/07/2026 01:20:11 PM
20814A,N,O,04/07/2026 05:24:54 PM
20814B,N,O,04/07/2026 05:36:30 PM
20815A,N,O,04/07/2026 10:29:56 AM
20815B,N,O,04/07/2026 04:27:21 PM
20816B,N,O,04/07/2026 04:14:22 PM
20817B,N,O,04/07/2026 08:57:50 AM
20818A,N,O,04/07/2026 08:56:51 AM
20818B,N,O,04/05/2026 08:56:54 AM
20819A,N,O,04/07/2026 03:34:15 PM
20819B,N,O,04/07/2026 04:16:06 PM
20820A,N,O,04/07/2026 05:04:30 PM
20820B,N,O,04/07/2026 03:52:58 PM
20821A,N,O,04/07/2026 03:49:44 PM
20821B,N,O,04/07/2026 11:19:09 AM
20822A,N,O,04/07/2026 11:59:46 AM
20822B,N,O,04/07/2026 05:35:54 PM
20823A,N,V,04/07/2026 05:36:03 PM
20823B,N,O,04/07/2026 05:08:59 PM
20824A,N,V,04/07/2026 05:21:37 PM
20824B,N,V,04/07/2026 04:51:17 PM
20825A,N,O,04/07/2026 08:59:45 AM
20825B,N,O,04/07/2026 05:12:53 PM
20826A,N,O,04/07/2026 08:58:53 AM
20826B,N,O,04/07/2026 08:58:57 AM
20827A,N,O,04/07/2026 05:20:32 PM
20827B,N,O,04/07/2026 08:57:46 AM
20828A,N,O,04/07/2026 08:56:52 AM
20828B,N,O,04/07/2026 05:36:34 PM
20829B,N,O,04/07/2026 05:35:11 PM
20830A,N,O,04/07/2026 11:45:08 AM
20830B,N,O,04/07/2026 02:53:56 PM
20831A,N,O,04/07/2026 05:34:04 PM
20831B,N,O,04/07/2026 02:47:21 PM
20833A,N,O,04/06/2026 01:52:45 PM
20833B,N,O,04/07/2026 03:36:54 PM
20834A,N,O,04/07/2026 03:32:27 PM
20834B,N,O,04/07/2026 05:24:50 PM
20835A,N,O,04/07/2026 02:32:19 PM
20835B,N,O,04/07/2026 08:59:51 AM
20836A,N,O,04/07/2026 04:58:21 PM
20836B,N,O,04/07/2026 03:11:44 PM
20837A,N,O,04/07/2026 05:11:33 PM
20837B,N,O,04/07/2026 05:25:18 PM
20838A,N,O,04/07/2026 03:59:54 PM
20838B,N,O,04/07/2026 03:42:32 PM
20839A,N,O,04/07/2026 02:53:27 PM
20839B,N,O,04/07/2026 05:19:24 PM
2083A,N,O,04/07/2026 05:21:08 PM
2083B,N,O,04/07/2026 05:26:30 PM
20840A,NU,O,04/07/2026 10:31:48 AM
20840B,NU,O,04/07/2026 04:22:35 PM
20841A,N,O,04/07/2026 04:59:06 PM
20841B,N,O,04/07/2026 05:10:28 PM
20842A,N,O,04/07/2026 04:59:02 PM
20843A,N,O,04/07/2026 09:53:22 AM
20843B,N,O,04/07/2026 04:32:50 PM
20844A,N,O,04/07/2026 03:29:10 PM
20844B,N,O,04/07/2026 11:36:35 AM
20845A,N,O,04/07/2026 05:35:16 PM
20845B,N,O,04/07/2026 05:05:24 PM
20846A,N,O,04/07/2026 05:26:56 PM
2084A,N,O,04/07/2026 05:21:26 PM
2084B,N,O,04/07/2026 04:33:02 PM
20851A,N,V,04/07/2026 03:24:39 PM
20851B,N,V,04/07/2026 05:34:33 PM
20852A,N,V,04/07/2026 04:13:51 PM
20852B,N,V,04/07/2026 02:56:24 PM
20853A,N,V,04/07/2026 05:33:31 PM
20853B,N,V,04/07/2026 04:48:40 PM
20854A,N,O,04/07/2026 05:28:06 PM
20854B,N,O,04/07/2026 04:27:56 PM
20855A,N,O,04/07/2026 08:59:48 AM
20855B,N,O,04/07/2026 08:59:48 AM
20856A,N,O,04/07/2026 03:19:44 PM
20856B,N,V,04/07/2026 04:11:21 PM
20857A,N,O,04/07/2026 04:54:16 PM
20857B,N,V,04/07/2026 04:36:30 PM
20858A,N,V,04/07/2026 05:15:03 PM
20858B,N,O,04/07/2026 01:56:12 PM
20859A,N,O,04/07/2026 03:36:43 PM
20859B,N,V,04/07/2026 05:15:03 PM
20860B,N,O,04/07/2026 03:36:48 PM
20861A,N,O,04/07/2026 08:58:46 AM
20861B,N,V,04/07/2026 05:36:13 PM
20862A,N,O,04/07/2026 08:57:44 AM
20862B,N,V,04/07/2026 05:19:14 PM
20863A,N,O,04/07/2026 05:02:30 PM
20863B,N,V,04/07/2026 05:35:36 PM
20864A,N,O,04/07/2026 08:55:41 AM
20864B,N,V,04/07/2026 05:25:10 PM
20865A,N,O,04/07/2026 08:59:47 AM
20865B,N,V,04/07/2026 05:36:21 PM
20866A,N,O,04/07/2026 08:59:01 AM
20866B,N,V,04/07/2026 05:35:28 PM
20867A,N,V,04/07/2026 05:31:39 PM
20867B,N,V,04/07/2026 04:21:41 PM
20868A,N,O,04/07/2026 08:56:50 AM
20868B,N,V,04/07/2026 05:35:42 PM
20869A,N,O,04/07/2026 03:40:36 PM
20869B,N,O,04/07/2026 05:26:05 PM
2086A,N,O,04/07/2026 04:37:47 PM
20870B,N,O,04/07/2026 05:18:05 PM
20871A,N,V,04/07/2026 04:45:12 PM
20871B,N,V,04/07/2026 03:29:34 PM
20872A,N,O,04/07/2026 03:48:46 PM
20872B,N,V,04/07/2026 05:23:20 PM
20873A,N,V,04/07/2026 05:30:23 PM
20873B,N,O,04/07/2026 02:07:57 PM
20874A,N,O,04/06/2026 08:17:08 PM
20876A,N,O,04/07/2026 12:19:51 PM
20876B,N,O,04/07/2026 12:19:00 PM
20877A,N,V,04/07/2026 04:24:47 PM
20877B,N,O,04/07/2026 01:57:51 PM
20878A,N,O,04/07/2026 05:17:57 PM
20878B,N,O,04/07/2026 04:14:49 PM
20879A,N,O,04/07/2026 02:12:55 PM
20879B,N,V,04/07/2026 02:25:54 PM
2087A,N,O,04/07/2026 05:30:57 PM
20880A,N,V,04/07/2026 04:43:07 PM
20880B,N,O,04/07/2026 03:44:14 PM
20882A,N,O,04/07/2026 01:51:54 PM
20882B,N,O,04/07/2026 11:47:13 AM
20883A,N,O,04/07/2026 08:56:52 AM
20883B,N,O,04/07/2026 08:56:52 AM
20884A,N,V,04/07/2026 05:21:25 PM
20885A,N,O,04/07/2026 03:12:01 PM
20885B,N,V,04/07/2026 04:56:46 PM
20886A,N,O,04/07/2026 04:46:45 PM
20886B,N,V,04/07/2026 05:12:13 PM
20887A,N,O,04/07/2026 05:34:52 PM
20887B,N,O,04/07/2026 05:00:16 PM
20888A,N,O,04/07/2026 04:26:08 PM
20888B,N,V,04/07/2026 05:32:26 PM
20889A,N,O,04/07/2026 08:55:49 AM
20889B,N,O,04/07/2026 04:17:22 PM
2088A,N,O,04/07/2026 08:56:47 AM
2089A,N,O,04/07/2026 02:05:03 PM
2089B,N,O,04/07/2026 08:55:49 AM
208A,N,V,04/07/2026 05:36:20 PM
208B,N,O,04/07/2026 05:36:34 PM
20907A,N,O,04/07/2026 01:46:50 PM
20907B,N,O,04/07/2026 08:57:43 AM
20908A,N,O,04/07/2026 03:05:04 PM
20908B,N,V,04/07/2026 02:35:31 PM
20909A,N,V,04/07/2026 05:16:51 PM
20909B,N,O,04/07/2026 05:34:52 PM
2090A,N,O,04/07/2026 05:12:07 PM
2090B,N,O,04/07/2026 04:40:17 PM
20910B,N,V,04/07/2026 05:17:12 PM
20919A,N,V,04/07/2026 05:35:50 PM
2091A,N,O,04/07/2026 01:55:05 PM
2091B,N,O,04/07/2026 11:26:24 AM
20920A,N,O,04/07/2026 05:13:49 PM
20920B,N,V,04/07/2026 02:44:39 PM
20921A,N,V,04/07/2026 09:53:42 AM
20921B,N,V,04/07/2026 01:44:38 PM
20922A,N,V,04/07/2026 05:20:36 PM
20922B,N,O,04/07/2026 08:57:47 AM
20923A,N,O,04/07/2026 08:56:52 AM
20923B,N,O,04/06/2026 09:00:41 PM
2092A,N,O,04/07/2026 08:57:45 AM
2092B,N,O,04/07/2026 03:18:41 PM
20931A,N,V,04/07/2026 05:36:40 PM
20931B,N,V,04/07/2026 04:58:23 PM
20932A,N,V,04/07/2026 04:49:07 PM
20932B,N,O,04/07/2026 04:25:38 PM
20934A,N,O,04/07/2026 01:50:41 PM
20934B,N,V,04/07/2026 04:20:14 PM
20935A,N,V,04/07/2026 05:03:20 PM
20935B,N,V,04/07/2026 01:16:39 PM
20936A,N,O,10/13/2025 09:42:41 AM
20937A,N,O,04/07/2026 07:57:51 AM
20937B,N,O,04/07/2026 07:57:51 AM
20938A,N,O,04/07/2026 07:56:50 AM
20938B,N,O,04/07/2026 07:56:58 AM
20939A,N,O,04/07/2026 07:55:54 AM
20940B,N,O,04/07/2026 07:59:56 AM
20941A,NU,O,04/06/2026 07:58:51 AM
20941B,NU,O,04/05/2026 07:58:53 AM
20942A,N,O,04/07/2026 05:35:13 PM
20942B,N,O,04/07/2026 05:30:25 PM
20943A,N,O,04/06/2026 07:56:57 AM
20943B,N,O,04/07/2026 07:56:40 AM
20944A,N,O,04/07/2026 07:55:46 AM
20944B,N,O,04/07/2026 07:55:49 AM
20957A,N,O,04/07/2026 04:44:11 PM
20958A,N,O,04/07/2026 03:17:45 PM
20958B,N,O,04/07/2026 03:35:28 PM
20959A,N,V,04/07/2026 04:18:08 PM
20959B,N,O,04/07/2026 05:16:36 PM
20960A,N,O,04/07/2026 04:14:49 PM
20960B,N,O,04/07/2026 04:17:24 PM
20961A,N,O,04/07/2026 04:06:53 PM
20961B,N,O,04/07/2026 04:55:41 PM
20962A,N,O,04/07/2026 11:05:06 AM
20962B,N,O,04/07/2026 05:04:38 PM
20963A,N,O,04/07/2026 04:58:27 PM
20963B,N,O,04/07/2026 04:17:55 PM
20964A,N,O,04/07/2026 04:52:56 PM
20966A,N,O,04/07/2026 01:07:39 PM
20966B,N,O,04/07/2026 04:48:09 PM
20967A,N,V,04/07/2026 05:29:00 PM
20967B,N,O,04/07/2026 05:34:51 PM
20968B,N,O,04/07/2026 05:24:22 PM
20969A,N,V,04/07/2026 04:47:12 PM
20969B,N,O,04/07/2026 01:38:40 PM
20970A,N,O,04/07/2026 04:45:51 PM
20971A,N,O,04/07/2026 05:22:29 PM
20971B,N,O,04/07/2026 05:22:08 PM
20972A,N,V,04/07/2026 05:32:52 PM
20972B,N,O,04/07/2026 04:52:48 PM
20973A,N,O,04/07/2026 08:56:58 AM
20973B,N,O,04/07/2026 03:15:23 PM
20974A,N,O,04/07/2026 05:30:02 PM
20974B,N,O,04/07/2026 02:16:57 PM
20975A,N,O,04/07/2026 05:10:24 PM
20975B,N,O,04/07/2026 10:46:49 AM
20976A,N,O,04/07/2026 05:09:49 PM
20976B,N,O,04/07/2026 05:23:44 PM
20977A,N,O,04/07/2026 05:02:21 PM
20977B,N,O,04/07/2026 05:28:56 PM
20978A,N,O,04/07/2026 05:26:56 PM
20978B,N,O,04/07/2026 05:27:36 PM
20979A,N,O,04/07/2026 04:30:32 PM
20979B,N,O,04/07/2026 05:07:07 PM
2097B,N,O,04/07/2026 05:20:48 PM
20980A,N,O,04/07/2026 04:24:46 PM
20980B,N,O,04/07/2026 08:59:52 AM
20981B,N,O,04/07/2026 04:45:04 PM
20982A,N,O,04/07/2026 02:15:54 PM
20982B,N,O,04/07/2026 02:47:04 PM
20983A,N,O,04/07/2026 04:49:19 PM
20983B,N,V,04/07/2026 04:50:21 PM
20988A,N,O,04/07/2026 04:58:56 PM
20989A,N,O,04/07/2026 02:45:00 PM
20989B,N,O,04/07/2026 03:53:33 PM
2098A,N,V,04/07/2026 05:36:36 PM
2098B,N,O,04/07/2026 11:43:58 AM
20990A,N,O,04/07/2026 12:12:10 PM
20990B,N,O,04/07/2026 11:20:02 AM
2099A,N,O,04/07/2026 05:32:51 PM
2099B,N,O,04/07/2026 03:09:38 PM
20A,N,O,04/07/2026 03:51:27 PM
20B,N,O,04/07/2026 04:09:25 PM
21001A,N,O,04/07/2026 05:34:40 PM
21001B,N,O,04/07/2026 06:58:47 AM
21002A,N,O,04/07/2026 02:23:42 PM
21002B,N,O,04/07/2026 04:12:37 PM
21003A,NU,O,04/07/2026 10:57:44 AM
21003B,NU,V,04/07/2026 09:50:02 AM
21004A,N,O,04/07/2026 05:14:58 PM
21004B,N,O,04/07/2026 06:55:52 AM
21005A,N,O,04/07/2026 05:03:09 PM
21005B,N,O,04/07/2026 12:58:57 PM
21006A,N,O,04/07/2026 05:29:46 PM
21006B,N,O,04/07/2026 02:36:38 PM
21007A,N,V,04/07/2026 05:24:38 PM
21007B,N,O,04/07/2026 02:55:12 PM
21008A,N,O,04/07/2026 04:13:05 PM
21008B,N,O,04/07/2026 05:20:39 PM
21009B,N,O,04/07/2026 02:18:55 PM
2100A,N,O,04/07/2026 01:10:04 PM
2100B,N,O,04/07/2026 11:40:37 AM
21010B,N,O,04/07/2026 02:23:24 PM
21011A,N,O,04/07/2026 06:58:53 AM
21011B,N,O,04/07/2026 05:13:21 PM
21012A,N,O,04/07/2026 05:13:14 PM
21012B,N,V,04/07/2026 05:15:50 PM
21013A,N,O,04/07/2026 06:56:53 AM
21013B,N,O,04/07/2026 11:11:07 AM
21014A,N,O,04/07/2026 11:00:37 AM
21014B,N,V,04/07/2026 04:55:10 PM
21015A,N,O,04/07/2026 03:37:16 PM
21015B,N,O,04/07/2026 09:36:09 AM
21016A,N,O,04/07/2026 04:20:33 PM
21016B,N,O,04/07/2026 05:14:28 PM
21017A,N,O,04/07/2026 04:58:35 PM
21017B,N,O,04/07/2026 04:58:04 PM
21018A,N,O,04/07/2026 03:43:32 PM
21018B,N,V,04/07/2026 04:55:49 PM
21019A,N,V,04/07/2026 04:46:39 PM
21019B,N,V,04/07/2026 05:01:01 PM
2101A,N,O,04/07/2026 10:28:43 AM
2101B,N,O,04/07/2026 02:13:49 PM
21020A,N,O,04/07/2026 04:43:07 PM
21020B,N,O,04/07/2026 02:17:08 PM
21021B,N,O,04/07/2026 04:51:39 PM
21022A,N,O,04/07/2026 04:04:25 PM
21022B,N,O,04/07/2026 01:54:57 PM
21023A,N,O,04/07/2026 05:34:48 PM
21023B,N,O,04/07/2026 05:32:42 PM
21024A,N,O,04/07/2026 05:29:06 PM
21024B,N,O,04/07/2026 05:04:06 PM
2102A,N,O,04/07/2026 10:27:53 AM
2102B,N,O,04/07/2026 02:06:45 PM
21031A,N,O,04/07/2026 04:39:19 PM
21032A,N,V,04/07/2026 05:36:25 PM
21032B,N,O,04/07/2026 03:57:02 PM
21033A,N,O,04/07/2026 12:09:36 PM
21033B,N,O,04/07/2026 05:15:06 PM
21035A,N,O,04/07/2026 05:31:30 PM
21035B,N,O,04/07/2026 05:05:56 PM
21036A,N,O,04/07/2026 05:08:20 PM
21036B,N,O,04/07/2026 03:40:18 PM
21037A,N,V,04/07/2026 05:25:29 PM
21037B,N,O,04/07/2026 05:35:30 PM
21038A,N,V,04/07/2026 05:36:02 PM
21038B,N,V,04/07/2026 05:23:02 PM
21039A,N,O,04/07/2026 05:04:36 PM
21039B,N,V,04/07/2026 05:35:00 PM
21040A,N,O,04/07/2026 04:37:58 PM
21040B,N,O,04/07/2026 02:16:54 PM
21041A,N,O,04/07/2026 02:59:50 PM
21041B,N,O,04/07/2026 04:05:57 PM
21042A,N,O,04/07/2026 03:15:38 PM
21042B,N,V,04/07/2026 05:35:07 PM
21043A,N,O,04/07/2026 02:42:20 PM
21043B,N,O,04/07/2026 06:56:48 AM
21044A,N,O,04/07/2026 06:55:47 AM
21044B,N,O,04/07/2026 06:55:47 AM
21045A,N,O,04/07/2026 04:09:23 PM
21045B,N,O,04/07/2026 03:18:59 PM
21046A,N,O,04/07/2026 12:21:49 PM
21046B,N,O,04/07/2026 11:52:46 AM
21050B,N,O,04/07/2026 08:59:48 AM
21051A,N,O,04/07/2026 08:58:52 AM
21051B,N,O,04/07/2026 01:00:28 PM
21052A,N,O,04/07/2026 05:29:00 PM
21052B,N,O,04/07/2026 05:28:36 PM
21053A,N,V,04/07/2026 03:39:10 PM
21053B,N,O,04/07/2026 01:44:27 PM
21054A,N,O,04/07/2026 03:50:03 PM
21054B,N,O,04/07/2026 04:25:21 PM
21055A,N,O,04/07/2026 04:43:31 PM
21055B,N,V,04/07/2026 05:30:45 PM
21056A,N,O,04/07/2026 01:29:18 PM
21056B,N,O,04/07/2026 04:40:03 PM
21057B,N,O,04/07/2026 08:57:51 AM
21058A,N,O,04/07/2026 05:20:47 PM
21058B,N,O,04/07/2026 12:24:30 PM
21059A,N,O,04/07/2026 12:24:30 PM
21059B,N,O,04/07/2026 02:34:07 PM
21070A,N,O,04/07/2026 05:24:42 PM
21070B,N,O,04/07/2026 04:37:13 PM
21071A,N,O,04/07/2026 05:30:17 PM
21071B,N,V,04/07/2026 05:18:04 PM
21072A,N,O,04/07/2026 04:40:29 PM
21072B,N,V,04/07/2026 05:31:07 PM
21073A,N,V,04/07/2026 05:15:54 PM
21073B,N,O,04/07/2026 05:06:17 PM
21074A,N,O,04/07/2026 04:50:27 PM
21074B,N,O,04/07/2026 04:22:31 PM
21075A,N,O,04/07/2026 01:06:43 PM
21075B,N,V,04/06/2026 06:01:59 PM
21076A,N,V,04/07/2026 05:32:39 PM
21076B,N,O,04/07/2026 03:33:17 PM
21077A,N,O,04/07/2026 05:27:30 PM
21077B,N,O,04/07/2026 05:27:30 PM
21078A,N,V,04/07/2026 12:49:42 PM
21078B,N,O,04/07/2026 06:56:47 AM
21079A,N,O,04/07/2026 06:55:47 AM
21079B,N,V,04/07/2026 05:03:56 PM
21080A,N,V,04/06/2026 07:55:25 PM
21080B,N,V,04/06/2026 07:55:07 PM
21081A,N,O,04/07/2026 06:58:41 AM
21081B,N,O,04/06/2026 01:20:12 PM
21082A,N,V,04/07/2026 05:35:30 PM
21082B,N,O,04/07/2026 04:40:05 PM
21083A,N,O,04/07/2026 05:36:37 PM
21083B,N,V,04/07/2026 05:27:47 PM
21084A,N,O,04/07/2026 05:01:14 PM
21084B,N,V,04/07/2026 05:01:24 PM
21085A,N,V,04/07/2026 05:25:45 PM
21085B,N,V,04/07/2026 05:36:19 PM
21086A,N,V,04/07/2026 01:33:39 PM
21086B,N,V,04/07/2026 05:10:04 PM
21087A,N,V,04/07/2026 05:33:49 PM
21087B,N,V,04/07/2026 05:06:03 PM
21088A,N,V,04/07/2026 04:35:40 PM
21088B,N,O,04/07/2026 04:29:47 PM
21089A,N,V,04/07/2026 04:24:09 PM
21089B,N,O,04/07/2026 05:33:39 PM
21090A,N,V,04/07/2026 03:54:05 PM
21090B,N,O,04/07/2026 04:46:57 PM
21091A,N,V,04/07/2026 04:10:02 PM
21091B,N,O,04/07/2026 05:03:57 PM
21092A,N,O,04/07/2026 03:15:44 PM
21092B,N,O,04/07/2026 05:30:42 PM
21093A,N,O,04/07/2026 04:38:08 PM
21093B,N,O,04/07/2026 05:21:11 PM
21094A,N,V,04/07/2026 04:54:11 PM
21094B,N,V,04/07/2026 02:33:12 PM
21095A,N,V,04/07/2026 05:27:57 PM
21095B,N,V,04/07/2026 01:23:22 PM
21096A,N,O,04/07/2026 05:36:18 PM
21096B,N,V,04/07/2026 01:28:40 PM
21097A,N,O,04/07/2026 04:36:12 PM
21097B,N,O,04/07/2026 05:08:20 PM
21098A,N,O,04/07/2026 04:00:12 PM
21098B,N,O,04/07/2026 04:33:06 PM
21099A,N,V,04/07/2026 04:26:17 PM
21099B,N,V,04/07/2026 04:35:12 PM
2109A,N,O,04/07/2026 05:21:28 PM
2109B,N,O,04/07/2026 02:36:37 PM
210A,N,V,04/07/2026 04:36:52 PM
21100A,N,V,04/07/2026 05:11:56 PM
21100B,N,O,04/06/2026 07:59:49 PM
21101A,N,O,04/07/2026 05:15:03 PM
21101B,N,O,04/07/2026 05:01:01 PM
21102A,N,V,04/07/2026 05:18:18 PM
21102B,N,V,04/07/2026 03:43:47 PM
21103A,N,V,04/07/2026 05:17:58 PM
21103B,N,O,04/07/2026 04:58:03 PM
21104A,N,V,04/07/2026 04:26:19 PM
21104B,N,O,04/07/2026 03:04:29 PM
21105A,N,V,04/07/2026 12:35:50 PM
21105B,N,V,04/07/2026 05:36:15 PM
21106A,N,V,04/07/2026 05:27:21 PM
21106B,N,O,04/07/2026 04:08:36 PM
21107A,N,O,04/07/2026 05:07:46 PM
21107B,N,O,04/07/2026 04:09:03 PM
21108A,N,O,04/07/2026 05:35:02 PM
21108B,N,O,04/07/2026 05:07:01 PM
21109A,N,V,04/07/2026 05:01:05 PM
21109B,N,V,04/07/2026 05:30:39 PM
2110A,N,O,04/07/2026 05:24:23 PM
2110B,N,O,04/07/2026 03:15:36 PM
2119A,N,O,04/06/2026 04:05:09 PM
2119B,N,O,04/07/2026 10:25:57 AM
211A,N,O,04/07/2026 05:36:29 PM
211B,N,O,04/07/2026 05:14:48 PM
2120A,N,V,04/07/2026 05:15:33 PM
2120B,N,O,04/07/2026 12:25:02 PM
212A,N,O,04/07/2026 05:06:27 PM
212B,N,O,04/07/2026 05:22:06 PM
2132A,N,O,04/07/2026 05:01:58 PM
2132B,N,O,04/07/2026 05:29:54 PM
2133A,N,O,04/07/2026 02:19:19 PM
2133B,N,O,04/07/2026 05:12:02 PM
213A,N,O,04/07/2026 05:08:50 PM
213B,N,O,04/07/2026 11:21:18 AM
2148A,N,O,04/07/2026 04:10:29 PM
2148B,N,O,04/07/2026 05:02:12 PM
2149A,N,O,04/07/2026 12:00:20 PM
2149B,N,O,04/07/2026 03:40:09 PM
214B,N,O,04/07/2026 04:23:38 PM
2150A,N,O,04/07/2026 11:56:15 AM
2150B,N,O,04/06/2026 10:29:46 AM
21523A,N,O,04/07/2026 03:51:29 PM
21524A,N,O,04/07/2026 05:14:20 PM
21524B,N,O,04/07/2026 02:19:02 PM
21525A,N,O,04/07/2026 05:15:54 PM
21526A,N,O,04/07/2026 05:26:13 PM
21526B,N,O,04/07/2026 05:32:06 PM
21527A,N,O,04/07/2026 05:04:22 PM
21527B,N,V,04/07/2026 05:00:33 PM
21528A,N,O,04/07/2026 04:14:30 PM
21528B,N,V,04/07/2026 05:36:37 PM
21529A,N,V,04/07/2026 05:36:41 PM
21529B,N,V,04/07/2026 05:36:41 PM
21530A,N,O,04/07/2026 05:10:33 PM
21530B,N,V,04/07/2026 05:29:04 PM
21531A,N,O,04/07/2026 05:23:27 PM
21532A,N,O,04/07/2026 01:06:03 PM
21532B,N,O,04/07/2026 03:43:15 PM
21533A,N,V,04/07/2026 05:08:21 PM
21534A,N,V,04/07/2026 04:54:03 PM
21534B,N,V,04/07/2026 04:08:18 PM
21535B,N,V,04/07/2026 05:33:29 PM
21536A,N,O,04/07/2026 05:33:53 PM
21536B,N,V,04/07/2026 02:35:12 PM
21537A,N,V,04/07/2026 05:16:52 PM
21537B,N,V,04/07/2026 05:34:28 PM
21538A,N,O,04/07/2026 05:10:58 PM
21538B,N,O,04/07/2026 05:36:26 PM
21539A,N,V,04/07/2026 05:00:21 PM
21539B,N,V,04/07/2026 03:39:06 PM
21540A,N,O,04/07/2026 04:47:02 PM
21540B,N,V,04/07/2026 05:22:54 PM
21541A,N,O,04/07/2026 05:34:54 PM
21541B,N,O,04/07/2026 05:36:41 PM
21542A,N,O,04/07/2026 05:28:07 PM
21542B,N,O,04/07/2026 05:30:57 PM
21543A,N,O,04/07/2026 04:51:45 PM
21544A,N,V,04/07/2026 02:12:21 PM
21544B,N,V,04/07/2026 03:53:13 PM
21545A,N,O,04/07/2026 05:05:48 PM
21545B,N,O,04/07/2026 04:09:23 PM
21546A,N,O,04/07/2026 02:59:37 PM
21546B,N,O,04/07/2026 05:03:58 PM
21547A,N,V,04/07/2026 03:01:57 PM
21547B,N,O,04/07/2026 03:48:11 PM
21548A,N,V,04/07/2026 04:25:04 PM
21548B,N,O,04/07/2026 04:54:47 PM
21549A,N,V,04/07/2026 03:59:39 PM
21549B,N,O,04/07/2026 05:22:17 PM
21550A,N,V,04/07/2026 05:00:19 PM
21550B,N,O,04/07/2026 05:26:47 PM
21551A,N,V,04/07/2026 03:29:59 PM
21551B,N,O,04/07/2026 05:23:52 PM
21552A,N,V,04/07/2026 04:44:10 PM
21552B,N,V,04/07/2026 04:39:15 PM
21553A,N,V,04/07/2026 04:37:40 PM
21553B,N,V,04/07/2026 04:38:56 PM
21554A,N,V,04/07/2026 04:37:25 PM
21554B,N,V,04/07/2026 04:41:37 PM
21555A,N,V,04/07/2026 04:40:13 PM
21555B,N,V,04/07/2026 05:28:17 PM
21556A,N,V,04/07/2026 05:15:13 PM
21556B,N,V,04/07/2026 05:31:30 PM
21557A,N,V,04/07/2026 01:52:35 PM
21557B,N,O,04/07/2026 02:22:50 PM
21558A,N,V,04/07/2026 04:36:30 PM
21558B,N,O,04/07/2026 05:16:25 PM
21559A,N,V,04/07/2026 03:31:46 PM
21559B,N,V,04/07/2026 03:21:18 PM
21560A,N,O,04/07/2026 02:56:27 PM
21560B,N,O,04/07/2026 05:11:50 PM
21561A,N,V,04/07/2026 04:05:29 PM
21561B,N,O,04/07/2026 06:58:48 AM
21562A,N,V,04/07/2026 05:13:42 PM
21562B,N,O,04/07/2026 04:48:36 PM
21563A,N,V,04/07/2026 02:24:21 PM
21563B,N,O,04/07/2026 05:35:47 PM
21564A,N,V,04/07/2026 03:02:42 PM
21564B,N,O,04/07/2026 04:09:22 PM
21565A,N,O,04/07/2026 05:36:42 PM
21565B,N,O,04/07/2026 05:07:30 PM
21566A,N,O,04/07/2026 05:07:51 PM
21566B,N,O,04/07/2026 05:03:40 PM
21567A,N,O,04/07/2026 05:27:42 PM
21568B,N,V,04/07/2026 04:51:18 PM
21573B,N,O,04/07/2026 04:32:07 PM
21574A,N,O,04/07/2026 05:13:54 PM
21574B,N,V,04/07/2026 05:25:49 PM
21575A,N,O,04/07/2026 06:59:51 AM
21575B,N,O,04/07/2026 03:39:28 PM
21589A,N,O,04/07/2026 06:55:48 AM
21589B,N,O,04/07/2026 12:45:26 PM
21590A,NU,O,05/28/2025 06:59:42 AM
21590B,NU,O,05/28/2025 09:25:12 AM
21591A,NU,O,05/28/2025 06:58:52 AM
21591B,NU,O,05/28/2025 07:54:35 AM
21592B,NU,O,05/28/2025 08:01:04 AM
21593A,N,V,04/07/2026 11:05:03 AM
21593B,N,V,04/07/2026 04:20:59 PM
21594A,N,O,04/07/2026 04:17:29 PM
21594B,N,O,04/07/2026 04:01:58 PM
21595A,N,V,04/07/2026 04:22:34 PM
21595B,N,O,04/07/2026 04:40:03 PM
21596A,N,V,04/07/2026 04:40:47 PM
21596B,N,V,04/07/2026 02:12:02 PM
21597A,N,V,04/07/2026 05:02:32 PM
21597B,N,O,04/07/2026 05:35:51 PM
21598A,N,V,04/07/2026 02:32:26 PM
21598B,N,V,04/02/2026 03:00:42 PM
21599A,N,V,04/07/2026 11:12:42 AM
21599B,N,V,04/07/2026 11:12:56 AM
215A,N,O,04/07/2026 04:35:59 PM
215B,N,V,04/07/2026 05:10:34 PM
21600A,N,V,04/02/2026 11:14:37 AM
21600B,N,V,04/02/2026 11:14:59 AM
21601A,N,O,04/07/2026 06:58:52 AM
21601B,N,O,04/07/2026 01:42:35 PM
21602A,N,O,04/07/2026 06:57:49 AM
21602B,N,O,04/07/2026 06:57:49 AM
21603A,N,V,04/07/2026 05:35:46 PM
21603B,N,O,04/07/2026 08:04:14 AM
21604A,N,O,04/07/2026 12:01:46 PM
21604B,N,O,04/07/2026 01:16:49 PM
21605A,N,O,04/07/2026 07:00:00 AM
21605B,N,O,04/07/2026 06:59:51 AM
21606A,N,O,04/07/2026 06:58:49 AM
21606B,N,O,04/07/2026 07:37:49 AM
21607A,N,V,04/07/2026 10:28:27 AM
21608A,N,V,04/07/2026 07:54:20 AM
21608B,N,O,04/07/2026 04:54:54 PM
21609A,N,V,04/07/2026 04:25:31 PM
21609B,N,V,04/07/2026 04:26:51 PM
2160A,N,O,04/07/2026 03:13:17 PM
2160B,N,O,04/07/2026 05:32:07 PM
21610A,N,V,04/07/2026 01:50:14 PM
21610B,N,O,04/07/2026 05:26:11 PM
21611A,N,O,04/07/2026 06:58:52 AM
21611B,N,O,04/07/2026 06:58:45 AM
21612A,N,V,04/06/2026 11:32:47 AM
21612B,N,V,04/06/2026 05:12:08 PM
21613A,N,V,04/05/2026 12:26:44 PM
21614A,N,V,04/07/2026 02:34:53 PM
21614B,N,V,04/07/2026 03:47:25 PM
21615A,N,V,04/07/2026 03:48:11 PM
21615B,N,V,04/07/2026 02:55:42 PM
21616A,N,V,04/06/2026 03:34:16 PM
21616B,N,V,04/03/2026 05:23:51 PM
21617A,N,V,04/06/2026 03:27:46 PM
21617B,N,V,04/07/2026 05:35:26 PM
21618A,N,V,04/06/2026 04:11:54 PM
21618B,N,V,04/05/2026 04:35:31 PM
21619A,N,V,04/07/2026 04:56:34 PM
21619B,N,V,04/07/2026 04:09:13 PM
2161A,N,O,04/07/2026 10:28:56 AM
2161B,N,O,04/07/2026 02:14:33 PM
21620A,N,V,04/07/2026 05:36:12 PM
21621A,N,O,04/07/2026 05:36:37 PM
21621B,N,V,04/06/2026 07:23:53 PM
21622A,N,V,04/07/2026 05:34:32 PM
21622B,N,V,04/07/2026 10:18:39 AM
21623A,N,V,04/07/2026 04:52:31 PM
21623B,N,V,04/07/2026 03:22:32 PM
21624A,N,V,04/07/2026 04:26:58 PM
21624B,N,V,04/07/2026 05:05:57 PM
21625A,N,V,04/07/2026 05:34:14 PM
21625B,N,O,04/07/2026 04:17:51 PM
21626A,N,V,04/07/2026 05:01:01 PM
21626B,N,V,04/07/2026 04:40:29 PM
21627B,N,O,04/07/2026 05:23:07 PM
2162B,N,O,04/07/2026 02:23:42 PM
21630A,N,V,04/07/2026 05:35:48 PM
21630B,N,O,04/07/2026 04:11:05 PM
21631A,N,V,04/07/2026 05:31:33 PM
21631B,N,V,04/07/2026 05:25:41 PM
21632B,N,O,04/07/2026 02:43:43 PM
21640A,N,O,04/07/2026 04:55:02 PM
21640B,N,O,04/07/2026 06:59:52 AM
21641A,N,V,04/07/2026 04:58:11 PM
21641B,N,V,04/07/2026 05:19:13 PM
21642A,N,V,04/06/2026 04:04:41 PM
21642B,N,V,04/07/2026 05:35:48 PM
21643A,N,V,04/07/2026 05:36:39 PM
21643B,N,O,04/07/2026 06:56:53 AM
21644A,N,V,04/07/2026 09:56:47 AM
21645A,N,V,04/06/2026 04:07:27 PM
21645B,N,O,02/16/2026 12:23:44 PM
21646A,N,V,02/16/2026 11:32:41 AM
21646B,N,V,02/16/2026 12:22:17 PM
21647A,N,O,04/07/2026 06:57:44 AM
21647B,N,V,02/14/2026 03:14:21 PM
21648A,NU,O,02/09/2026 02:09:45 PM
21648B,NU,V,02/09/2026 02:09:45 PM
21649B,N,V,02/16/2026 12:20:25 PM
2164A,N,O,04/07/2026 10:25:57 AM
2164B,N,O,04/07/2026 12:32:16 PM
21650B,N,V,02/15/2026 07:56:51 PM
21651A,N,V,04/07/2026 11:41:46 AM
21651B,N,V,02/15/2026 06:40:56 PM
21652A,N,V,02/14/2026 03:28:35 PM
21652B,N,V,04/07/2026 07:30:16 AM
21653A,N,O,02/16/2026 12:16:18 PM
21653B,N,V,02/16/2026 10:09:22 AM
21654A,N,V,04/07/2026 09:47:40 AM
21654B,N,V,02/15/2026 03:34:35 PM
21655A,N,V,02/16/2026 11:39:24 AM
21655B,N,V,02/16/2026 11:16:16 AM
21656A,N,V,02/14/2026 03:26:49 PM
21656B,N,V,04/06/2026 06:26:41 PM
21657B,N,V,04/07/2026 04:41:40 PM
21658A,N,V,04/06/2026 04:14:15 PM
21658B,N,V,04/06/2026 04:14:15 PM
21659A,N,O,04/07/2026 03:28:13 PM
21659B,N,V,04/07/2026 04:05:16 PM
2165A,N,O,04/07/2026 04:35:16 PM
2165B,N,O,04/07/2026 04:21:59 PM
21660A,N,O,04/07/2026 03:31:16 PM
21660B,N,O,04/07/2026 03:31:23 PM
21661A,NU,O,02/16/2026 06:58:50 AM
2166A,N,O,04/07/2026 05:22:46 PM
2166B,N,O,04/07/2026 05:23:52 PM
2167A,N,O,04/07/2026 10:27:44 AM
2167B,N,O,04/07/2026 04:58:43 PM
216A,N,O,04/07/2026 05:34:53 PM
216B,N,O,04/07/2026 05:35:35 PM
21700A,N,O,04/07/2026 04:56:46 PM
21700B,N,O,04/07/2026 05:11:43 PM
21701A,N,V,04/07/2026 04:02:08 PM
21701B,N,O,04/07/2026 01:22:02 PM
21702A,N,V,04/07/2026 08:51:00 AM
21702B,N,V,04/07/2026 04:02:20 PM
21703A,N,O,04/07/2026 05:29:07 PM
21703B,N,V,04/07/2026 05:24:49 PM
217A,N,O,04/07/2026 04:38:38 PM
217B,N,V,04/07/2026 05:17:47 PM
218A,N,O,04/07/2026 11:45:12 AM
218B,N,O,04/07/2026 05:26:18 PM
21A,N,O,04/07/2026 03:05:00 PM
21B,N,O,04/07/2026 04:24:28 PM
22001A,N,O,04/07/2026 12:34:58 PM
22001B,N,O,04/07/2026 04:58:57 PM
22002A,N,O,04/07/2026 05:26:02 PM
22002B,N,O,04/07/2026 04:39:53 PM
22003A,N,O,04/07/2026 04:41:39 PM
22003B,N,O,04/07/2026 03:24:20 PM
22004A,N,O,04/07/2026 10:25:54 AM
22004B,N,O,04/07/2026 05:14:21 PM
22005A,N,O,04/07/2026 05:20:37 PM
22006A,N,O,04/07/2026 08:58:41 AM
22006B,N,O,04/07/2026 08:58:50 AM
22007A,N,O,04/07/2026 05:08:05 PM
22007B,N,O,04/07/2026 03:14:27 PM
22008A,N,O,04/07/2026 04:59:53 PM
22008B,N,O,04/07/2026 05:16:38 PM
22009A,N,O,04/07/2026 02:53:39 PM
22009B,N,O,04/07/2026 05:13:41 PM
22010A,N,O,04/07/2026 04:27:57 PM
22010B,N,O,04/07/2026 01:07:10 PM
22012A,N,O,04/07/2026 01:58:37 PM
22012B,N,O,04/07/2026 03:30:25 PM
22013A,N,O,04/07/2026 03:09:02 PM
22013B,N,O,04/07/2026 04:31:31 PM
22014A,N,O,04/07/2026 01:17:02 PM
22014B,N,O,04/07/2026 04:47:54 PM
22015A,N,O,04/07/2026 03:25:57 PM
22015B,N,O,04/07/2026 05:25:21 PM
22016A,N,V,04/07/2026 05:35:56 PM
22016B,N,O,04/07/2026 02:50:07 PM
22017A,N,O,04/07/2026 04:43:23 PM
22018A,N,O,04/07/2026 05:26:47 PM
22018B,N,O,04/07/2026 04:59:30 PM
22020A,N,O,04/07/2026 05:24:46 PM
22021A,N,O,04/07/2026 05:19:03 PM
22021B,N,O,04/07/2026 05:24:10 PM
22022A,N,O,04/07/2026 03:43:47 PM
22022B,N,O,04/07/2026 05:35:27 PM
22023A,N,O,04/07/2026 04:26:07 PM
22023B,N,O,04/07/2026 04:31:42 PM
22024A,N,V,04/07/2026 05:36:21 PM
22024B,N,O,04/07/2026 05:25:41 PM
22025A,N,O,04/07/2026 02:20:21 PM
22025B,N,O,04/06/2026 09:09:50 PM
22026A,N,V,04/07/2026 05:35:59 PM
22026B,N,O,04/07/2026 05:35:59 PM
22027A,N,O,04/07/2026 05:23:26 PM
22027B,N,O,04/07/2026 05:16:39 PM
22028A,N,O,04/07/2026 05:33:32 PM
22028B,N,O,04/07/2026 11:50:37 AM
22029B,N,O,04/07/2026 04:11:53 PM
22031A,N,O,04/07/2026 02:02:38 PM
22031B,N,O,04/07/2026 03:40:46 PM
22032A,N,V,04/07/2026 03:51:52 PM
22032B,N,O,04/07/2026 02:07:46 PM
22033B,N,O,04/07/2026 04:47:17 PM
22034A,N,O,04/07/2026 05:11:24 PM
22034B,N,V,04/07/2026 05:33:18 PM
22035A,N,O,04/07/2026 03:40:25 PM
22035B,N,O,04/07/2026 03:29:05 PM
22036A,N,V,04/07/2026 10:22:36 AM
22036B,N,O,04/07/2026 01:30:50 PM
22037A,N,O,04/07/2026 05:18:38 PM
22038A,N,O,04/07/2026 05:28:37 PM
22038B,N,O,04/07/2026 10:50:31 AM
22039A,N,O,04/07/2026 05:06:29 PM
22039B,N,O,04/07/2026 04:31:00 PM
22040A,N,O,04/07/2026 05:16:53 PM
22040B,N,O,04/07/2026 04:24:40 PM
22041A,N,O,04/07/2026 02:50:26 PM
22041B,N,O,04/07/2026 04:19:03 PM
22042A,N,O,04/07/2026 01:40:46 PM
22042B,N,O,04/07/2026 05:18:48 PM
22043A,N,O,04/07/2026 08:56:48 AM
22043B,N,O,04/07/2026 03:49:19 PM
22044A,N,O,04/07/2026 05:08:22 PM
22044B,N,O,04/07/2026 04:25:32 PM
22045A,N,O,04/07/2026 04:33:23 PM
22045B,N,O,04/07/2026 04:41:10 PM
22046A,N,O,04/07/2026 04:55:03 PM
22046B,N,O,04/07/2026 04:04:47 PM
22047A,N,O,04/07/2026 03:45:38 PM
22047B,N,O,04/07/2026 04:50:10 PM
22048A,N,O,04/07/2026 08:56:52 AM
22048B,N,O,04/07/2026 03:05:00 PM
22049A,N,O,04/07/2026 04:19:00 PM
22049B,N,O,04/07/2026 04:11:18 PM
22050A,N,O,04/07/2026 04:28:16 PM
22050B,N,O,04/07/2026 04:11:36 PM
22051A,N,O,04/07/2026 03:14:07 PM
22051B,N,O,04/07/2026 05:00:37 PM
22052A,N,O,04/07/2026 02:07:05 PM
22053A,N,O,04/07/2026 05:30:15 PM
22053B,N,O,04/07/2026 05:36:07 PM
22054A,N,O,04/07/2026 08:55:48 AM
22054B,N,O,04/07/2026 05:08:28 PM
22055B,N,O,04/07/2026 08:59:49 AM
22059A,N,O,04/07/2026 05:34:33 PM
22059B,N,O,04/07/2026 05:23:29 PM
22060A,N,O,04/07/2026 01:21:24 PM
22060B,N,O,04/07/2026 05:28:04 PM
22061A,N,O,04/07/2026 04:51:13 PM
22062A,N,V,04/07/2026 04:43:45 PM
22062B,N,O,04/07/2026 04:40:58 PM
22063A,N,O,04/07/2026 09:56:48 AM
22063B,N,O,04/07/2026 01:57:17 PM
22065A,N,O,04/07/2026 08:59:47 AM
22066A,N,O,04/07/2026 02:16:57 PM
22066B,N,O,04/07/2026 05:05:02 PM
22067A,N,O,04/07/2026 01:25:33 PM
22067B,N,O,04/07/2026 08:58:26 AM
22068A,N,V,04/07/2026 05:16:03 PM
22068B,N,O,04/07/2026 04:36:38 PM
22069A,N,O,04/07/2026 03:46:52 PM
22069B,N,O,04/07/2026 01:55:27 PM
22070A,N,O,04/07/2026 11:37:41 AM
22071A,N,V,04/07/2026 05:33:59 PM
22071B,N,O,04/07/2026 02:46:08 PM
22072A,N,O,04/07/2026 05:22:18 PM
22072B,N,O,04/07/2026 08:57:54 AM
22073A,N,O,04/07/2026 04:55:35 PM
22073B,N,O,04/07/2026 04:35:03 PM
22074A,N,O,04/07/2026 03:17:39 PM
22074B,N,O,04/07/2026 12:21:15 PM
22075A,N,O,04/07/2026 05:20:33 PM
22075B,N,V,04/07/2026 05:23:06 PM
22076A,N,O,04/07/2026 04:45:08 PM
22076B,N,O,04/07/2026 04:58:28 PM
22077A,N,V,04/07/2026 02:10:33 PM
22077B,N,V,04/07/2026 02:10:33 PM
22078A,N,O,04/07/2026 05:18:14 PM
22078B,N,V,04/07/2026 11:51:18 AM
22080A,N,O,04/07/2026 10:00:07 AM
22080B,N,O,04/07/2026 09:59:53 AM
22081A,N,O,04/07/2026 11:29:30 AM
22081B,N,O,04/07/2026 09:58:50 AM
22082A,N,O,04/07/2026 09:57:45 AM
22082B,N,O,04/07/2026 09:57:45 AM
22083A,N,O,04/07/2026 09:56:49 AM
22083B,N,O,04/07/2026 09:56:56 AM
22084A,N,V,04/07/2026 04:17:04 PM
22084B,N,O,04/07/2026 09:55:46 AM
22085A,N,O,04/07/2026 09:59:55 AM
22085B,N,O,04/07/2026 02:43:32 PM
22086A,N,O,04/07/2026 09:58:52 AM
22086B,N,O,04/07/2026 09:58:49 AM
22087A,N,O,04/06/2026 03:33:36 PM
22087B,N,O,04/07/2026 09:57:44 AM
22088A,N,O,04/07/2026 09:56:55 AM
22088B,N,O,04/07/2026 09:56:55 AM
22089A,N,O,04/07/2026 09:55:47 AM
22089B,N,O,04/07/2026 03:50:48 PM
22090A,N,O,04/07/2026 03:50:44 PM
22090B,N,O,04/07/2026 03:29:51 PM
22091A,N,O,04/07/2026 01:46:13 PM
22091B,N,O,04/07/2026 12:37:59 PM
22092A,N,O,04/07/2026 09:57:50 AM
22092B,N,O,04/07/2026 09:57:50 AM
22093A,N,O,04/07/2026 04:25:06 PM
22093B,N,O,04/07/2026 09:56:50 AM
22094A,N,O,04/07/2026 03:39:50 PM
22094B,N,O,04/07/2026 09:55:52 AM
22095A,N,O,04/07/2026 09:59:52 AM
22095B,N,O,04/07/2026 12:09:14 PM
22096A,N,O,04/07/2026 05:18:30 PM
22096B,N,O,04/07/2026 09:58:46 AM
22097A,N,O,04/07/2026 09:58:51 AM
22097B,N,O,04/07/2026 03:44:18 PM
22098A,N,O,04/07/2026 08:57:52 AM
22098B,N,O,04/07/2026 11:36:27 AM
22099A,N,O,04/06/2026 08:55:52 AM
22099B,N,O,04/07/2026 11:39:10 AM
22100A,N,O,04/07/2026 11:20:09 AM
22100B,N,O,04/07/2026 09:08:41 AM
22101A,N,O,04/07/2026 08:58:52 AM
22101B,N,O,04/07/2026 08:58:52 AM
22102A,N,O,04/07/2026 09:55:22 AM
22102B,N,O,04/07/2026 01:22:16 PM
22103B,N,V,04/07/2026 05:36:30 PM
22104A,N,O,04/07/2026 08:55:45 AM
22104B,N,V,04/07/2026 05:29:26 PM
22105A,N,O,04/07/2026 12:09:19 PM
22105B,N,O,04/07/2026 12:09:19 PM
22106A,N,O,04/07/2026 11:26:38 AM
22106B,N,O,04/07/2026 12:33:42 PM
22110A,N,O,04/07/2026 08:59:53 AM
22110B,N,O,04/07/2026 08:59:53 AM
22111A,N,O,04/07/2026 08:58:57 AM
22111B,N,O,04/07/2026 08:58:46 AM
22112A,N,O,04/07/2026 08:57:44 AM
22112B,N,O,04/06/2026 02:59:12 PM
22113A,N,O,04/07/2026 08:57:00 AM
22113B,N,O,04/07/2026 08:56:43 AM
22114A,N,O,04/07/2026 08:55:54 AM
22114B,N,O,04/07/2026 08:55:46 AM
22115A,N,O,04/07/2026 08:59:55 AM
22115B,N,O,04/07/2026 05:26:07 PM
22116A,N,O,04/07/2026 08:58:53 AM
22116B,N,O,04/07/2026 08:58:46 AM
22117A,N,O,04/07/2026 08:58:37 AM
22117B,N,O,04/07/2026 08:58:09 AM
22118A,N,O,04/07/2026 10:01:44 AM
22118B,N,O,04/07/2026 08:56:54 AM
22119A,N,O,04/07/2026 08:56:51 AM
22120A,N,O,04/07/2026 04:35:03 PM
22120B,N,O,04/07/2026 04:31:32 PM
22121A,N,V,04/07/2026 03:05:13 PM
22121B,N,O,04/07/2026 04:45:14 PM
22122A,N,O,04/07/2026 04:54:34 PM
22122B,N,V,04/07/2026 04:49:26 PM
22123A,N,V,04/07/2026 05:01:24 PM
22123B,N,O,04/07/2026 04:42:09 PM
22125B,N,O,04/07/2026 05:21:51 PM
22126A,N,V,04/07/2026 05:36:39 PM
22126B,N,O,04/07/2026 08:59:41 AM
22127A,N,O,04/07/2026 03:29:46 PM
22127B,N,O,04/07/2026 05:21:47 PM
22128A,N,O,04/07/2026 03:55:45 PM
22128B,N,O,04/07/2026 04:14:31 PM
22129A,N,O,04/07/2026 02:29:32 PM
22129B,N,O,04/07/2026 03:16:08 PM
22130A,N,O,04/07/2026 04:28:38 PM
22130B,N,O,04/07/2026 04:54:31 PM
22131A,N,O,04/07/2026 05:17:41 PM
22131B,N,O,04/07/2026 03:54:54 PM
22132A,N,O,04/07/2026 05:23:27 PM
22132B,N,O,04/07/2026 04:52:32 PM
22133A,N,O,04/07/2026 05:14:45 PM
22133B,N,O,04/07/2026 04:16:09 PM
22134A,N,O,04/07/2026 04:51:47 PM
22135B,N,O,04/07/2026 02:37:21 PM
22136A,N,O,04/07/2026 04:03:53 PM
22136B,N,O,04/07/2026 05:20:24 PM
22137A,N,O,04/07/2026 05:11:01 PM
22137B,N,O,04/07/2026 03:47:55 PM
22138A,N,O,04/07/2026 03:48:35 PM
22139A,N,O,04/07/2026 03:49:23 PM
22139B,N,O,04/07/2026 05:16:32 PM
22140A,N,O,04/07/2026 11:25:54 AM
22140B,N,O,04/07/2026 11:03:38 AM
22141A,N,O,04/07/2026 09:45:47 AM
22141B,N,O,04/07/2026 03:58:23 PM
22142A,N,O,04/07/2026 02:54:25 PM
22142B,N,O,04/07/2026 05:01:05 PM
22143A,N,O,04/07/2026 12:13:22 PM
22143B,N,O,04/07/2026 04:55:19 PM
22144A,N,O,04/07/2026 04:17:51 PM
22144B,N,O,04/07/2026 08:55:47 AM
22145A,N,O,04/07/2026 04:16:27 PM
22145B,N,O,04/07/2026 09:00:09 AM
22146A,N,O,04/07/2026 08:58:49 AM
22146B,N,O,04/07/2026 08:58:49 AM
22147A,N,O,04/07/2026 04:54:38 PM
22147B,N,O,04/07/2026 04:41:04 PM
22148A,N,V,04/07/2026 05:32:13 PM
22148B,N,O,04/07/2026 01:08:32 PM
22149A,N,O,04/07/2026 02:02:58 PM
22149B,N,O,04/07/2026 04:46:30 PM
22150A,N,O,04/07/2026 02:59:04 PM
22150B,N,O,04/07/2026 03:38:35 PM
22151A,N,O,04/07/2026 02:49:47 PM
22151B,N,O,04/07/2026 03:56:19 PM
22152A,N,O,04/07/2026 03:10:54 PM
22152B,N,O,04/07/2026 04:25:18 PM
22153A,N,O,04/07/2026 04:29:45 PM
22153B,N,O,04/07/2026 05:33:36 PM
22154A,N,O,04/07/2026 02:05:03 PM
22154B,N,O,04/07/2026 05:34:51 PM
22155A,N,O,04/07/2026 04:23:26 PM
22155B,N,O,04/07/2026 04:39:44 PM
22156A,N,O,04/07/2026 01:18:02 PM
22156B,N,O,04/07/2026 05:35:56 PM
22157A,N,O,04/07/2026 11:56:50 AM
22157B,N,O,04/07/2026 08:57:46 AM
22158A,N,O,04/07/2026 04:19:51 PM
22161A,N,O,04/07/2026 04:42:03 PM
22161B,N,O,04/07/2026 04:14:51 PM
22162A,N,O,04/07/2026 01:53:06 PM
22162B,N,O,04/07/2026 05:32:16 PM
22163A,N,O,04/07/2026 04:22:12 PM
22163B,N,O,04/07/2026 03:53:38 PM
22164A,N,O,04/07/2026 05:07:43 PM
22164B,N,O,04/07/2026 05:08:12 PM
22165A,N,O,04/07/2026 05:03:37 PM
22165B,N,O,04/07/2026 05:34:19 PM
22166A,N,O,04/07/2026 05:11:43 PM
22166B,N,O,04/07/2026 02:41:00 PM
22167A,N,O,04/07/2026 03:39:45 PM
22167B,N,O,04/07/2026 03:40:13 PM
22168A,N,O,04/07/2026 05:29:41 PM
22168B,N,O,04/07/2026 04:36:57 PM
22169A,N,O,04/07/2026 05:25:06 PM
22170A,N,O,04/06/2026 09:26:26 PM
22170B,N,O,04/07/2026 04:56:51 PM
22171A,N,O,04/07/2026 05:36:30 PM
22171B,N,O,04/07/2026 03:57:12 PM
22172A,N,O,04/07/2026 03:50:32 PM
22172B,N,O,04/07/2026 04:58:41 PM
22173A,N,O,04/07/2026 04:07:35 PM
22173B,N,O,04/07/2026 03:12:36 PM
22174A,N,O,04/07/2026 05:26:54 PM
22174B,N,O,04/07/2026 03:24:28 PM
22175A,N,O,04/07/2026 05:31:21 PM
22175B,N,O,04/07/2026 04:19:56 PM
22176A,N,O,04/07/2026 05:22:21 PM
22176B,N,O,04/07/2026 04:04:11 PM
22177A,N,O,04/07/2026 04:53:14 PM
22177B,N,O,04/07/2026 08:57:48 AM
22178A,N,V,04/07/2026 05:36:42 PM
22178B,N,O,04/07/2026 03:09:53 PM
22179A,N,O,04/07/2026 04:59:32 PM
22179B,N,O,04/07/2026 05:01:02 PM
22180A,N,O,04/07/2026 05:29:24 PM
22180B,N,O,04/07/2026 01:51:55 PM
22181A,N,O,04/07/2026 05:23:10 PM
22181B,N,O,04/07/2026 01:58:03 PM
22182A,N,O,04/07/2026 05:10:24 PM
22182B,N,O,04/07/2026 04:34:19 PM
22183A,N,O,04/07/2026 04:35:20 PM
22183B,N,O,04/07/2026 04:29:59 PM
22184A,N,O,04/07/2026 08:55:43 AM
22184B,N,O,04/07/2026 04:28:30 PM
22185A,N,O,04/07/2026 03:36:33 PM
22185B,N,V,04/07/2026 05:02:36 PM
22186A,N,O,04/07/2026 03:15:24 PM
22186B,N,O,04/07/2026 02:17:42 PM
22187A,N,O,04/07/2026 01:51:09 PM
22187B,N,O,04/07/2026 05:27:46 PM
22188A,N,O,04/07/2026 04:59:55 PM
22188B,N,O,04/07/2026 03:17:34 PM
22189A,N,O,04/07/2026 04:34:01 PM
22189B,N,V,04/07/2026 04:25:25 PM
22190B,N,O,04/07/2026 03:59:24 PM
22191A,N,O,04/07/2026 02:29:27 PM
22191B,N,O,04/07/2026 05:14:16 PM
22192A,N,O,04/07/2026 04:32:31 PM
22192B,N,O,04/07/2026 05:06:20 PM
22193A,N,O,04/07/2026 04:16:06 PM
22193B,N,O,04/07/2026 03:41:24 PM
22194A,N,O,04/07/2026 05:13:16 PM
22194B,N,V,04/07/2026 05:10:05 PM
22195A,N,O,04/07/2026 03:50:05 PM
22195B,N,O,04/07/2026 04:20:18 PM
22196A,N,O,04/07/2026 03:05:47 PM
22196B,N,O,04/07/2026 03:52:34 PM
22197A,N,O,04/07/2026 05:36:27 PM
22197B,N,O,04/07/2026 04:12:56 PM
22198A,N,O,04/07/2026 04:53:40 PM
22198B,N,O,04/07/2026 04:25:50 PM
22199A,N,V,04/07/2026 05:36:14 PM
22199B,N,O,04/07/2026 02:37:02 PM
22200A,N,O,04/07/2026 05:12:03 PM
22200B,N,O,04/07/2026 04:51:57 PM
22201A,N,O,04/07/2026 03:45:59 PM
22201B,N,O,04/07/2026 03:56:34 PM
22202A,N,V,04/07/2026 05:35:51 PM
22202B,N,V,04/07/2026 05:35:58 PM
22203A,N,O,04/07/2026 08:56:51 AM
22204A,N,V,04/07/2026 02:47:14 PM
22204B,N,V,04/07/2026 03:59:07 PM
22205A,N,O,04/07/2026 04:24:36 PM
22206A,N,O,04/07/2026 05:02:21 PM
22206B,N,O,04/07/2026 03:53:23 PM
22207A,N,O,04/07/2026 02:56:17 PM
22207B,N,O,04/07/2026 04:43:19 PM
22208A,N,O,04/07/2026 03:05:00 PM
22208B,N,O,04/07/2026 05:26:54 PM
22209A,N,O,04/07/2026 05:00:12 PM
22209B,N,O,04/07/2026 05:06:02 PM
22210A,N,O,04/07/2026 03:16:49 PM
22210B,N,O,04/07/2026 05:19:36 PM
22211A,N,O,04/07/2026 05:26:33 PM
22211B,N,O,04/07/2026 04:24:19 PM
22213B,N,O,04/07/2026 02:33:22 PM
22215A,N,O,04/07/2026 03:47:22 PM
22215B,N,O,04/07/2026 05:31:21 PM
22216A,N,O,04/07/2026 04:32:27 PM
22216B,N,O,04/07/2026 04:47:37 PM
22217A,N,O,04/07/2026 04:26:21 PM
22217B,N,O,04/07/2026 04:42:29 PM
22218A,N,O,04/07/2026 03:55:18 PM
22218B,N,O,04/07/2026 04:54:53 PM
22219A,N,O,04/07/2026 05:14:26 PM
22219B,N,O,04/07/2026 05:12:29 PM
22220A,N,O,04/07/2026 03:09:27 PM
22220B,N,O,04/07/2026 05:14:05 PM
22221A,N,O,04/07/2026 02:34:09 PM
22221B,N,V,04/07/2026 02:14:14 PM
22222A,N,O,04/07/2026 08:57:55 AM
22222B,N,O,04/07/2026 05:07:53 PM
22223A,N,O,04/07/2026 01:54:26 PM
22225A,N,O,04/07/2026 02:58:04 PM
22225B,N,O,04/07/2026 03:42:08 PM
22226A,N,O,04/07/2026 04:15:44 PM
22226B,N,O,04/07/2026 05:25:33 PM
22227A,N,O,04/07/2026 05:25:28 PM
22228A,N,O,04/07/2026 03:40:53 PM
22228B,N,O,04/07/2026 08:56:43 AM
22229A,N,V,04/07/2026 05:35:28 PM
22229B,N,O,04/07/2026 08:55:42 AM
2222B,N,O,04/07/2026 04:33:53 PM
22230A,N,O,04/07/2026 04:31:36 PM
22230B,N,V,04/07/2026 05:35:54 PM
22231A,N,O,04/07/2026 05:35:48 PM
22231B,N,O,04/07/2026 05:34:55 PM
22232A,N,O,04/07/2026 05:04:20 PM
22232B,N,O,04/07/2026 04:32:23 PM
22237A,N,O,04/07/2026 05:13:29 PM
22237B,N,O,04/07/2026 04:23:21 PM
22238A,N,O,04/07/2026 05:32:34 PM
22238B,N,V,04/07/2026 05:35:28 PM
22239A,N,O,04/07/2026 05:03:14 PM
22239B,N,V,04/07/2026 05:35:03 PM
22240A,N,O,04/07/2026 03:53:55 PM
22240B,N,O,04/07/2026 02:21:34 PM
22241A,N,O,04/07/2026 04:54:41 PM
22241B,N,V,04/07/2026 04:09:35 PM
22242A,N,V,04/07/2026 05:34:30 PM
22242B,N,O,04/07/2026 08:57:51 AM
22243A,N,V,04/07/2026 03:36:33 PM
22243B,N,O,04/07/2026 04:44:06 PM
22244A,N,O,04/07/2026 05:13:41 PM
22244B,N,O,04/07/2026 05:13:34 PM
22245A,N,O,04/07/2026 03:29:25 PM
22245B,N,V,04/07/2026 11:04:28 AM
22246A,N,O,04/07/2026 03:45:03 PM
22246B,N,V,04/07/2026 05:21:48 PM
22247A,N,O,04/07/2026 04:05:44 PM
22247B,N,O,04/07/2026 08:57:43 AM
22248A,N,O,04/07/2026 11:47:12 AM
22248B,N,V,04/07/2026 05:12:41 PM
22249B,N,O,04/07/2026 04:11:53 PM
22250B,N,O,04/07/2026 02:03:39 PM
22251A,N,O,04/07/2026 08:58:52 AM
22251B,N,O,04/07/2026 11:32:51 AM
22252B,N,O,04/07/2026 08:57:51 AM
22254A,N,V,04/07/2026 05:36:33 PM
22254B,N,O,04/07/2026 05:27:11 PM
22255A,N,V,04/07/2026 12:34:17 PM
22255B,N,O,04/07/2026 04:52:02 PM
22256A,N,O,04/07/2026 05:05:33 PM
22256B,N,O,04/07/2026 10:51:54 AM
22257B,N,O,04/07/2026 10:25:36 AM
22260A,N,V,04/07/2026 10:29:55 AM
22260B,N,O,04/07/2026 04:32:25 PM
22261A,N,O,04/07/2026 08:58:47 AM
22261B,N,O,04/07/2026 03:04:53 PM
22262A,N,O,04/07/2026 04:11:56 PM
22262B,N,O,04/07/2026 05:04:49 PM
22263A,N,O,04/07/2026 04:21:02 PM
22263B,N,O,04/07/2026 02:09:06 PM
22264A,N,O,04/07/2026 05:26:40 PM
22264B,N,O,04/07/2026 04:02:37 PM
22265A,N,O,04/07/2026 05:22:07 PM
22266A,N,O,04/07/2026 04:52:31 PM
22266B,N,O,04/07/2026 03:43:24 PM
22267B,N,O,04/07/2026 08:58:00 AM
22275A,N,O,04/07/2026 12:50:13 PM
22275B,N,O,04/07/2026 02:50:18 PM
22276A,N,O,04/07/2026 03:14:26 PM
22276B,N,O,04/07/2026 03:31:21 PM
22277A,N,O,04/07/2026 04:26:37 PM
22277B,N,O,04/07/2026 08:57:50 AM
22278A,N,O,04/07/2026 08:56:49 AM
22278B,N,O,04/07/2026 04:20:05 PM
22280A,N,O,04/07/2026 02:14:10 PM
22280B,N,O,04/07/2026 02:29:03 PM
22281A,N,O,04/07/2026 02:18:19 PM
22281B,N,O,04/07/2026 05:34:46 PM
22282A,N,O,04/07/2026 12:26:39 PM
22282B,N,O,04/07/2026 04:33:13 PM
22283A,N,O,04/07/2026 12:32:26 PM
22283B,N,O,04/07/2026 05:11:02 PM
22284A,N,O,04/07/2026 05:36:25 PM
22284B,N,O,04/07/2026 04:52:51 PM
22285A,N,O,04/07/2026 08:59:47 AM
22285B,N,V,04/07/2026 03:01:52 PM
22286A,N,O,04/07/2026 09:44:19 AM
22286B,N,O,04/07/2026 04:38:50 PM
22287A,N,O,04/07/2026 04:13:14 PM
22287B,N,O,04/07/2026 12:56:14 PM
22288A,N,O,04/07/2026 08:56:44 AM
22288B,N,O,04/07/2026 04:01:31 PM
22289A,N,O,04/07/2026 03:47:10 PM
22289B,N,O,04/07/2026 03:20:25 PM
22290A,N,O,04/07/2026 05:34:12 PM
22290B,N,O,04/07/2026 11:44:09 AM
22291A,N,O,04/07/2026 05:27:10 PM
22291B,N,O,04/07/2026 05:12:53 PM
22292A,N,O,04/07/2026 03:27:11 PM
22292B,N,O,04/07/2026 04:01:25 PM
22293A,N,O,04/07/2026 08:57:00 AM
22293B,N,O,04/07/2026 08:56:47 AM
22294A,N,O,04/07/2026 05:34:20 PM
22294B,N,O,04/07/2026 03:39:26 PM
22295A,N,O,04/07/2026 05:14:37 PM
22295B,N,O,04/07/2026 05:34:47 PM
22296A,N,O,04/07/2026 03:27:44 PM
22296B,N,O,04/07/2026 05:19:18 PM
22297B,N,V,04/07/2026 05:36:07 PM
22298A,N,O,04/07/2026 02:19:48 PM
22298B,N,O,04/07/2026 12:30:41 PM
22299A,N,O,04/07/2026 10:33:34 AM
22299B,N,O,04/07/2026 03:41:19 PM
22301A,N,O,04/07/2026 01:03:11 PM
22301B,N,O,04/07/2026 08:58:46 AM
22302A,N,O,04/07/2026 05:07:09 PM
22302B,N,O,04/07/2026 03:57:23 PM
22303A,N,O,04/07/2026 04:53:23 PM
22303B,N,O,04/07/2026 04:18:41 PM
22304A,N,O,04/07/2026 04:35:06 PM
22304B,N,O,04/07/2026 05:16:56 PM
22305A,N,O,04/07/2026 12:40:09 PM
22305B,N,O,04/07/2026 05:22:00 PM
22306A,N,O,04/07/2026 05:35:11 PM
22306B,N,O,04/07/2026 04:58:14 PM
22307A,N,O,04/07/2026 05:15:55 PM
22307B,N,O,04/07/2026 02:35:07 PM
22308A,N,O,04/07/2026 05:08:41 PM
22308B,N,O,04/07/2026 05:13:12 PM
22309A,N,O,04/07/2026 11:25:11 AM
22309B,N,O,04/07/2026 10:53:35 AM
22310A,N,O,04/07/2026 05:07:04 PM
22310B,N,O,04/07/2026 05:28:03 PM
22311A,N,O,04/07/2026 03:30:36 PM
22312B,N,O,04/07/2026 04:53:07 PM
22313A,N,V,04/07/2026 05:34:14 PM
22313B,N,O,04/07/2026 03:45:08 PM
22314A,N,O,04/07/2026 04:23:55 PM
22314B,N,V,04/07/2026 05:35:08 PM
22315A,N,O,04/07/2026 04:20:47 PM
22315B,N,O,04/07/2026 05:30:53 PM
22316A,N,O,04/07/2026 04:20:21 PM
22316B,N,O,04/07/2026 02:01:38 PM
22317A,N,O,04/07/2026 05:26:45 PM
22317B,N,V,04/07/2026 04:41:42 PM
22319A,N,O,04/07/2026 04:22:14 PM
22319B,N,O,04/07/2026 03:13:03 PM
2231A,N,O,04/07/2026 01:29:01 PM
2231B,N,O,04/07/2026 02:03:54 PM
22320A,N,V,04/07/2026 05:34:59 PM
22320B,N,V,04/07/2026 05:33:29 PM
22321A,N,V,04/07/2026 04:40:37 PM
22321B,N,O,04/07/2026 04:43:04 PM
22322B,N,O,04/07/2026 05:18:42 PM
22323A,N,O,04/07/2026 03:45:33 PM
22323B,N,O,04/07/2026 05:33:52 PM
22324A,N,O,04/07/2026 04:47:09 PM
22324B,N,O,04/07/2026 05:12:51 PM
22325A,N,O,04/07/2026 05:18:09 PM
22325B,N,O,04/07/2026 05:10:40 PM
22326A,N,O,04/07/2026 04:09:05 PM
22326B,N,V,04/07/2026 05:34:14 PM
22327A,N,O,04/07/2026 10:46:30 AM
22327B,N,O,04/07/2026 05:21:37 PM
22328A,N,O,04/07/2026 03:19:12 PM
22328B,N,O,04/07/2026 08:56:45 AM
22329A,N,O,04/07/2026 08:55:49 AM
22329B,N,O,04/07/2026 04:49:03 PM
2232A,N,O,04/07/2026 08:57:50 AM
2232B,N,O,04/07/2026 03:54:23 PM
22330A,N,O,04/07/2026 02:57:19 PM
22330B,N,V,04/07/2026 05:35:47 PM
22331A,N,O,04/07/2026 09:34:04 AM
22331B,N,O,04/07/2026 12:48:25 PM
22332A,N,O,04/07/2026 04:50:04 PM
22332B,N,O,04/07/2026 03:05:14 PM
22333B,N,O,04/07/2026 04:53:32 PM
22334A,N,O,04/07/2026 05:10:02 PM
22334B,N,O,04/07/2026 05:16:51 PM
22335A,N,O,04/07/2026 11:12:41 AM
22335B,N,O,04/07/2026 03:04:38 PM
22336A,N,O,04/07/2026 05:05:16 PM
22336B,N,O,04/07/2026 05:11:26 PM
22337A,N,O,04/07/2026 05:16:57 PM
22337B,N,O,04/07/2026 05:27:47 PM
22338A,N,O,04/07/2026 12:13:52 PM
22338B,N,O,04/07/2026 03:48:06 PM
22339A,N,O,04/07/2026 04:26:52 PM
22339B,N,O,04/07/2026 01:13:22 PM
2233A,N,O,04/07/2026 05:36:25 PM
2233B,N,O,04/07/2026 08:56:51 AM
22340A,N,O,04/07/2026 04:19:33 PM
22340B,N,O,04/07/2026 05:22:51 PM
22341A,N,O,04/07/2026 05:36:18 PM
22341B,N,O,04/07/2026 04:40:08 PM
22342A,N,O,04/07/2026 05:28:25 PM
22342B,N,O,04/07/2026 01:51:45 PM
22344A,N,O,04/07/2026 03:56:10 PM
22344B,N,V,04/07/2026 04:59:55 PM
22345A,N,O,04/07/2026 05:30:44 PM
22345B,N,V,04/07/2026 05:31:00 PM
22346A,N,O,04/07/2026 04:09:05 PM
22346B,N,O,04/07/2026 03:47:37 PM
22347A,N,V,04/07/2026 10:10:32 AM
22348B,N,O,04/07/2026 05:29:19 PM
22349A,N,O,04/07/2026 05:33:52 PM
22349B,N,O,04/07/2026 01:55:45 PM
2234A,N,O,04/07/2026 08:55:44 AM
22350A,N,O,04/07/2026 11:38:23 AM
22350B,N,O,04/07/2026 10:53:32 AM
22351A,N,V,04/07/2026 05:36:20 PM
22351B,N,O,04/07/2026 05:34:56 PM
22355A,N,O,04/07/2026 02:46:16 PM
22355B,N,O,04/07/2026 11:38:38 AM
22356A,N,O,04/07/2026 05:08:38 PM
22356B,N,O,04/07/2026 04:27:18 PM
22357A,N,O,04/07/2026 04:40:33 PM
22357B,N,O,04/07/2026 11:51:50 AM
22358A,N,O,04/07/2026 05:33:31 PM
22358B,N,O,04/07/2026 04:55:53 PM
22359A,N,O,04/07/2026 04:08:43 PM
22359B,N,O,04/07/2026 11:59:34 AM
2235B,N,O,04/07/2026 08:59:44 AM
22360A,N,O,04/07/2026 02:15:51 PM
22360B,N,O,04/07/2026 03:15:34 PM
22361A,N,O,04/07/2026 03:27:03 PM
22361B,N,O,04/07/2026 04:24:35 PM
22363A,N,O,04/07/2026 05:09:12 PM
22363B,N,O,04/07/2026 05:26:47 PM
22364A,N,O,04/07/2026 04:31:29 PM
22364B,N,O,04/07/2026 04:24:24 PM
22368B,N,O,04/07/2026 04:45:34 PM
22369A,N,O,04/07/2026 12:46:53 PM
22369B,N,O,04/07/2026 01:20:11 PM
2236A,N,O,04/07/2026 02:08:28 PM
2236B,N,O,04/07/2026 01:30:56 PM
22370A,N,O,04/07/2026 03:49:43 PM
22370B,N,O,04/07/2026 05:22:16 PM
22371A,N,O,04/07/2026 08:58:51 AM
22372A,N,O,04/07/2026 05:11:47 PM
22372B,N,O,04/07/2026 05:32:07 PM
22373A,N,O,04/07/2026 05:18:16 PM
22373B,N,O,04/07/2026 05:23:31 PM
22374A,N,V,04/07/2026 03:30:20 PM
22374B,N,V,04/07/2026 03:35:36 PM
22375A,N,O,04/07/2026 05:28:52 PM
22375B,N,O,04/07/2026 04:24:15 PM
22376A,N,O,04/07/2026 05:27:57 PM
22376B,N,O,04/07/2026 04:59:22 PM
22377A,N,O,04/07/2026 05:32:47 PM
22377B,N,O,04/07/2026 05:30:05 PM
22378A,N,O,04/07/2026 04:33:28 PM
22378B,N,O,04/07/2026 05:31:09 PM
22379A,N,O,04/07/2026 05:08:09 PM
22379B,N,O,04/07/2026 05:05:56 PM
2237A,N,O,04/07/2026 12:19:25 PM
22380A,N,O,04/07/2026 04:23:05 PM
22380B,N,O,04/07/2026 11:24:19 AM
22383B,N,O,04/07/2026 05:26:23 PM
22384A,N,O,04/07/2026 05:19:46 PM
22384B,N,O,04/07/2026 04:40:35 PM
22385A,N,O,04/07/2026 04:48:46 PM
22385B,N,O,04/07/2026 05:14:37 PM
22386A,N,O,04/07/2026 05:13:36 PM
22386B,N,O,04/07/2026 05:05:16 PM
22387A,N,O,04/07/2026 04:46:28 PM
22387B,N,O,04/07/2026 04:08:59 PM
22388A,N,O,04/06/2026 08:09:50 PM
22388B,N,O,04/07/2026 05:20:18 PM
22389A,N,O,04/07/2026 05:10:01 PM
22389B,N,O,04/07/2026 05:32:23 PM
2238A,N,O,04/07/2026 05:04:32 PM
2238B,N,O,04/07/2026 04:05:18 PM
22390A,N,O,04/07/2026 05:29:19 PM
22390B,N,O,04/07/2026 04:21:14 PM
22391A,N,O,04/07/2026 04:07:28 PM
22391B,N,O,04/07/2026 05:08:19 PM
22392A,N,O,04/07/2026 05:01:38 PM
22392B,N,V,04/07/2026 05:21:53 PM
22393B,N,O,04/07/2026 08:56:44 AM
22394A,N,O,04/07/2026 04:46:32 PM
22394B,N,O,04/07/2026 05:01:48 PM
22395A,N,O,04/07/2026 03:43:50 PM
22395B,N,V,04/07/2026 04:32:45 PM
22396A,N,V,04/07/2026 04:36:02 PM
22396B,N,V,04/07/2026 05:28:21 PM
22397A,N,V,04/07/2026 04:46:57 PM
22397B,N,O,04/07/2026 05:34:33 PM
22398A,N,V,04/07/2026 04:22:51 PM
22398B,N,O,04/07/2026 05:33:58 PM
22399A,N,O,04/07/2026 05:27:41 PM
22399B,N,V,04/07/2026 04:39:10 PM
2239A,N,O,04/07/2026 09:49:52 AM
2239B,N,O,04/07/2026 02:48:45 PM
223A,N,V,04/07/2026 05:36:42 PM
223B,N,O,04/07/2026 05:36:34 PM
22400A,N,O,04/07/2026 04:57:37 PM
22400B,N,V,04/07/2026 05:23:06 PM
22401A,N,O,04/07/2026 04:46:35 PM
22401B,N,O,04/07/2026 05:13:11 PM
22402A,N,V,04/07/2026 05:09:46 PM
22402B,N,O,04/07/2026 01:35:46 PM
22403A,N,O,04/07/2026 05:35:21 PM
22403B,N,O,04/07/2026 05:28:31 PM
22404A,N,O,04/07/2026 01:25:49 PM
22404B,N,V,04/07/2026 12:08:45 PM
22405A,N,O,04/07/2026 04:49:03 PM
22405B,N,O,04/07/2026 05:08:07 PM
22406A,N,O,04/07/2026 05:35:23 PM
22407A,N,O,04/07/2026 05:10:24 PM
22407B,N,O,04/07/2026 04:27:33 PM
22408A,N,O,04/07/2026 05:22:54 PM
22408B,N,O,04/07/2026 04:26:01 PM
22409A,N,V,04/07/2026 05:06:17 PM
22409B,N,O,04/07/2026 05:34:19 PM
2240A,N,O,04/07/2026 04:45:42 PM
2240B,N,O,04/07/2026 08:59:52 AM
22410A,N,O,04/07/2026 02:14:22 PM
22410B,N,O,04/07/2026 08:59:58 AM
22411A,N,O,04/07/2026 08:58:46 AM
22411B,N,O,04/07/2026 02:49:53 PM
22412A,N,O,04/07/2026 04:41:34 PM
22412B,N,O,04/07/2026 05:20:21 PM
22414A,N,O,04/07/2026 04:01:37 PM
22414B,N,O,04/07/2026 08:56:05 AM
22415A,N,O,04/07/2026 05:29:55 PM
22415B,N,O,04/07/2026 04:18:12 PM
22416A,N,O,04/07/2026 03:27:41 PM
22416B,N,V,04/07/2026 03:48:15 PM
22417A,N,O,04/07/2026 09:12:05 AM
22417B,N,O,04/07/2026 08:57:42 AM
22418A,N,O,04/07/2026 04:42:30 PM
22418B,N,O,04/07/2026 08:56:49 AM
22419A,N,O,04/07/2026 08:58:02 AM
22419B,N,O,04/07/2026 08:55:51 AM
2241A,N,V,04/07/2026 05:19:21 PM
2241B,N,V,04/07/2026 05:11:55 PM
22420A,N,O,04/07/2026 05:36:03 PM
22420B,N,O,04/07/2026 05:36:03 PM
22421A,N,O,04/07/2026 04:29:15 PM
22421B,N,O,04/07/2026 04:00:57 PM
22422A,N,O,04/07/2026 04:41:27 PM
22422B,N,O,04/07/2026 05:11:07 PM
22423A,N,O,04/07/2026 04:55:15 PM
22423B,N,O,04/07/2026 10:57:53 AM
22424A,N,O,04/07/2026 05:05:56 PM
22424B,N,O,04/07/2026 05:00:31 PM
22425A,N,O,04/07/2026 05:26:42 PM
22425B,N,V,04/07/2026 04:08:41 PM
22426A,N,O,04/07/2026 05:09:46 PM
22426B,N,O,04/07/2026 10:05:32 AM
22427A,N,O,04/07/2026 05:35:59 PM
22427B,N,O,04/07/2026 01:10:15 PM
22428A,N,O,04/07/2026 02:14:30 PM
22428B,N,O,04/07/2026 05:31:26 PM
22429A,N,O,04/07/2026 04:30:33 PM
22429B,N,O,04/07/2026 08:55:48 AM
2242A,N,O,04/07/2026 04:15:40 PM
2242B,N,O,04/07/2026 02:32:10 PM
22430A,N,O,04/07/2026 01:18:34 PM
22430B,N,O,04/07/2026 08:59:46 AM
22431A,N,O,04/07/2026 02:19:23 PM
22431B,N,O,04/07/2026 04:23:12 PM
22432A,N,V,04/07/2026 04:15:20 PM
22432B,N,O,04/07/2026 04:57:47 PM
22433A,N,V,04/07/2026 04:30:53 PM
22433B,N,V,04/07/2026 05:33:18 PM
22434A,N,O,04/07/2026 04:43:02 PM
22435A,N,O,04/07/2026 12:33:59 PM
22436A,N,O,04/07/2026 03:25:48 PM
22436B,N,O,04/07/2026 05:08:03 PM
22437A,N,O,04/07/2026 02:02:16 PM
22437B,N,O,04/07/2026 03:38:21 PM
22440A,N,O,04/07/2026 05:33:45 PM
22440B,N,V,04/07/2026 05:33:45 PM
22442B,N,O,04/07/2026 04:54:29 PM
22443A,N,V,04/07/2026 05:36:02 PM
22443B,N,O,04/07/2026 03:33:06 PM
22444A,N,O,04/07/2026 04:26:12 PM
22444B,N,O,04/07/2026 05:32:55 PM
22445A,N,O,04/07/2026 03:26:27 PM
22445B,N,V,04/07/2026 05:32:48 PM
22446A,N,O,04/07/2026 03:16:17 PM
22446B,N,O,04/07/2026 01:42:21 PM
22447A,N,O,04/07/2026 03:56:04 PM
22447B,N,O,04/07/2026 04:20:10 PM
22448A,N,O,04/07/2026 02:47:28 PM
22448B,N,O,04/07/2026 11:41:42 AM
22449A,N,V,04/07/2026 05:16:03 PM
22449B,N,V,04/07/2026 05:15:49 PM
2244A,N,O,04/07/2026 08:55:43 AM
2244B,N,O,04/07/2026 08:55:43 AM
22450A,N,O,04/07/2026 04:57:49 PM
22450B,N,O,04/07/2026 01:50:29 PM
22451A,N,V,04/07/2026 10:40:30 AM
22451B,N,V,04/07/2026 11:51:45 AM
22452A,N,O,04/07/2026 10:56:28 AM
22452B,N,V,04/06/2026 06:32:57 PM
22453A,N,O,04/07/2026 03:06:17 PM
22453B,N,V,04/07/2026 03:43:44 PM
22454A,N,V,04/01/2026 03:33:03 PM
22454B,N,V,04/06/2026 09:34:14 PM
22455A,N,O,04/07/2026 05:34:55 PM
22455B,N,V,04/07/2026 05:21:18 PM
22456A,N,V,04/07/2026 05:28:23 PM
22456B,N,O,04/07/2026 02:10:18 PM
22457A,N,V,04/07/2026 05:27:14 PM
22457B,N,V,04/07/2026 05:31:42 PM
22458A,N,V,04/07/2026 04:08:39 PM
22458B,N,V,04/07/2026 03:03:49 PM
22459A,N,O,04/07/2026 03:32:40 PM
22459B,N,V,04/07/2026 03:24:11 PM
2245A,N,O,04/07/2026 08:59:44 AM
2245B,N,O,04/07/2026 08:59:47 AM
22460A,N,V,04/07/2026 05:15:04 PM
22460B,N,O,04/07/2026 05:24:08 PM
22461A,N,O,04/07/2026 03:50:25 PM
22461B,N,O,04/07/2026 02:12:25 PM
22462A,N,V,04/07/2026 04:18:44 PM
22462B,N,O,04/07/2026 04:16:25 PM
22463A,N,V,04/07/2026 04:17:51 PM
22463B,N,O,04/07/2026 02:25:51 PM
22464A,N,V,04/07/2026 05:17:14 PM
22464B,N,O,04/07/2026 04:47:05 PM
22465A,N,V,04/07/2026 01:42:12 PM
22465B,N,O,04/07/2026 03:39:12 PM
22466A,N,V,04/07/2026 01:50:21 PM
22466B,N,O,04/07/2026 02:31:06 PM
22467A,N,V,04/07/2026 03:24:36 PM
22467B,N,O,04/07/2026 10:03:48 AM
22468A,N,O,04/07/2026 11:47:06 AM
22468B,N,V,04/07/2026 05:21:53 PM
22469B,N,O,04/07/2026 10:16:16 AM
2246A,N,O,04/07/2026 05:21:26 PM
22470A,N,O,04/07/2026 05:25:49 PM
22470B,N,O,04/07/2026 08:59:58 AM
22471A,N,O,04/07/2026 10:54:07 AM
22471B,N,O,04/07/2026 05:09:02 PM
22472A,N,O,04/07/2026 05:13:03 PM
22472B,N,O,04/07/2026 04:14:45 PM
22473A,N,O,04/07/2026 11:55:06 AM
22473B,N,O,04/07/2026 05:33:33 PM
22474A,N,O,04/07/2026 08:55:51 AM
22474B,N,O,04/07/2026 03:32:19 PM
22475A,N,O,04/07/2026 04:33:32 PM
22475B,N,O,04/07/2026 02:32:18 PM
22476A,N,O,04/07/2026 01:29:54 PM
22476B,N,V,04/07/2026 04:12:21 PM
22477A,N,V,04/07/2026 05:31:56 PM
22477B,N,O,04/07/2026 01:58:22 PM
22478A,N,O,04/07/2026 02:27:07 PM
22478B,N,V,04/07/2026 05:23:18 PM
22479A,N,O,04/07/2026 01:57:30 PM
22479B,N,V,04/07/2026 05:34:03 PM
2247A,N,O,04/07/2026 04:53:45 PM
2247B,N,O,04/07/2026 04:50:15 PM
22480A,N,O,04/07/2026 03:36:15 PM
22480B,N,V,04/07/2026 04:40:18 PM
22481A,N,V,04/07/2026 05:16:41 PM
22481B,N,O,04/07/2026 05:02:24 PM
22482A,N,V,04/07/2026 04:04:31 PM
22482B,N,O,04/07/2026 04:03:11 PM
22483A,N,O,04/06/2026 05:29:25 PM
22483B,N,O,04/07/2026 05:03:10 PM
22484A,N,V,04/07/2026 04:44:46 PM
22484B,N,O,04/07/2026 03:16:40 PM
22485A,N,O,04/07/2026 05:27:33 PM
22485B,N,O,04/07/2026 05:26:37 PM
22486A,N,O,04/07/2026 03:27:13 PM
22486B,N,O,04/07/2026 05:08:15 PM
22487A,N,O,04/07/2026 04:54:07 PM
22487B,N,V,04/07/2026 05:14:20 PM
22488A,N,O,04/07/2026 02:10:02 PM
22488B,N,O,04/07/2026 05:11:48 PM
22489A,N,O,04/07/2026 04:02:27 PM
22489B,N,V,04/07/2026 02:02:59 PM
2248B,N,O,04/07/2026 03:58:47 PM
22490A,N,O,04/07/2026 04:27:42 PM
22490B,N,O,04/07/2026 02:00:50 PM
22491A,N,O,04/07/2026 03:41:55 PM
22491B,N,V,04/07/2026 04:52:44 PM
22492A,N,O,04/07/2026 04:08:58 PM
22492B,N,O,04/07/2026 05:10:22 PM
22493A,N,O,04/07/2026 03:42:43 PM
22493B,N,V,04/07/2026 04:26:27 PM
22494A,N,O,04/07/2026 04:23:31 PM
22494B,N,O,04/07/2026 02:30:08 PM
22495A,N,O,04/07/2026 03:48:34 PM
22495B,N,V,04/07/2026 01:55:24 PM
22496A,N,O,04/07/2026 02:30:48 PM
22496B,N,O,04/07/2026 05:28:55 PM
22497A,N,V,04/06/2026 04:29:28 PM
22497B,N,V,04/07/2026 02:43:49 PM
22498A,N,O,04/07/2026 02:53:18 PM
22498B,N,O,04/07/2026 04:02:35 PM
22499A,N,O,04/07/2026 02:44:16 PM
22499B,N,V,04/07/2026 10:51:35 AM
22500A,N,O,04/07/2026 05:22:32 PM
22500B,N,V,04/07/2026 01:30:45 PM
22501A,N,V,04/07/2026 03:18:04 PM
22501B,N,O,04/06/2026 09:18:28 PM
22502A,N,O,04/07/2026 04:40:45 PM
22502B,N,V,04/07/2026 04:48:26 PM
22503A,N,V,04/07/2026 05:28:36 PM
22503B,N,O,04/07/2026 05:08:20 PM
22504A,N,V,04/07/2026 05:23:30 PM
22504B,N,V,04/07/2026 05:25:11 PM
22505A,N,O,04/07/2026 05:18:45 PM
22505B,N,V,04/07/2026 05:08:59 PM
22506A,N,V,04/07/2026 05:24:09 PM
22506B,N,V,04/07/2026 05:23:17 PM
22507A,N,O,04/07/2026 05:36:39 PM
22507B,N,O,04/07/2026 04:02:56 PM
22508A,N,V,04/07/2026 01:28:57 PM
22508B,N,O,04/07/2026 01:21:14 PM
22509A,N,V,04/07/2026 03:34:58 PM
22509B,N,O,04/07/2026 04:19:47 PM
22510A,N,V,04/07/2026 04:47:20 PM
22510B,N,O,04/07/2026 02:48:06 PM
22511A,N,V,04/07/2026 04:21:36 PM
22511B,N,O,04/07/2026 04:31:13 PM
22512A,N,V,04/07/2026 05:10:44 PM
22512B,N,V,04/07/2026 05:29:53 PM
22513A,N,V,04/07/2026 04:22:31 PM
22513B,N,V,04/07/2026 05:29:35 PM
22514A,N,O,04/07/2026 04:31:41 PM
22514B,N,V,04/07/2026 04:34:26 PM
22515A,N,O,04/07/2026 05:08:05 PM
22515B,N,V,04/07/2026 05:12:21 PM
22516A,N,V,04/07/2026 05:11:30 PM
22516B,N,O,04/07/2026 04:59:31 PM
22517A,N,V,04/07/2026 05:12:40 PM
22517B,N,V,04/07/2026 05:14:03 PM
22518A,N,V,04/07/2026 01:45:22 PM
22518B,N,O,04/07/2026 02:24:10 PM
22519A,N,V,04/07/2026 05:23:37 PM
22519B,N,V,04/07/2026 05:25:34 PM
22520B,N,O,04/07/2026 02:03:52 PM
22521A,N,O,04/07/2026 05:12:13 PM
22522B,N,O,04/07/2026 04:23:56 PM
22523A,N,V,04/07/2026 05:34:47 PM
22523B,N,O,04/07/2026 09:56:48 AM
22524A,N,O,04/07/2026 09:55:54 AM
22524B,N,O,04/07/2026 04:23:07 PM
22525A,N,O,04/07/2026 05:36:30 PM
22525B,N,V,04/07/2026 11:54:31 AM
22526A,N,O,04/07/2026 09:58:52 AM
22526B,N,O,04/07/2026 05:36:38 PM
22531A,N,O,04/07/2026 12:49:31 PM
22531B,N,O,04/07/2026 10:52:47 AM
22532A,N,V,04/07/2026 12:42:54 PM
22532B,N,O,04/07/2026 01:47:23 PM
22533A,N,O,04/07/2026 01:53:20 PM
22534A,N,O,04/07/2026 01:35:12 PM
22534B,N,O,04/07/2026 12:09:15 PM
22535A,N,O,04/07/2026 04:41:56 PM
22535B,N,O,04/07/2026 05:36:23 PM
22536B,N,O,04/07/2026 04:02:56 PM
22537A,N,O,04/07/2026 08:57:46 AM
22538A,N,O,04/07/2026 02:40:45 PM
22538B,N,V,04/07/2026 05:36:35 PM
22539A,N,V,04/07/2026 05:21:33 PM
22539B,N,O,04/07/2026 08:55:50 AM
22540A,N,O,04/07/2026 04:25:13 PM
22540B,N,V,04/07/2026 05:27:07 PM
22541A,N,O,04/07/2026 12:21:14 PM
22541B,N,V,04/07/2026 05:06:13 PM
22542A,N,O,04/07/2026 05:19:36 PM
22542B,N,O,04/07/2026 04:24:16 PM
22543A,N,V,04/07/2026 05:16:56 PM
22543B,N,V,04/07/2026 05:15:52 PM
22544A,N,O,04/07/2026 01:44:11 PM
22544B,N,O,04/07/2026 12:36:09 PM
22545A,N,V,04/07/2026 05:00:41 PM
22545B,N,O,04/07/2026 04:52:06 PM
22546A,N,O,04/07/2026 08:58:45 AM
22546B,N,V,04/07/2026 04:41:47 PM
22547A,N,O,04/07/2026 05:12:28 PM
22547B,N,O,04/07/2026 08:57:56 AM
22548A,N,V,04/07/2026 05:32:43 PM
22548B,N,V,04/07/2026 05:15:26 PM
22549A,N,V,04/07/2026 05:35:33 PM
22550A,N,V,04/07/2026 05:05:41 PM
22550B,N,V,04/07/2026 05:28:42 PM
22551A,N,O,04/07/2026 05:15:40 PM
22551B,N,V,04/07/2026 05:35:54 PM
22552A,N,V,04/07/2026 04:43:45 PM
22552B,N,O,04/07/2026 04:42:03 PM
22553A,N,V,04/07/2026 05:25:14 PM
22553B,N,O,04/07/2026 05:36:21 PM
22554A,N,V,04/07/2026 05:15:38 PM
22554B,N,V,04/07/2026 12:12:36 PM
22555A,N,V,04/07/2026 04:16:40 PM
22555B,N,V,04/07/2026 05:29:22 PM
22556A,N,V,04/07/2026 05:11:38 PM
22556B,N,V,04/07/2026 05:19:58 PM
22557B,N,O,04/07/2026 05:18:08 PM
22558A,N,V,04/07/2026 04:43:27 PM
22558B,N,O,04/07/2026 04:41:51 PM
22559A,N,V,04/07/2026 04:01:54 PM
22559B,N,V,04/07/2026 05:26:21 PM
22560A,N,O,04/07/2026 05:30:04 PM
22560B,N,V,04/07/2026 05:17:59 PM
22561A,N,V,04/05/2026 12:05:36 PM
22561B,N,V,04/06/2026 09:11:30 AM
22562A,N,V,04/07/2026 03:18:44 PM
22562B,N,V,04/06/2026 08:38:56 PM
22563A,N,V,04/07/2026 03:00:15 PM
22563B,N,V,04/07/2026 04:03:49 PM
22564A,N,V,04/07/2026 05:27:46 PM
22564B,N,O,04/07/2026 05:27:24 PM
22565A,N,V,04/07/2026 05:21:30 PM
22565B,N,O,04/07/2026 04:48:54 PM
22566A,N,O,04/07/2026 05:10:10 PM
22566B,N,V,04/07/2026 05:10:47 PM
22567A,N,V,04/07/2026 05:22:28 PM
22567B,N,V,04/07/2026 10:52:10 AM
22568A,N,O,04/07/2026 08:56:49 AM
22568B,N,V,04/07/2026 10:53:24 AM
22569A,N,O,04/07/2026 04:12:16 PM
22569B,N,V,04/07/2026 05:33:54 PM
22570A,N,V,04/07/2026 05:36:41 PM
22570B,N,O,04/07/2026 05:19:39 PM
22571A,N,V,04/07/2026 02:40:37 PM
22571B,N,V,04/07/2026 05:22:55 PM
22572A,N,O,04/07/2026 05:20:17 PM
22572B,N,V,04/07/2026 03:11:00 PM
22573A,N,V,04/07/2026 05:06:27 PM
22573B,N,O,04/07/2026 05:35:35 PM
22574A,N,V,04/07/2026 02:45:59 PM
22574B,N,V,04/07/2026 02:44:05 PM
22575A,N,O,04/06/2026 09:13:12 PM
22575B,N,V,04/06/2026 08:22:20 PM
22576A,N,V,04/07/2026 02:16:43 PM
22576B,N,V,04/07/2026 03:29:52 PM
22577A,N,O,04/07/2026 05:32:50 PM
22577B,N,V,04/07/2026 01:44:43 PM
22579A,N,O,04/07/2026 11:55:57 AM
22580A,N,O,04/07/2026 10:59:26 AM
22581A,N,O,04/07/2026 12:29:34 PM
22581B,N,O,04/07/2026 03:18:31 PM
22582A,N,O,04/07/2026 04:32:10 PM
22583A,N,O,04/07/2026 08:56:51 AM
22583B,N,O,04/07/2026 09:33:05 AM
22584A,N,O,04/07/2026 08:55:47 AM
22586B,N,V,04/07/2026 03:26:34 PM
22587A,N,V,04/07/2026 04:57:13 PM
22587B,N,O,04/07/2026 04:56:19 PM
22588A,N,O,04/07/2026 03:07:10 PM
22588B,N,O,04/07/2026 02:48:36 PM
22589A,N,O,04/07/2026 05:36:31 PM
22589B,N,O,04/07/2026 05:26:00 PM
22590A,N,O,04/07/2026 04:08:34 PM
22590B,N,O,04/07/2026 04:58:19 PM
22591A,N,O,04/07/2026 04:20:16 PM
22591B,N,O,04/07/2026 03:45:52 PM
22592A,N,O,04/07/2026 05:35:36 PM
22604A,N,V,04/07/2026 11:04:09 AM
22604B,N,V,04/07/2026 11:48:52 AM
22605A,N,V,04/07/2026 05:29:09 PM
22605B,N,O,04/07/2026 08:59:49 AM
22606A,N,O,04/07/2026 04:56:49 PM
22607A,N,V,04/07/2026 12:57:36 PM
22607B,N,V,04/07/2026 03:30:55 PM
22608A,N,V,04/06/2026 10:03:14 AM
22608B,N,V,04/07/2026 05:11:09 PM
22609A,N,O,04/07/2026 10:36:42 AM
22610B,N,O,04/07/2026 09:00:30 AM
22611A,N,O,04/07/2026 05:10:53 PM
22611B,N,O,04/07/2026 05:08:24 PM
22612A,N,V,04/07/2026 05:03:28 PM
22612B,N,O,04/07/2026 04:48:51 PM
22614A,N,O,04/06/2026 09:03:06 PM
22614B,N,V,04/07/2026 05:26:30 PM
22615A,N,O,04/07/2026 02:24:16 PM
22615B,N,O,04/07/2026 05:36:43 PM
22616A,N,V,04/07/2026 03:59:27 PM
22616B,N,V,04/07/2026 05:34:33 PM
22617A,N,O,04/07/2026 08:58:05 AM
22617B,N,V,04/07/2026 03:55:56 PM
22618A,N,O,04/07/2026 05:04:06 PM
22618B,N,O,04/07/2026 08:56:47 AM
22619A,N,O,04/07/2026 05:35:52 PM
22619B,N,O,04/07/2026 05:14:17 PM
22620A,N,V,04/07/2026 05:07:35 PM
22620B,N,V,04/07/2026 05:29:39 PM
22621A,N,V,04/07/2026 05:28:29 PM
22621B,N,V,04/07/2026 01:55:59 PM
22622A,N,V,04/07/2026 05:32:26 PM
22622B,N,V,04/07/2026 04:29:30 PM
22623A,N,O,04/07/2026 02:07:25 PM
22623B,N,V,04/06/2026 04:54:12 PM
22624A,N,V,04/07/2026 10:02:57 AM
22624B,N,V,04/07/2026 05:36:42 PM
22625A,N,V,04/07/2026 05:12:07 PM
22625B,N,V,04/07/2026 03:33:17 PM
22626A,N,O,04/07/2026 04:35:14 PM
22626B,N,V,04/06/2026 04:08:18 PM
22627A,N,O,04/07/2026 05:31:25 PM
22627B,N,V,04/07/2026 05:33:54 PM
22628A,N,O,04/07/2026 01:37:43 PM
22628B,N,V,04/07/2026 05:36:23 PM
22629A,N,O,04/07/2026 04:31:33 PM
22629B,N,O,04/07/2026 02:00:52 PM
22630A,N,O,04/07/2026 02:44:26 PM
22630B,N,O,04/07/2026 05:00:07 PM
22631A,N,O,04/07/2026 05:36:21 PM
22631B,N,O,04/07/2026 02:06:45 PM
22632A,N,O,04/07/2026 08:57:43 AM
22632B,N,O,04/07/2026 02:12:38 PM
22633A,N,O,04/07/2026 08:56:49 AM
22633B,N,O,04/07/2026 05:29:02 PM
22634A,N,O,04/07/2026 04:28:14 PM
22634B,N,O,04/07/2026 05:36:42 PM
22635A,N,V,04/07/2026 05:34:38 PM
22635B,N,O,04/07/2026 01:28:54 PM
22636A,N,O,04/07/2026 01:32:44 PM
22636B,N,O,04/07/2026 02:23:02 PM
22637A,N,O,04/07/2026 08:57:49 AM
22637B,N,O,04/07/2026 08:57:49 AM
22638A,N,O,04/07/2026 08:56:49 AM
22638B,N,O,04/07/2026 08:56:53 AM
22639A,N,O,04/07/2026 08:55:45 AM
22639B,N,O,04/07/2026 08:55:54 AM
22640A,N,O,04/07/2026 08:59:50 AM
22640B,N,O,04/07/2026 08:59:50 AM
22641A,N,O,04/06/2026 08:58:47 AM
22641B,N,O,04/07/2026 10:16:26 AM
22642A,N,O,04/07/2026 08:57:58 AM
22642B,N,O,04/07/2026 08:57:51 AM
22643A,N,O,04/07/2026 08:56:50 AM
22643B,N,O,04/07/2026 08:56:46 AM
22650A,N,O,04/07/2026 01:53:25 PM
22650B,N,O,04/07/2026 04:17:24 PM
22651A,N,O,04/07/2026 11:38:54 AM
22651B,N,O,04/07/2026 11:34:40 AM
22656B,N,V,04/07/2026 05:36:29 PM
22657A,N,V,04/07/2026 05:16:02 PM
22657B,N,O,04/07/2026 01:21:53 PM
22658A,N,O,04/07/2026 09:53:31 AM
22658B,N,O,04/07/2026 03:03:29 PM
22659A,N,O,04/07/2026 01:59:10 PM
22659B,N,O,04/07/2026 04:39:53 PM
22660A,N,V,04/07/2026 05:36:15 PM
22660B,N,V,01/12/2026 12:09:11 PM
22661A,N,V,04/07/2026 05:17:52 PM
22661B,N,O,04/07/2026 03:16:04 PM
22662A,N,O,04/07/2026 05:12:41 PM
22662B,N,O,04/07/2026 12:31:27 PM
22663A,N,O,04/07/2026 04:33:33 PM
22663B,N,O,04/07/2026 08:56:44 AM
22664A,N,V,04/07/2026 11:17:53 AM
22664B,N,O,04/07/2026 08:55:53 AM
22665A,N,O,04/07/2026 08:59:52 AM
22666A,N,O,04/07/2026 11:09:45 AM
22667A,N,O,04/07/2026 08:57:49 AM
22667B,N,O,04/07/2026 01:45:45 PM
22668A,N,O,04/07/2026 12:27:16 PM
22669A,N,O,04/07/2026 04:13:24 PM
22669B,N,O,04/07/2026 03:15:02 PM
22670A,N,O,11/22/2025 08:29:38 AM
22670B,N,O,11/22/2025 06:59:55 AM
22671A,N,O,04/07/2026 05:11:49 PM
22671B,N,O,04/07/2026 01:19:58 PM
22672A,N,O,04/07/2026 10:41:53 AM
22672B,N,O,04/07/2026 03:16:41 PM
22673A,N,O,04/07/2026 09:02:24 AM
22673B,N,O,04/07/2026 12:54:02 PM
22674A,N,O,04/07/2026 02:35:42 PM
22674B,N,V,04/07/2026 05:20:21 PM
22675A,N,O,11/18/2025 03:37:11 PM
22675B,N,O,08/25/2025 10:40:46 AM
22676A,N,V,04/07/2026 05:34:54 PM
22676B,N,V,09/09/2025 06:39:15 PM
22677A,N,O,04/07/2026 02:04:21 PM
22678B,N,O,04/07/2026 08:56:51 AM
22679A,N,O,04/07/2026 02:30:59 PM
22679B,N,O,04/07/2026 08:57:38 AM
22680A,N,O,04/07/2026 03:16:26 PM
22681A,N,O,04/07/2026 09:40:43 AM
22681B,N,O,04/07/2026 09:43:46 AM
22682A,N,O,04/07/2026 04:16:38 PM
22682B,N,O,04/07/2026 08:57:49 AM
22683A,N,V,04/07/2026 05:14:40 PM
22683B,N,O,04/07/2026 05:20:08 PM
22684A,N,O,04/07/2026 04:23:19 PM
22684B,N,O,04/07/2026 12:34:15 PM
22685A,N,V,04/07/2026 05:06:02 PM
22685B,N,O,04/07/2026 05:06:37 PM
22686A,N,O,04/07/2026 04:49:13 PM
22686B,N,O,04/07/2026 05:30:47 PM
22687A,N,O,04/07/2026 02:31:25 PM
22687B,N,O,04/07/2026 04:56:09 PM
22688A,N,O,04/07/2026 11:52:59 AM
22688B,N,O,04/07/2026 02:09:37 PM
22689A,N,O,04/07/2026 05:16:33 PM
22689B,N,O,04/07/2026 04:36:32 PM
22690A,N,O,04/07/2026 04:19:34 PM
22690B,N,O,04/07/2026 04:35:44 PM
22691A,N,O,04/07/2026 05:17:07 PM
22691B,N,O,04/07/2026 05:05:30 PM
22692A,N,O,04/07/2026 05:21:38 PM
22692B,N,O,04/07/2026 04:05:24 PM
22693A,N,O,04/07/2026 04:42:05 PM
22693B,N,O,04/07/2026 04:08:07 PM
22694A,N,O,04/07/2026 05:19:32 PM
22694B,N,O,04/07/2026 10:09:36 AM
22695A,N,O,04/07/2026 02:19:36 PM
22695B,N,O,04/07/2026 04:55:47 PM
22696A,N,O,04/07/2026 03:41:27 PM
22696B,N,O,04/07/2026 05:07:24 PM
22697A,N,O,04/07/2026 03:51:26 PM
22697B,N,O,04/07/2026 05:07:35 PM
22698A,N,O,04/07/2026 05:10:05 PM
22698B,N,O,04/07/2026 05:08:58 PM
22699A,N,O,04/07/2026 03:35:33 PM
22699B,N,O,04/07/2026 04:47:05 PM
22700A,N,O,04/07/2026 05:18:58 PM
22700B,N,O,04/07/2026 08:59:47 AM
22703A,N,O,04/07/2026 02:46:34 PM
22703B,N,V,04/07/2026 05:31:46 PM
22704A,N,O,04/07/2026 03:38:28 PM
22704B,N,O,04/07/2026 03:39:37 PM
2270A,N,O,04/07/2026 02:51:44 PM
2270B,N,O,04/07/2026 04:47:21 PM
22710A,N,V,04/07/2026 05:31:55 PM
22710B,N,O,04/07/2026 01:10:35 PM
22711A,N,O,04/07/2026 10:54:06 AM
22711B,N,V,04/07/2026 05:21:35 PM
22712A,N,O,04/07/2026 04:34:30 PM
22712B,N,O,04/07/2026 09:33:12 AM
22713A,N,O,04/07/2026 05:14:16 PM
22714B,N,O,04/07/2026 03:49:40 PM
22715A,N,O,04/07/2026 05:33:30 PM
22715B,N,O,04/07/2026 03:53:21 PM
22721A,N,O,04/07/2026 02:08:24 PM
22721B,N,O,04/07/2026 12:20:05 PM
22722A,N,O,04/07/2026 05:32:36 PM
22722B,N,O,04/07/2026 05:21:54 PM
22723A,N,O,04/07/2026 04:19:57 PM
22723B,N,O,04/07/2026 08:56:47 AM
22724A,N,O,04/07/2026 02:26:56 PM
22724B,N,O,04/07/2026 04:45:19 PM
22725A,N,O,04/07/2026 04:17:21 PM
22725B,N,O,04/07/2026 11:55:24 AM
22726B,N,V,04/07/2026 09:56:08 AM
22730A,N,O,04/07/2026 05:29:44 PM
22730B,N,V,04/07/2026 04:39:18 PM
22731A,N,V,04/07/2026 05:27:31 PM
22731B,N,V,04/07/2026 05:32:37 PM
22732A,N,O,04/07/2026 05:20:22 PM
22732B,N,V,04/07/2026 05:23:14 PM
22733A,N,V,04/07/2026 05:12:25 PM
22733B,N,V,04/07/2026 02:45:27 PM
22734A,N,O,04/07/2026 04:54:26 PM
22734B,N,O,04/07/2026 05:30:03 PM
22735A,N,V,04/07/2026 04:18:31 PM
22735B,N,V,04/07/2026 05:02:57 PM
22736A,N,V,04/07/2026 05:32:25 PM
22736B,N,V,04/07/2026 05:16:44 PM
22737A,N,V,04/07/2026 05:10:25 PM
22737B,N,O,04/07/2026 08:57:52 AM
22740A,N,O,04/07/2026 05:34:52 PM
22740B,N,O,04/07/2026 03:30:48 PM
22741A,N,O,04/07/2026 05:30:54 PM
22741B,N,V,04/07/2026 04:43:11 PM
22742A,N,V,04/07/2026 05:09:12 PM
22742B,N,O,04/07/2026 05:18:10 PM
22743A,N,V,04/07/2026 05:36:36 PM
22743B,N,O,04/07/2026 02:14:26 PM
22744A,N,O,04/07/2026 05:34:00 PM
22744B,N,O,04/07/2026 02:17:50 PM
22745A,N,O,04/07/2026 04:04:39 PM
22745B,N,O,04/07/2026 05:08:09 PM
22746A,N,O,04/07/2026 04:57:11 PM
22746B,N,O,04/07/2026 05:36:22 PM
22747A,N,V,04/07/2026 04:59:22 PM
22747B,N,O,04/07/2026 04:11:43 PM
22748A,N,O,04/07/2026 03:46:37 PM
22748B,N,O,04/07/2026 05:30:03 PM
22749A,N,O,04/07/2026 08:55:50 AM
22749B,N,O,04/07/2026 03:25:43 PM
22750A,N,O,04/07/2026 01:41:46 PM
22750B,N,V,04/07/2026 10:24:36 AM
22751A,N,V,04/07/2026 05:16:45 PM
22751B,N,O,04/07/2026 05:26:15 PM
22752A,N,O,04/07/2026 05:35:52 PM
22752B,N,V,04/07/2026 02:00:08 PM
22753A,N,O,04/07/2026 05:24:40 PM
22753B,N,V,04/07/2026 05:34:56 PM
22754A,N,O,04/07/2026 05:24:12 PM
22754B,N,O,04/07/2026 02:07:08 PM
22755A,NU,V,04/07/2026 04:57:19 PM
22755B,NU,O,04/07/2026 05:30:46 PM
22756A,N,O,04/07/2026 05:35:26 PM
22756B,N,V,04/07/2026 05:04:58 PM
22757A,N,O,04/07/2026 03:53:20 PM
22757B,N,O,04/07/2026 04:16:09 PM
22758A,N,O,04/07/2026 03:42:34 PM
22758B,N,O,04/07/2026 03:25:28 PM
22759A,N,O,04/07/2026 04:35:47 PM
22759B,N,O,04/07/2026 04:54:06 PM
22760A,N,O,04/07/2026 03:12:35 PM
22760B,N,O,04/07/2026 09:59:28 AM
22761A,N,O,04/07/2026 03:42:10 PM
22761B,N,V,03/23/2026 06:47:42 PM
22762A,N,O,04/07/2026 03:57:04 PM
22762B,N,O,04/07/2026 01:08:13 PM
22763A,N,O,04/07/2026 02:05:40 PM
22763B,N,O,04/07/2026 02:21:20 PM
22764A,N,O,04/07/2026 09:57:42 AM
22764B,N,O,04/07/2026 04:16:33 PM
22765A,N,V,04/07/2026 04:53:48 PM
22765B,N,O,04/07/2026 04:25:01 PM
22766A,N,V,04/07/2026 05:21:21 PM
22766B,N,O,04/07/2026 03:05:57 PM
22767A,N,V,04/07/2026 03:56:58 PM
22767B,N,V,04/07/2026 05:36:00 PM
22768A,N,V,04/07/2026 05:36:12 PM
22768B,N,O,04/07/2026 03:50:20 PM
22769A,N,O,04/07/2026 05:33:24 PM
22769B,N,O,04/07/2026 05:33:24 PM
2276A,N,V,04/07/2026 05:36:35 PM
2276B,N,O,04/07/2026 05:12:44 PM
22770A,N,O,04/07/2026 04:21:41 PM
22770B,N,V,04/07/2026 05:18:49 PM
22771A,N,O,04/07/2026 03:54:24 PM
22771B,N,V,04/07/2026 03:58:11 PM
22772A,N,V,04/07/2026 05:23:13 PM
22772B,N,O,04/07/2026 05:36:41 PM
22773A,N,O,04/07/2026 04:47:06 PM
22773B,N,O,04/07/2026 03:00:00 PM
22774A,N,O,04/07/2026 05:17:41 PM
22774B,N,O,04/07/2026 05:10:19 PM
22775A,N,V,04/07/2026 05:34:24 PM
22775B,N,V,04/07/2026 05:33:01 PM
22776A,N,V,04/07/2026 03:56:31 PM
22777A,N,O,04/07/2026 04:34:45 PM
22777B,N,V,04/07/2026 05:33:35 PM
22778A,N,O,04/07/2026 04:41:21 PM
22778B,N,V,04/07/2026 04:43:43 PM
22779A,N,V,04/07/2026 04:50:34 PM
22779B,N,O,04/07/2026 05:14:34 PM
2277A,N,O,04/07/2026 05:35:05 PM
2277B,N,O,04/07/2026 04:33:30 PM
22780A,N,O,04/07/2026 02:58:32 PM
22780B,N,O,04/07/2026 10:46:59 AM
22781A,N,V,04/07/2026 05:31:17 PM
22781B,N,O,04/07/2026 05:17:11 PM
22782A,N,O,04/07/2026 04:53:50 PM
22782B,N,O,04/07/2026 03:48:33 PM
2278A,N,O,04/07/2026 04:57:54 PM
2278B,N,O,04/07/2026 10:26:45 AM
22792A,N,O,04/07/2026 01:43:45 PM
22792B,N,V,04/07/2026 04:53:34 PM
22793A,N,O,04/07/2026 05:36:38 PM
22793B,N,O,04/07/2026 01:58:13 PM
22794A,N,V,04/07/2026 05:31:56 PM
22794B,N,V,04/07/2026 05:17:34 PM
22795A,N,O,04/05/2026 09:54:06 PM
22795B,N,V,04/07/2026 12:04:04 PM
22796A,N,V,04/06/2026 08:22:19 PM
22796B,N,V,04/07/2026 02:06:20 PM
22797A,N,V,04/07/2026 10:53:15 AM
22797B,N,V,04/07/2026 10:13:53 AM
22798A,N,V,04/07/2026 10:46:49 AM
22798B,N,V,04/07/2026 10:46:49 AM
2279A,N,O,04/07/2026 05:24:53 PM
2279B,N,V,04/07/2026 05:00:54 PM
22800A,N,O,04/07/2026 05:28:33 PM
22800B,N,O,04/07/2026 04:51:29 PM
22801A,N,O,04/07/2026 05:31:25 PM
22801B,N,O,04/07/2026 04:24:45 PM
22802A,N,O,04/07/2026 02:35:38 PM
22802B,N,O,04/07/2026 01:34:24 PM
22803A,N,O,04/07/2026 08:56:43 AM
22804B,N,V,04/07/2026 10:22:36 AM
22805A,N,O,04/07/2026 08:59:47 AM
22805B,N,O,04/07/2026 05:04:53 PM
22806A,N,V,04/07/2026 05:28:26 PM
22806B,N,V,04/07/2026 05:28:26 PM
22807A,N,V,04/07/2026 02:54:53 PM
22807B,N,V,04/07/2026 01:21:35 PM
22808A,N,V,04/07/2026 04:21:44 PM
22808B,N,V,04/07/2026 03:46:25 PM
22809A,N,O,04/07/2026 05:16:11 PM
22809B,N,O,04/07/2026 01:54:53 PM
2282A,N,O,04/07/2026 04:49:30 PM
2282B,N,O,04/07/2026 04:39:28 PM
2283A,N,O,04/07/2026 05:05:15 PM
2283B,N,V,04/07/2026 04:36:37 PM
2284A,N,O,04/07/2026 05:34:03 PM
2284B,N,O,04/07/2026 05:34:03 PM
2285A,N,O,04/07/2026 08:59:44 AM
2285B,N,O,04/07/2026 05:33:33 PM
2286A,N,O,04/07/2026 02:47:58 PM
2286B,N,O,04/07/2026 04:50:21 PM
2287A,N,O,04/07/2026 05:30:54 PM
2287B,N,O,04/07/2026 05:35:40 PM
2288A,N,O,04/07/2026 08:56:45 AM
2288B,N,O,04/07/2026 04:27:39 PM
2289A,N,O,04/07/2026 08:55:47 AM
2289B,N,O,04/07/2026 05:16:59 PM
2290A,N,O,04/07/2026 05:15:07 PM
2290B,N,O,04/07/2026 04:07:13 PM
2291A,N,O,04/07/2026 03:38:08 PM
2291B,N,O,04/07/2026 08:58:45 AM
2292A,N,O,04/07/2026 04:37:39 PM
2292B,N,O,04/07/2026 03:31:25 PM
2293A,N,O,04/07/2026 03:45:34 PM
2293B,N,O,04/07/2026 04:05:40 PM
2294A,N,V,04/07/2026 05:28:39 PM
2294B,N,O,04/07/2026 04:51:40 PM
2295A,N,O,04/07/2026 05:21:46 PM
2295B,N,O,04/07/2026 04:27:46 PM
2296A,N,V,04/07/2026 05:36:26 PM
2296B,N,O,04/07/2026 05:26:39 PM
2297A,N,O,04/07/2026 03:33:10 PM
2297B,N,O,04/07/2026 05:03:41 PM
2298A,N,O,04/07/2026 05:01:25 PM
2298B,N,O,04/07/2026 03:03:12 PM
22A,NU,V,03/22/2026 09:56:55 PM
22B,NU,O,03/22/2026 09:59:06 PM
23002A,N,O,04/07/2026 09:57:51 AM
23002B,N,O,04/07/2026 04:35:30 PM
23003B,N,V,04/07/2026 05:17:29 PM
23004A,N,V,04/07/2026 05:36:24 PM
23004B,N,O,04/07/2026 02:53:12 PM
23005A,N,O,04/07/2026 04:47:25 PM
23005B,N,O,04/07/2026 03:35:29 PM
23006A,NU,O,10/09/2025 06:58:51 AM
23007A,N,O,04/07/2026 03:04:58 PM
23007B,NU,O,10/09/2025 06:57:50 AM
23008A,N,O,04/07/2026 08:56:50 AM
23008B,N,O,04/07/2026 01:08:34 PM
23010A,N,V,04/07/2026 09:44:22 AM
23010B,N,V,04/07/2026 10:37:59 AM
23011A,N,O,04/07/2026 04:36:16 PM
23011B,N,O,04/07/2026 05:32:35 PM
23012A,N,O,04/07/2026 05:15:16 PM
23012B,N,O,04/07/2026 01:00:00 PM
23013A,N,O,04/07/2026 11:19:32 AM
23013B,N,O,04/07/2026 05:15:10 PM
23017A,N,V,04/07/2026 05:00:32 PM
23017B,N,O,04/07/2026 04:05:35 PM
23018A,N,O,04/07/2026 05:27:59 PM
23018B,N,V,04/07/2026 04:14:51 PM
23019A,N,O,04/07/2026 03:25:03 PM
23019B,N,O,04/06/2026 08:13:46 PM
23020B,N,O,04/07/2026 03:01:03 PM
23021A,N,O,04/07/2026 12:23:56 PM
23021B,N,O,04/07/2026 09:27:23 AM
23022A,N,O,04/07/2026 08:57:51 AM
23022B,N,O,04/07/2026 08:57:51 AM
23023A,N,O,04/07/2026 04:20:18 PM
23023B,N,O,04/07/2026 02:17:08 PM
23024A,N,V,04/07/2026 05:26:23 PM
23024B,N,O,04/07/2026 05:27:10 PM
23025A,N,O,04/07/2026 05:18:11 PM
23025B,N,O,04/07/2026 04:42:34 PM
23026A,N,O,04/07/2026 04:14:56 PM
23026B,N,O,04/07/2026 04:11:22 PM
23027A,N,O,04/07/2026 08:57:47 AM
23027B,N,V,04/07/2026 04:56:19 PM
23028A,N,O,04/07/2026 05:28:21 PM
23028B,N,V,04/07/2026 04:41:29 PM
23029A,N,V,04/07/2026 05:16:47 PM
23029B,N,O,04/07/2026 05:28:30 PM
23030B,N,O,04/07/2026 05:19:13 PM
23031A,N,O,04/07/2026 03:18:14 PM
23031B,N,O,04/07/2026 05:32:30 PM
23032A,N,O,04/07/2026 03:07:45 PM
23032B,N,O,04/07/2026 04:42:37 PM
23033A,N,V,04/07/2026 03:31:50 PM
23033B,N,O,04/07/2026 04:56:45 PM
23034A,N,V,04/07/2026 09:56:02 AM
23034B,N,V,04/07/2026 03:39:19 PM
23035A,N,O,04/06/2026 08:36:10 PM
23035B,N,O,04/07/2026 12:17:33 PM
23036A,N,V,04/07/2026 10:19:07 AM
23036B,N,V,04/07/2026 04:51:48 PM
23037A,N,O,04/07/2026 02:06:25 PM
23037B,N,V,04/07/2026 02:10:13 PM
23038A,N,V,04/07/2026 05:00:52 PM
23038B,N,V,04/07/2026 05:36:39 PM
23039A,N,V,04/07/2026 02:35:02 PM
23039B,N,V,04/07/2026 03:49:22 PM
23040A,N,V,04/07/2026 05:33:25 PM
23040B,N,O,04/07/2026 05:23:36 PM
23041A,N,O,04/07/2026 04:01:30 PM
23042A,N,O,04/07/2026 02:38:30 PM
23042B,N,O,04/07/2026 12:39:06 PM
23043A,N,O,04/07/2026 09:21:54 AM
23043B,N,O,04/07/2026 08:56:52 AM
23045A,N,O,04/07/2026 05:36:40 PM
23045B,N,O,04/07/2026 04:01:27 PM
23046A,N,V,04/07/2026 02:35:29 PM
23046B,N,V,04/07/2026 05:07:59 PM
23047A,N,O,04/07/2026 05:09:09 PM
23047B,N,V,04/07/2026 05:36:25 PM
23048A,N,O,04/07/2026 04:40:52 PM
23048B,N,O,04/07/2026 05:36:20 PM
23049A,N,V,04/07/2026 11:14:33 AM
23049B,N,O,04/07/2026 03:40:38 PM
23050A,N,V,04/07/2026 10:38:32 AM
23050B,N,V,04/07/2026 02:16:14 PM
23051A,N,V,04/07/2026 05:06:20 PM
23051B,N,O,04/06/2026 08:00:08 PM
23052A,N,V,04/07/2026 05:26:10 PM
23052B,N,V,04/07/2026 05:26:06 PM
23053A,N,O,04/07/2026 04:45:37 PM
23053B,N,O,04/07/2026 11:23:23 AM
23055B,N,V,04/07/2026 04:37:37 PM
23056A,N,V,04/07/2026 12:15:21 PM
23056B,N,V,04/06/2026 03:50:06 PM
23057A,N,V,04/07/2026 09:27:28 AM
23057B,N,V,04/07/2026 10:41:55 AM
23058A,N,O,04/07/2026 04:18:48 PM
23058B,N,O,04/07/2026 05:35:46 PM
23059A,N,O,04/06/2026 08:14:21 PM
23059B,N,V,04/07/2026 04:43:15 PM
23060A,N,V,04/07/2026 01:18:33 PM
23061A,NU,O,09/27/2025 07:07:29 AM
23061B,NU,O,10/09/2025 06:58:53 AM
23062A,N,O,04/07/2026 04:08:48 PM
23062B,N,O,04/07/2026 04:28:59 PM
23063A,N,O,04/07/2026 02:25:09 PM
23063B,N,O,04/07/2026 04:55:09 PM
23065A,N,O,04/07/2026 05:13:27 PM
23065B,N,V,04/07/2026 05:15:16 PM
23066A,N,V,04/07/2026 05:24:17 PM
23066B,N,O,04/07/2026 04:36:10 PM
23067B,N,O,04/07/2026 05:07:22 PM
23068B,N,O,04/07/2026 04:20:09 PM
23069A,N,V,04/07/2026 04:27:39 PM
23072A,N,O,04/07/2026 09:57:53 AM
23072B,N,O,04/07/2026 05:28:40 PM
23073A,N,O,04/07/2026 05:36:35 PM
23073B,N,V,04/07/2026 05:29:41 PM
23074A,N,V,04/07/2026 04:45:28 PM
23075A,N,O,04/07/2026 05:00:57 PM
23075B,N,O,04/07/2026 05:24:35 PM
23076A,N,O,04/07/2026 05:21:15 PM
23076B,N,O,04/07/2026 05:22:40 PM
23077A,N,O,04/07/2026 05:10:44 PM
23077B,N,O,04/07/2026 05:31:40 PM
23078A,N,O,04/07/2026 05:10:33 PM
23078B,N,O,04/07/2026 05:24:15 PM
23079A,N,O,04/07/2026 02:19:25 PM
23079B,N,O,04/07/2026 05:33:05 PM
23080A,N,O,04/07/2026 05:33:48 PM
23080B,N,O,04/07/2026 10:29:53 AM
23081A,N,O,04/07/2026 05:11:18 PM
23081B,N,V,04/07/2026 05:34:39 PM
23082A,N,O,04/07/2026 05:15:46 PM
23082B,N,O,04/07/2026 05:29:08 PM
23083A,N,O,04/07/2026 05:27:02 PM
23083B,N,V,04/07/2026 05:15:16 PM
23084A,N,O,04/07/2026 03:16:50 PM
23084B,N,O,04/07/2026 05:34:49 PM
23085A,N,V,04/07/2026 05:30:46 PM
23085B,N,V,04/07/2026 04:10:58 PM
23086A,N,O,04/07/2026 05:31:53 PM
23086B,N,O,04/07/2026 05:15:18 PM
23087A,N,O,04/07/2026 01:51:29 PM
23087B,N,O,04/07/2026 05:32:13 PM
23088A,N,O,04/07/2026 03:40:28 PM
23088B,N,O,04/07/2026 04:32:03 PM
23089A,N,O,04/07/2026 12:25:55 PM
23089B,N,O,04/07/2026 03:34:21 PM
23090B,N,O,04/07/2026 12:41:22 PM
23091A,N,O,04/07/2026 02:32:18 PM
23092A,N,O,04/07/2026 04:45:09 PM
23092B,N,O,04/07/2026 05:14:00 PM
23093A,N,O,04/07/2026 04:26:21 PM
23093B,N,O,04/06/2026 05:47:02 PM
23094A,N,O,04/07/2026 05:20:03 PM
23094B,N,O,04/07/2026 04:48:07 PM
23095A,N,O,04/07/2026 05:08:17 PM
23095B,N,O,04/07/2026 05:36:32 PM
23096A,N,O,04/07/2026 03:47:03 PM
23096B,N,O,04/07/2026 04:03:54 PM
23097A,N,O,04/07/2026 04:42:59 PM
23097B,N,O,04/07/2026 05:34:22 PM
23098A,N,O,04/07/2026 05:05:54 PM
23098B,N,O,04/07/2026 05:30:03 PM
23099B,N,O,04/07/2026 05:00:33 PM
23100A,N,O,04/07/2026 04:19:08 PM
23100B,N,O,04/07/2026 04:47:07 PM
23101A,N,V,04/07/2026 05:35:22 PM
23101B,N,O,04/07/2026 05:17:23 PM
23104A,N,O,04/07/2026 05:09:43 PM
23104B,N,V,04/07/2026 05:35:45 PM
23105A,N,O,04/07/2026 04:46:22 PM
23105B,N,O,04/07/2026 04:37:31 PM
23106A,N,O,04/07/2026 03:48:21 PM
23106B,N,O,04/07/2026 04:02:05 PM
23109A,N,O,04/07/2026 05:34:50 PM
23109B,N,V,04/07/2026 04:21:54 PM
23110A,N,O,04/07/2026 03:59:35 PM
23110B,N,O,04/07/2026 09:20:16 AM
23111A,N,O,04/07/2026 05:34:27 PM
23111B,N,V,04/07/2026 05:36:21 PM
23112A,N,O,04/07/2026 03:29:19 PM
23112B,N,V,04/07/2026 05:10:32 PM
23113A,N,V,04/07/2026 05:10:53 PM
23114A,N,O,04/07/2026 08:55:51 AM
23114B,N,O,04/07/2026 08:55:43 AM
23115A,N,O,04/07/2026 03:34:04 PM
23115B,N,O,04/07/2026 08:59:43 AM
23116A,N,O,04/07/2026 04:59:10 PM
23116B,N,O,04/07/2026 03:59:54 PM
2311B,N,O,04/07/2026 06:58:57 AM
23120A,N,O,04/07/2026 09:59:45 AM
23120B,N,O,04/07/2026 05:36:44 PM
23121A,N,O,04/07/2026 09:58:42 AM
23121B,N,O,04/07/2026 12:13:14 PM
23128B,N,O,04/07/2026 08:56:49 AM
23129A,N,O,04/07/2026 05:35:55 PM
23129B,N,O,04/07/2026 05:36:33 PM
2312A,N,O,04/07/2026 01:13:22 PM
2312B,N,O,04/07/2026 06:57:47 AM
23130A,N,V,04/07/2026 05:36:44 PM
23130B,N,O,04/07/2026 04:27:00 PM
23131A,N,V,04/07/2026 05:27:15 PM
23131B,N,O,04/07/2026 11:28:37 AM
23132A,N,O,04/07/2026 03:44:29 PM
23132B,N,V,04/07/2026 03:45:40 PM
23133A,N,V,04/07/2026 05:31:18 PM
23133B,N,O,04/07/2026 04:09:17 PM
23134A,N,V,04/07/2026 05:34:06 PM
23134B,N,O,04/07/2026 05:01:29 PM
23135A,N,V,04/07/2026 12:27:47 PM
23135B,N,O,04/07/2026 01:34:57 PM
23136A,N,V,04/07/2026 05:13:45 PM
23136B,N,V,04/07/2026 04:47:17 PM
23137A,N,V,04/07/2026 04:08:20 PM
23137B,N,V,04/07/2026 04:41:10 PM
23138A,N,O,04/07/2026 05:35:35 PM
23138B,N,V,04/07/2026 05:36:34 PM
23139A,N,V,04/07/2026 03:39:27 PM
23139B,N,O,04/06/2026 09:11:20 PM
2313A,N,O,04/07/2026 06:56:49 AM
2313B,N,O,04/07/2026 05:12:30 PM
23140A,N,V,04/07/2026 05:30:29 PM
23140B,N,V,04/07/2026 04:41:10 PM
23142A,N,O,04/07/2026 03:59:11 PM
23142B,N,O,04/07/2026 02:41:25 PM
23143A,N,V,04/07/2026 03:34:38 PM
23143B,N,V,04/07/2026 05:31:10 PM
23144A,N,O,04/07/2026 04:29:46 PM
23144B,N,V,04/07/2026 05:26:20 PM
23145A,N,O,04/07/2026 04:43:19 PM
23145B,N,O,04/07/2026 03:49:06 PM
23146A,N,O,04/07/2026 01:59:25 PM
23146B,N,O,04/07/2026 05:06:48 PM
23147A,N,O,04/07/2026 05:03:13 PM
23147B,N,V,04/07/2026 04:51:46 PM
23148A,N,V,04/07/2026 05:31:20 PM
23148B,N,O,04/07/2026 04:43:33 PM
23149A,N,O,04/07/2026 04:36:02 PM
23149B,N,V,04/07/2026 05:35:08 PM
2314A,N,O,04/07/2026 12:24:18 PM
2314B,N,O,04/07/2026 09:31:22 AM
23150A,N,O,04/07/2026 03:57:00 PM
23150B,N,O,04/07/2026 01:24:28 PM
23151A,N,V,04/07/2026 05:23:25 PM
23152A,N,O,04/07/2026 08:57:39 AM
23152B,N,V,04/07/2026 05:35:43 PM
23153A,N,O,04/07/2026 05:08:15 PM
23153B,N,O,04/07/2026 02:29:59 PM
23154A,N,O,04/07/2026 12:55:16 PM
23154B,N,O,04/07/2026 05:08:15 PM
23155A,N,V,04/07/2026 05:36:04 PM
23155B,N,O,04/07/2026 04:32:02 PM
23156A,N,O,04/06/2026 03:58:52 PM
23156B,N,O,04/07/2026 04:54:21 PM
23157A,N,O,09/27/2025 01:26:51 PM
23157B,N,O,04/07/2026 11:48:30 AM
23158A,N,O,04/07/2026 08:56:43 AM
23158B,N,O,04/07/2026 08:56:43 AM
23159A,N,O,04/07/2026 05:34:25 PM
23159B,N,O,09/18/2025 01:24:17 PM
2315B,N,O,04/07/2026 11:15:50 AM
23160A,N,O,04/07/2026 05:33:25 PM
23160B,N,O,04/07/2026 04:23:48 PM
23161A,N,O,04/07/2026 04:41:21 PM
23161B,N,O,04/07/2026 04:32:34 PM
23162A,N,O,04/07/2026 03:23:32 PM
23163A,N,O,04/07/2026 03:55:41 PM
23163B,N,O,04/07/2026 02:39:49 PM
23164A,N,O,04/07/2026 05:09:20 PM
23164B,N,O,04/07/2026 05:14:05 PM
23165A,N,O,04/07/2026 08:59:40 AM
23165B,N,O,04/07/2026 05:19:18 PM
23166A,N,O,04/07/2026 05:32:45 PM
23166B,N,O,04/07/2026 04:40:02 PM
23167A,N,O,04/07/2026 02:34:58 PM
23167B,N,O,04/07/2026 04:29:54 PM
23168A,N,O,04/07/2026 04:19:44 PM
23168B,N,O,04/07/2026 08:56:47 AM
23169A,N,O,04/07/2026 08:55:48 AM
23169B,N,O,04/07/2026 04:10:56 PM
2316B,N,O,04/07/2026 08:58:55 AM
23170A,NU,O,04/07/2026 04:21:14 PM
23170B,NU,O,04/07/2026 08:59:47 AM
2317B,N,O,04/07/2026 06:57:46 AM
2318A,N,O,04/07/2026 03:44:34 PM
2318B,N,O,04/07/2026 02:43:18 PM
2319A,N,O,04/07/2026 03:45:54 PM
2319B,N,O,04/07/2026 08:55:50 AM
23201B,N,O,04/07/2026 05:14:39 PM
23203A,N,O,04/07/2026 08:56:46 AM
23203B,N,O,04/07/2026 05:21:20 PM
23204A,N,O,04/07/2026 04:36:43 PM
23204B,N,O,04/06/2026 06:53:11 PM
23205A,N,O,04/07/2026 05:28:04 PM
23205B,N,O,04/07/2026 04:38:38 PM
23206A,N,O,04/07/2026 01:22:53 PM
23206B,N,O,04/06/2026 08:43:37 PM
23208A,N,O,04/07/2026 05:36:42 PM
23208B,N,O,04/07/2026 05:36:33 PM
23209A,N,V,04/07/2026 04:57:24 PM
2320A,N,O,04/07/2026 04:03:38 PM
2320B,N,O,04/07/2026 08:59:46 AM
23210B,N,V,04/07/2026 04:32:29 PM
23211A,N,O,04/07/2026 05:30:14 PM
23212A,N,V,04/07/2026 05:05:24 PM
23212B,N,V,04/07/2026 05:29:22 PM
23213A,N,V,04/07/2026 04:52:19 PM
23213B,N,O,04/07/2026 10:26:51 AM
23214A,N,O,04/07/2026 04:59:57 PM
23214B,N,V,04/07/2026 05:25:49 PM
23215A,N,V,04/07/2026 05:33:56 PM
23215B,N,O,04/07/2026 04:53:53 PM
23216A,N,O,04/07/2026 04:32:20 PM
23216B,N,O,04/07/2026 05:02:55 PM
23217A,N,O,04/07/2026 05:08:48 PM
23217B,N,O,04/07/2026 04:57:55 PM
23218A,N,O,04/07/2026 03:49:39 PM
23218B,N,V,04/07/2026 05:18:39 PM
23219A,N,O,04/07/2026 03:09:41 PM
23219B,N,V,04/07/2026 05:28:03 PM
2321A,N,O,04/07/2026 08:58:59 AM
2321B,N,O,04/07/2026 08:58:51 AM
23220A,N,O,04/07/2026 05:00:00 PM
23220B,N,O,04/07/2026 04:53:56 PM
23221A,N,O,04/07/2026 04:26:38 PM
23221B,N,O,04/07/2026 05:34:31 PM
23222A,N,V,04/07/2026 05:36:03 PM
23222B,N,V,04/07/2026 05:29:31 PM
23223A,N,O,04/07/2026 04:47:20 PM
23223B,N,O,04/07/2026 05:33:34 PM
23224A,N,O,04/07/2026 02:52:21 PM
23224B,N,O,04/07/2026 04:11:19 PM
2322A,N,O,04/07/2026 08:57:52 AM
2322B,N,O,04/07/2026 04:19:56 PM
23236A,N,O,04/07/2026 04:37:35 PM
23236B,N,O,04/07/2026 05:34:45 PM
23237A,N,O,04/07/2026 04:33:41 PM
23237B,N,O,04/07/2026 05:33:45 PM
23238A,N,O,04/07/2026 04:10:10 PM
23238B,N,O,04/07/2026 04:49:13 PM
23239A,N,O,04/07/2026 04:34:48 PM
23239B,N,O,04/07/2026 08:55:52 AM
2323A,N,O,04/07/2026 04:57:53 PM
2323B,N,O,04/07/2026 05:13:00 PM
23240A,N,O,04/07/2026 09:46:23 AM
23240B,N,O,04/07/2026 08:59:54 AM
23241A,N,O,04/07/2026 05:10:59 PM
23241B,N,O,04/07/2026 04:57:25 PM
23242A,N,O,04/07/2026 11:54:13 AM
23243A,N,O,04/07/2026 04:58:18 PM
23244A,N,O,04/07/2026 04:44:20 PM
23244B,N,O,04/07/2026 04:09:13 PM
23246A,N,O,04/07/2026 04:33:20 PM
23246B,N,V,04/07/2026 05:05:02 PM
23247A,N,O,04/07/2026 01:41:45 PM
23247B,N,V,04/07/2026 04:58:30 PM
23248A,N,O,04/07/2026 08:56:55 AM
23248B,N,V,04/07/2026 05:25:52 PM
23249A,N,V,04/07/2026 05:02:38 PM
23249B,N,O,04/07/2026 05:31:15 PM
2324A,N,V,04/07/2026 01:50:48 PM
2324B,N,O,04/06/2026 08:55:56 AM
23250B,N,O,04/07/2026 05:16:01 PM
23251A,N,O,04/07/2026 05:08:29 PM
23251B,N,O,04/07/2026 04:31:23 PM
23252A,N,O,04/07/2026 05:26:33 PM
23252B,N,O,04/07/2026 05:05:48 PM
23253A,N,O,04/07/2026 05:30:04 PM
23253B,N,O,04/07/2026 04:18:03 PM
23254A,N,O,04/07/2026 05:31:50 PM
23254B,N,V,04/07/2026 05:36:37 PM
23255A,N,V,04/07/2026 05:32:46 PM
23255B,N,V,04/07/2026 05:36:17 PM
23256A,N,V,04/07/2026 05:35:25 PM
23256B,N,O,04/07/2026 04:49:22 PM
23257A,N,V,04/07/2026 05:34:57 PM
23257B,N,O,04/07/2026 05:24:38 PM
23258A,N,O,04/07/2026 05:24:57 PM
23258B,N,O,04/07/2026 04:25:24 PM
23259A,N,O,04/07/2026 08:56:02 AM
23259B,N,V,04/07/2026 03:17:45 PM
23260B,N,V,04/07/2026 04:10:16 PM
23270A,N,O,04/07/2026 04:40:02 PM
23270B,N,O,04/07/2026 03:24:24 PM
23271A,N,O,04/07/2026 01:39:11 PM
23271B,N,O,04/07/2026 04:29:54 PM
23272A,N,O,04/07/2026 10:38:53 AM
23272B,N,O,04/07/2026 08:59:06 AM
23273A,N,O,04/07/2026 05:31:21 PM
23273B,N,O,04/07/2026 05:18:56 PM
23274A,N,O,04/07/2026 05:31:48 PM
23274B,N,O,04/07/2026 05:36:45 PM
23275A,N,V,04/07/2026 05:36:04 PM
23275B,N,O,04/07/2026 03:40:02 PM
23276A,N,O,04/07/2026 08:58:45 AM
23276B,N,O,04/07/2026 09:03:38 AM
23277A,N,V,04/07/2026 05:35:42 PM
23278A,N,O,04/07/2026 05:17:14 PM
23278B,N,O,04/07/2026 05:34:52 PM
23279A,N,O,04/07/2026 04:42:40 PM
23279B,N,O,04/07/2026 12:47:31 PM
23280A,N,O,04/07/2026 12:45:27 PM
23280B,N,O,07/06/2025 09:28:02 PM
23281A,N,O,04/07/2026 03:46:29 PM
23281B,N,O,04/07/2026 03:03:57 PM
23282A,N,O,04/07/2026 05:09:32 PM
23282B,N,O,04/07/2026 04:04:36 PM
23283A,N,O,04/07/2026 04:48:39 PM
23283B,N,O,04/07/2026 05:27:11 PM
23285B,N,O,04/07/2026 04:26:19 PM
23286A,N,O,04/07/2026 09:58:49 AM
23286B,N,O,04/07/2026 05:22:57 PM
23287A,N,O,04/07/2026 12:23:00 PM
23287B,N,O,04/07/2026 03:41:53 PM
23288A,N,O,04/07/2026 05:34:30 PM
23288B,N,O,04/07/2026 09:56:48 AM
23294A,N,O,04/07/2026 04:03:02 PM
23294B,N,O,04/07/2026 03:43:05 PM
23295A,N,O,04/07/2026 01:26:36 PM
23295B,N,O,04/07/2026 05:07:21 PM
23296A,N,O,04/07/2026 05:31:04 PM
23296B,N,O,04/07/2026 05:34:10 PM
23297A,N,O,04/07/2026 10:44:57 AM
23297B,N,O,04/07/2026 03:54:42 PM
23298A,N,O,04/07/2026 05:10:22 PM
23298B,N,O,04/07/2026 03:38:37 PM
23299A,N,V,04/07/2026 05:18:51 PM
23299B,N,O,04/07/2026 04:58:43 PM
23300A,N,O,04/07/2026 12:04:27 PM
23301A,N,O,04/07/2026 11:35:00 AM
23301B,N,O,04/07/2026 04:18:37 PM
23302A,N,O,04/07/2026 05:19:58 PM
23302B,N,O,04/07/2026 05:18:46 PM
23303A,N,V,04/07/2026 05:20:12 PM
23303B,N,O,04/07/2026 05:19:31 PM
23304A,N,O,04/07/2026 04:59:50 PM
23304B,N,O,04/07/2026 04:34:44 PM
23305A,N,O,04/07/2026 04:36:45 PM
23305B,N,O,04/07/2026 03:47:14 PM
23306A,N,O,04/07/2026 08:58:50 AM
23306B,N,O,04/07/2026 09:54:44 AM
23307A,N,O,04/07/2026 08:57:43 AM
23307B,N,O,04/07/2026 08:57:43 AM
23308A,N,O,04/07/2026 05:31:17 PM
23308B,N,O,04/07/2026 08:56:49 AM
23309A,N,O,04/07/2026 08:55:45 AM
23309B,N,O,04/07/2026 08:55:45 AM
23310B,N,O,04/07/2026 04:31:12 PM
23311A,N,V,04/07/2026 05:32:55 PM
23311B,N,O,04/07/2026 05:21:21 PM
23312A,N,O,04/07/2026 08:57:53 AM
23312B,N,O,04/07/2026 05:33:41 PM
23313B,N,O,04/07/2026 05:23:12 PM
23314A,N,O,04/07/2026 10:27:18 AM
23314B,N,O,04/07/2026 05:16:58 PM
23315A,N,O,04/07/2026 08:59:49 AM
23315B,N,O,04/07/2026 10:01:07 AM
23320A,N,V,04/07/2026 05:35:29 PM
23320B,N,O,04/07/2026 05:02:00 PM
23321A,N,O,04/07/2026 05:35:58 PM
23321B,N,O,04/07/2026 05:25:24 PM
23322A,N,O,04/07/2026 05:02:06 PM
23322B,N,O,04/07/2026 04:58:13 PM
23323A,N,O,04/07/2026 05:24:27 PM
23324A,N,O,04/07/2026 05:10:22 PM
23324B,N,O,04/07/2026 04:54:06 PM
23325A,N,O,04/07/2026 10:00:47 AM
23325B,N,O,04/07/2026 05:05:22 PM
2332A,N,O,04/07/2026 04:59:17 PM
2332B,N,O,04/07/2026 08:57:47 AM
23336A,N,O,04/07/2026 09:58:46 AM
23337A,N,V,04/07/2026 05:15:14 PM
23337B,N,V,04/07/2026 05:15:21 PM
23338A,N,O,04/07/2026 05:15:07 PM
23338B,N,O,04/07/2026 05:14:44 PM
23339A,N,O,04/07/2026 05:11:04 PM
23339B,N,O,04/07/2026 05:25:00 PM
2333A,N,O,04/07/2026 04:25:47 PM
2333B,N,O,04/07/2026 04:18:05 PM
23340A,N,O,04/07/2026 02:28:55 PM
23341A,N,O,04/07/2026 04:43:32 PM
23341B,N,O,04/07/2026 05:19:22 PM
23342A,N,V,04/07/2026 05:25:12 PM
23342B,N,O,04/07/2026 05:23:08 PM
23343A,N,O,04/07/2026 03:47:47 PM
23343B,N,O,04/07/2026 04:30:59 PM
23344A,N,O,04/07/2026 04:28:32 PM
23344B,N,O,04/07/2026 02:04:11 PM
23345A,N,O,04/07/2026 03:35:20 PM
23345B,N,O,04/07/2026 05:28:57 PM
23346A,N,O,04/07/2026 04:48:02 PM
23346B,N,O,04/07/2026 04:55:09 PM
23347A,N,O,04/07/2026 05:02:35 PM
23347B,N,V,04/07/2026 03:56:59 PM
23348A,N,O,04/07/2026 03:53:11 PM
23348B,N,O,04/07/2026 03:25:28 PM
23349A,N,V,04/07/2026 05:06:38 PM
23349B,N,V,04/07/2026 05:06:38 PM
2334A,N,O,04/07/2026 04:10:49 PM
2334B,N,O,04/07/2026 04:03:55 PM
23350A,N,O,04/07/2026 02:01:08 PM
23350B,N,V,04/07/2026 05:30:41 PM
23351A,N,O,04/07/2026 03:48:13 PM
23351B,N,O,04/07/2026 04:05:57 PM
23352A,N,O,04/07/2026 03:01:44 PM
23352B,N,O,04/07/2026 12:27:40 PM
23353A,N,O,04/07/2026 05:36:13 PM
23355B,N,O,04/07/2026 05:30:39 PM
23356A,N,V,04/07/2026 05:14:40 PM
23356B,N,V,04/07/2026 04:53:24 PM
23357A,N,O,04/07/2026 05:30:52 PM
23357B,N,V,04/07/2026 05:30:48 PM
23358A,N,O,04/07/2026 04:14:45 PM
23358B,N,V,04/07/2026 05:05:06 PM
23359A,N,V,04/07/2026 05:02:03 PM
23359B,N,O,04/07/2026 04:10:34 PM
23360A,N,V,04/07/2026 05:31:36 PM
23360B,N,V,04/07/2026 05:28:06 PM
23361A,N,O,04/07/2026 04:48:24 PM
23361B,N,O,04/07/2026 04:39:23 PM
23362A,N,O,04/07/2026 08:57:44 AM
23362B,N,O,04/07/2026 05:28:37 PM
23363A,N,V,04/07/2026 05:18:19 PM
23363B,N,V,04/07/2026 05:18:42 PM
23364A,N,V,04/07/2026 05:18:39 PM
23364B,N,O,04/07/2026 04:14:17 PM
23365A,N,O,04/07/2026 04:24:56 PM
23365B,N,V,04/07/2026 04:48:55 PM
23366A,N,V,04/07/2026 03:45:41 PM
23366B,N,V,09/26/2025 08:21:23 AM
23367A,N,V,04/07/2026 05:36:04 PM
23367B,N,O,04/07/2026 04:37:48 PM
23368A,N,O,04/07/2026 04:37:34 PM
23368B,N,V,04/07/2026 02:49:41 PM
23369A,N,O,04/07/2026 02:49:58 PM
23369B,N,O,04/07/2026 02:03:39 PM
23370A,N,O,04/07/2026 02:56:20 PM
23370B,N,O,04/07/2026 04:20:32 PM
23371A,N,V,04/07/2026 05:35:10 PM
23371B,N,V,04/07/2026 05:34:55 PM
23372A,N,V,04/07/2026 03:49:08 PM
23372B,N,O,04/07/2026 04:17:26 PM
23373A,N,O,04/07/2026 04:28:27 PM
23373B,N,O,04/07/2026 04:16:22 PM
23374A,N,O,04/07/2026 04:16:10 PM
23374B,N,O,04/07/2026 04:15:51 PM
23375A,N,V,04/07/2026 04:09:04 PM
23375B,N,O,04/07/2026 02:19:14 PM
23376A,N,O,04/07/2026 04:51:03 PM
23376B,N,O,04/07/2026 02:34:15 PM
23377A,N,O,04/07/2026 05:03:57 PM
23377B,N,O,04/07/2026 04:41:14 PM
23378A,N,O,04/07/2026 04:11:22 PM
23378B,N,O,04/07/2026 10:55:26 AM
23379A,N,O,04/07/2026 05:30:55 PM
23379B,N,O,04/07/2026 01:25:47 PM
23380A,N,O,04/07/2026 04:37:30 PM
23380B,N,O,04/07/2026 05:35:36 PM
23381A,N,O,04/07/2026 02:42:17 PM
23381B,N,O,04/07/2026 01:03:40 PM
23386B,N,O,04/07/2026 04:01:32 PM
23387A,N,O,04/07/2026 05:16:53 PM
23387B,N,O,04/07/2026 05:32:03 PM
23388A,N,O,04/07/2026 03:58:28 PM
23388B,N,O,04/07/2026 04:46:56 PM
23389A,N,O,04/07/2026 04:59:02 PM
23389B,N,O,04/07/2026 05:22:50 PM
23390A,N,V,04/07/2026 05:01:37 PM
23390B,N,O,04/07/2026 04:00:32 PM
23391A,N,O,04/07/2026 08:59:00 AM
23391B,N,O,04/07/2026 08:58:51 AM
23392A,N,O,04/07/2026 05:22:22 PM
23392B,N,O,04/07/2026 02:44:02 PM
23393A,N,O,04/07/2026 05:34:30 PM
23393B,N,O,04/07/2026 04:58:05 PM
23394A,N,O,04/07/2026 05:03:14 PM
23394B,N,O,04/07/2026 03:52:57 PM
23395A,N,O,04/07/2026 02:12:09 PM
23395B,N,O,04/07/2026 04:26:56 PM
23396A,N,O,04/07/2026 04:06:55 PM
23396B,N,O,04/07/2026 04:30:34 PM
23397A,N,O,04/07/2026 03:26:12 PM
23397B,N,O,04/07/2026 05:16:08 PM
23398A,N,O,04/07/2026 05:25:50 PM
23398B,N,O,04/07/2026 02:08:54 PM
23399A,N,O,04/07/2026 05:26:42 PM
23399B,N,O,04/07/2026 03:20:49 PM
23400A,N,O,04/07/2026 05:15:36 PM
23401A,N,O,04/07/2026 08:58:49 AM
23401B,N,V,04/07/2026 05:35:09 PM
23402A,N,O,04/07/2026 11:06:40 AM
23402B,N,O,04/07/2026 04:48:59 PM
23403A,N,O,04/07/2026 08:56:46 AM
23403B,N,O,04/07/2026 02:44:12 PM
23404A,N,O,04/07/2026 10:44:37 AM
23404B,N,O,04/07/2026 04:15:05 PM
23405A,N,O,04/07/2026 03:41:37 PM
23405B,N,O,04/07/2026 05:35:48 PM
23406A,N,O,04/07/2026 01:50:45 PM
23406B,N,O,04/07/2026 05:22:12 PM
23407A,N,O,04/07/2026 09:06:58 AM
23407B,N,O,04/07/2026 08:57:46 AM
23408A,N,O,04/07/2026 08:56:57 AM
23408B,N,O,04/07/2026 05:18:17 PM
23409A,N,O,04/07/2026 01:27:17 PM
23409B,N,O,04/07/2026 03:36:45 PM
2340A,N,O,04/07/2026 06:59:54 AM
2340B,N,O,04/07/2026 07:00:02 AM
23410A,N,O,04/07/2026 05:07:19 PM
23410B,N,O,04/07/2026 04:36:54 PM
23411A,N,O,04/07/2026 08:58:49 AM
23411B,N,O,04/07/2026 02:42:57 PM
23412A,N,V,04/07/2026 05:34:02 PM
23412B,N,O,04/07/2026 03:08:08 PM
23413B,N,O,04/07/2026 01:57:00 PM
23414A,N,O,04/07/2026 03:46:49 PM
23415A,N,O,04/07/2026 04:16:38 PM
23415B,N,O,04/07/2026 03:46:45 PM
23416A,N,O,04/07/2026 02:40:52 PM
23416B,N,O,04/07/2026 01:52:25 PM
23417B,N,O,04/07/2026 09:57:46 AM
23419B,N,O,04/07/2026 05:33:36 PM
2341B,N,O,04/07/2026 06:58:48 AM
23420A,N,O,04/07/2026 04:11:20 PM
23420B,N,O,04/07/2026 01:18:23 PM
23421A,N,O,04/07/2026 05:25:56 PM
23421B,N,O,04/07/2026 04:20:03 PM
23422A,N,O,04/07/2026 08:57:50 AM
23422B,N,O,04/07/2026 09:41:38 AM
23423A,N,O,04/07/2026 08:56:44 AM
23423B,N,O,04/07/2026 08:56:44 AM
2343A,N,O,04/07/2026 10:19:10 AM
2343B,N,O,04/07/2026 04:38:45 PM
23444A,N,O,04/07/2026 05:34:08 PM
23444B,N,O,04/07/2026 05:32:50 PM
23445A,N,O,04/07/2026 03:19:51 PM
23445B,N,O,04/07/2026 04:52:20 PM
23446A,N,O,04/07/2026 05:03:10 PM
23446B,N,O,04/07/2026 05:24:45 PM
23447A,N,O,04/07/2026 04:05:42 PM
23447B,N,O,04/07/2026 05:35:02 PM
23448A,N,O,04/07/2026 05:09:45 PM
23448B,N,O,04/07/2026 04:51:06 PM
23449A,N,O,04/07/2026 05:28:38 PM
23449B,N,O,04/07/2026 05:01:02 PM
2344A,N,O,04/07/2026 06:55:55 AM
23450A,N,O,04/07/2026 05:18:58 PM
23450B,N,O,04/07/2026 05:13:29 PM
23451A,N,O,04/07/2026 04:22:42 PM
23451B,N,O,04/07/2026 05:03:24 PM
23452A,N,O,04/07/2026 02:01:51 PM
23452B,N,O,04/07/2026 03:53:11 PM
23453A,N,O,04/07/2026 05:25:17 PM
23453B,N,O,04/07/2026 05:29:11 PM
23454A,N,O,04/07/2026 05:12:26 PM
23454B,N,O,04/07/2026 05:22:06 PM
23455A,N,O,04/07/2026 01:39:52 PM
23455B,N,O,04/07/2026 04:00:24 PM
2345A,N,O,04/07/2026 05:17:06 PM
2345B,N,V,04/07/2026 05:30:37 PM
23464B,N,O,04/07/2026 02:26:42 PM
23465A,N,O,04/06/2026 09:59:46 AM
23465B,N,O,04/07/2026 09:59:52 AM
23466A,N,O,04/07/2026 09:58:50 AM
23466B,N,O,04/07/2026 10:31:45 AM
23467A,N,O,04/07/2026 12:48:42 PM
23467B,N,O,04/07/2026 02:24:35 PM
23468A,N,O,04/07/2026 03:03:50 PM
23468B,N,O,04/07/2026 10:02:02 AM
23469A,N,O,04/07/2026 09:55:50 AM
23469B,N,O,04/07/2026 02:12:22 PM
23470B,N,O,04/07/2026 04:56:50 PM
23471A,N,O,04/07/2026 05:15:29 PM
23471B,N,O,04/07/2026 01:26:31 PM
23472A,N,O,04/07/2026 12:04:34 PM
23472B,N,O,04/07/2026 05:36:22 PM
23473A,N,O,04/07/2026 05:21:39 PM
23473B,N,O,04/07/2026 05:31:06 PM
23474A,N,O,04/07/2026 05:31:19 PM
23474B,N,O,04/07/2026 08:55:48 AM
23475A,N,O,04/07/2026 05:29:05 PM
23475B,N,O,04/07/2026 05:27:05 PM
23476A,N,O,04/07/2026 09:39:26 AM
23476B,N,O,04/07/2026 04:40:18 PM
23477A,N,O,04/07/2026 05:24:03 PM
23477B,N,O,04/07/2026 04:54:28 PM
23478A,N,O,04/07/2026 09:57:13 AM
23478B,N,O,04/07/2026 11:58:41 AM
23479B,N,O,04/07/2026 05:36:02 PM
23480A,N,O,04/07/2026 03:53:10 PM
23480B,N,O,04/07/2026 05:15:46 PM
23481A,N,V,04/07/2026 05:35:05 PM
23481B,N,O,04/07/2026 04:39:41 PM
23482A,N,O,04/07/2026 05:19:48 PM
23482B,N,O,04/07/2026 02:38:26 PM
23483A,N,O,04/07/2026 10:08:27 AM
23483B,N,O,04/07/2026 04:32:03 PM
23484A,N,O,04/07/2026 04:21:26 PM
23484B,N,O,04/07/2026 05:29:25 PM
23485A,N,O,04/07/2026 05:27:02 PM
23485B,N,V,04/07/2026 05:36:29 PM
23486A,N,O,04/07/2026 04:33:26 PM
23486B,N,O,04/07/2026 03:33:35 PM
23487A,N,O,04/07/2026 09:54:13 AM
23487B,N,O,04/07/2026 05:31:12 PM
23488A,N,O,04/07/2026 05:16:22 PM
23488B,N,O,04/07/2026 04:36:03 PM
23489A,N,O,04/07/2026 04:09:26 PM
23489B,N,O,04/07/2026 04:03:27 PM
2348A,N,O,04/07/2026 06:56:48 AM
23490A,N,O,04/07/2026 04:37:10 PM
23491A,N,O,04/07/2026 05:35:54 PM
23491B,N,O,04/07/2026 05:35:54 PM
23492A,N,O,04/07/2026 03:05:49 PM
23492B,N,O,04/07/2026 09:57:44 AM
23493A,N,O,04/07/2026 12:05:54 PM
23493B,N,O,04/07/2026 09:56:55 AM
23494A,N,O,04/07/2026 02:11:53 PM
23494B,N,O,04/07/2026 10:34:58 AM
23495A,N,O,04/07/2026 01:27:27 PM
23495B,N,O,04/07/2026 10:13:20 AM
23496A,N,O,04/07/2026 05:28:48 PM
23496B,N,O,04/07/2026 04:40:33 PM
23497B,N,O,04/07/2026 08:57:52 AM
23498B,N,O,04/07/2026 09:56:46 AM
23499B,N,O,04/07/2026 04:53:24 PM
2349A,N,O,04/07/2026 06:56:14 AM
2349B,N,O,04/07/2026 06:55:50 AM
23500A,N,O,04/07/2026 02:13:45 PM
23500B,N,O,04/07/2026 05:36:29 PM
23501A,N,O,04/07/2026 05:34:02 PM
23501B,N,O,04/07/2026 02:46:40 PM
23509A,N,O,04/07/2026 08:55:51 AM
23509B,N,O,04/07/2026 02:52:02 PM
23510A,N,O,04/07/2026 09:28:27 AM
23510B,N,O,04/07/2026 01:08:25 PM
23511A,N,O,04/07/2026 05:36:26 PM
23511B,N,V,04/07/2026 05:15:22 PM
23512A,N,O,04/07/2026 04:46:17 PM
23512B,N,O,04/07/2026 08:58:06 AM
23514A,N,O,04/07/2026 04:28:20 PM
23514B,N,O,04/07/2026 03:56:09 PM
23515A,N,O,04/07/2026 04:48:49 PM
23515B,N,O,04/07/2026 03:39:13 PM
23516A,N,O,04/07/2026 05:32:28 PM
23517A,N,O,04/07/2026 04:58:01 PM
23517B,N,O,04/07/2026 05:17:24 PM
23518A,N,O,04/07/2026 05:24:21 PM
23518B,N,O,04/07/2026 05:36:32 PM
23519A,N,O,04/07/2026 10:52:23 AM
23519B,N,O,04/07/2026 09:55:43 AM
23520A,N,V,04/07/2026 03:55:26 PM
23520B,N,O,04/07/2026 09:59:51 AM
23521A,N,O,04/07/2026 03:06:26 PM
23522A,N,O,04/07/2026 05:36:27 PM
23522B,N,V,04/07/2026 05:16:01 PM
23523A,N,O,04/07/2026 05:36:35 PM
23523B,N,O,10/05/2025 09:03:09 AM
23524A,N,O,04/07/2026 05:06:49 PM
23524B,N,O,04/07/2026 04:28:15 PM
23525A,N,O,04/07/2026 04:12:27 PM
23525B,N,O,04/07/2026 05:36:05 PM
23526A,N,V,04/07/2026 10:08:24 AM
23526B,N,V,04/06/2026 09:40:43 AM
23527A,N,O,04/07/2026 10:17:58 AM
23527B,N,V,04/07/2026 02:37:56 PM
23528B,N,V,04/07/2026 05:09:02 PM
23530A,N,V,04/07/2026 05:10:14 PM
23530B,N,V,04/07/2026 05:10:09 PM
23531B,N,V,04/05/2026 04:01:22 PM
23532A,N,O,04/07/2026 05:21:36 PM
23532B,N,O,04/07/2026 02:49:30 PM
23533A,N,O,04/07/2026 05:05:18 PM
23533B,N,V,04/07/2026 04:11:02 PM
23534A,N,V,04/07/2026 04:48:31 PM
23534B,N,O,04/07/2026 12:32:07 PM
23535A,N,V,04/07/2026 05:23:29 PM
23535B,N,O,04/07/2026 11:25:29 AM
23536A,N,V,04/07/2026 05:33:48 PM
23536B,N,O,04/07/2026 09:02:36 AM
23537A,N,V,04/07/2026 04:41:51 PM
23537B,N,V,04/07/2026 05:36:20 PM
23538A,N,V,04/07/2026 09:44:43 AM
23538B,N,V,04/07/2026 05:30:33 PM
23539A,N,V,04/07/2026 10:35:04 AM
23539B,N,V,04/05/2026 09:28:30 PM
23542A,N,O,04/07/2026 08:57:53 AM
23542B,N,O,04/07/2026 05:29:14 PM
23543A,N,O,04/07/2026 01:45:40 PM
23543B,N,O,04/07/2026 03:34:13 PM
23544A,N,O,04/07/2026 05:18:24 PM
23544B,N,O,04/07/2026 02:26:53 PM
23552A,N,O,04/07/2026 04:35:50 PM
23552B,N,V,04/07/2026 05:10:59 PM
23553A,N,O,04/07/2026 03:18:19 PM
23553B,N,O,04/07/2026 03:28:27 PM
23554A,N,O,04/07/2026 04:58:32 PM
23554B,N,O,04/07/2026 03:31:50 PM
23555A,N,O,04/07/2026 03:15:16 PM
23555B,N,V,04/07/2026 05:36:26 PM
23556A,N,O,04/07/2026 03:26:10 PM
23556B,N,O,04/07/2026 03:23:29 PM
23557B,N,O,10/12/2025 02:43:57 PM
23558A,N,O,04/05/2026 02:09:58 PM
23558B,N,O,04/07/2026 03:51:51 PM
23559B,N,O,04/07/2026 04:07:58 PM
2355A,N,O,04/07/2026 06:59:49 AM
2355B,N,O,04/07/2026 06:59:49 AM
23560A,N,O,04/07/2026 01:52:11 PM
23561A,N,O,04/07/2026 02:20:36 PM
23561B,N,O,04/07/2026 12:57:32 PM
23562A,N,O,04/07/2026 04:36:49 PM
23562B,N,O,04/07/2026 01:42:33 PM
23563B,N,O,04/07/2026 11:21:18 AM
23564A,N,O,04/07/2026 04:56:59 PM
23567A,N,O,04/07/2026 04:27:43 PM
23567B,N,O,04/07/2026 04:38:13 PM
23568A,N,O,04/07/2026 09:33:34 AM
23577A,N,O,04/07/2026 04:31:10 PM
23577B,N,O,04/07/2026 05:31:17 PM
23578A,N,O,04/06/2026 02:56:04 PM
23578B,N,O,04/07/2026 01:20:13 PM
23579A,N,O,04/07/2026 05:21:28 PM
23579B,N,V,04/07/2026 04:15:29 PM
23580A,N,V,04/07/2026 04:50:41 PM
23580B,N,V,04/07/2026 04:50:41 PM
23581A,N,V,04/07/2026 05:03:40 PM
23581B,N,V,04/07/2026 03:34:51 PM
23582A,N,V,04/07/2026 04:52:16 PM
23582B,N,V,04/07/2026 05:27:24 PM
23583A,N,O,04/07/2026 05:35:37 PM
23583B,N,O,04/07/2026 09:36:47 AM
23584A,N,V,04/07/2026 05:36:19 PM
23584B,N,V,04/07/2026 04:45:09 PM
23585A,N,O,04/07/2026 04:25:32 PM
23585B,N,V,04/07/2026 05:36:22 PM
23586A,N,O,04/07/2026 08:58:52 AM
23586B,N,V,04/07/2026 05:35:20 PM
23587A,N,O,01/07/2026 06:57:43 AM
23587B,N,O,01/07/2026 12:02:32 PM
23588A,N,O,04/07/2026 04:41:30 PM
23588B,N,O,04/07/2026 04:07:34 PM
23589A,N,O,04/07/2026 03:52:59 PM
23589B,N,O,04/07/2026 09:50:59 AM
23590A,N,O,04/07/2026 05:27:40 PM
23590B,N,O,04/07/2026 02:21:32 PM
23591A,N,O,04/07/2026 04:58:38 PM
23591B,N,O,04/07/2026 03:31:56 PM
23592A,N,V,04/07/2026 05:18:08 PM
23592B,N,V,04/07/2026 05:17:30 PM
23593A,N,V,04/07/2026 05:14:27 PM
23593B,N,V,04/07/2026 05:24:05 PM
23594A,N,V,04/07/2026 05:35:15 PM
23594B,N,V,04/07/2026 05:29:10 PM
23595A,N,V,04/07/2026 05:35:06 PM
23595B,N,O,04/07/2026 05:33:27 PM
23596B,N,O,04/07/2026 01:54:52 PM
23597A,N,O,04/07/2026 04:30:49 PM
23597B,N,O,04/07/2026 08:58:02 AM
23598A,N,O,04/07/2026 11:33:08 AM
23598B,N,O,04/07/2026 03:49:24 PM
23599A,N,O,04/07/2026 04:19:28 PM
23599B,N,O,04/06/2026 02:15:23 PM
23600B,N,O,04/07/2026 03:08:51 PM
23601A,N,O,04/07/2026 08:58:41 AM
23601B,N,O,04/07/2026 05:17:44 PM
23602A,N,O,04/07/2026 05:33:15 PM
23602B,N,O,04/07/2026 05:34:03 PM
23603A,N,O,04/07/2026 03:28:18 PM
23603B,N,O,04/07/2026 01:01:12 PM
23604A,N,O,04/07/2026 05:04:58 PM
23604B,N,O,04/07/2026 05:07:29 PM
23605A,N,O,04/07/2026 05:27:21 PM
23605B,N,O,04/07/2026 05:19:09 PM
23606A,N,O,04/07/2026 05:26:54 PM
23606B,N,O,04/07/2026 05:06:28 PM
23607A,N,O,04/07/2026 04:24:03 PM
23607B,N,O,04/07/2026 08:57:41 AM
23608A,N,O,04/07/2026 09:03:11 AM
23608B,N,O,04/07/2026 04:42:10 PM
23609A,N,O,04/07/2026 05:14:54 PM
23609B,N,O,04/07/2026 03:52:16 PM
2360A,N,O,04/07/2026 05:02:39 PM
2360B,N,V,04/07/2026 05:11:08 PM
23610A,N,O,04/07/2026 01:40:45 PM
23611B,N,O,04/07/2026 04:39:21 PM
23612A,N,O,04/07/2026 03:54:10 PM
23613B,N,O,04/07/2026 05:27:42 PM
23614A,N,O,04/07/2026 04:48:25 PM
23614B,N,O,04/07/2026 05:35:16 PM
23615A,N,O,04/07/2026 11:42:36 AM
23615B,N,O,04/07/2026 04:43:25 PM
23616A,N,O,04/07/2026 10:48:55 AM
23616B,N,O,04/07/2026 05:18:30 PM
23617A,N,O,04/07/2026 08:57:41 AM
23617B,N,O,04/07/2026 03:30:53 PM
23618A,N,O,04/07/2026 05:31:03 PM
23618B,N,O,04/07/2026 05:33:45 PM
23619A,N,O,04/07/2026 10:00:07 AM
23619B,N,O,04/07/2026 05:23:04 PM
2361A,N,O,04/07/2026 06:58:55 AM
2361B,N,O,04/07/2026 03:54:42 PM
23620A,N,V,04/07/2026 05:31:27 PM
23620B,N,O,04/07/2026 04:59:00 PM
23622A,N,O,04/07/2026 04:00:16 PM
23622B,N,O,04/07/2026 09:57:44 AM
23623A,N,O,04/07/2026 09:56:42 AM
23623B,N,O,04/07/2026 09:56:42 AM
23624A,N,O,04/07/2026 09:55:49 AM
23624B,N,O,04/07/2026 11:24:10 AM
23625A,N,O,04/07/2026 05:29:51 PM
23625B,NU,O,04/07/2026 10:00:14 AM
23626A,N,O,04/07/2026 12:21:36 PM
23627A,N,O,04/07/2026 04:45:42 PM
23627B,N,O,04/07/2026 04:31:20 PM
23628A,N,O,04/07/2026 04:01:43 PM
23628B,N,O,04/07/2026 12:04:47 PM
23629A,N,O,04/07/2026 05:29:51 PM
23629B,N,O,04/07/2026 05:01:20 PM
2362A,N,O,04/07/2026 06:57:44 AM
2362B,N,O,04/07/2026 06:57:44 AM
23630A,N,O,04/07/2026 11:57:42 AM
23630B,N,O,04/07/2026 10:08:26 AM
23631A,N,O,04/07/2026 05:27:38 PM
23631B,N,O,04/07/2026 10:19:53 AM
23632A,N,O,04/07/2026 10:08:18 AM
23632B,N,O,04/07/2026 05:24:14 PM
23633A,N,O,04/07/2026 11:05:02 AM
23633B,N,O,04/07/2026 04:46:12 PM
23634A,N,O,04/07/2026 08:55:59 AM
23634B,N,O,04/07/2026 04:55:44 PM
23635A,N,O,04/07/2026 05:36:25 PM
23635B,N,O,04/07/2026 05:29:03 PM
23636A,N,O,04/07/2026 04:47:41 PM
23636B,N,O,04/07/2026 05:04:07 PM
23637A,N,O,04/07/2026 05:21:26 PM
23637B,N,O,04/07/2026 05:14:36 PM
23638A,N,O,04/07/2026 05:26:45 PM
23638B,N,O,04/07/2026 03:46:28 PM
23639A,N,O,04/07/2026 05:29:56 PM
23639B,N,O,04/07/2026 03:34:49 PM
2363A,N,O,04/07/2026 06:57:21 AM
23640A,N,O,04/07/2026 04:54:08 PM
23640B,N,O,04/07/2026 04:39:29 PM
23641B,N,O,04/07/2026 03:52:42 PM
23642B,N,O,04/07/2026 02:59:32 PM
23643A,N,O,04/07/2026 05:26:06 PM
23643B,N,O,04/07/2026 08:56:46 AM
23644A,N,O,04/07/2026 04:56:06 PM
23644B,N,O,04/07/2026 04:50:28 PM
23645A,N,O,04/07/2026 01:50:02 PM
23645B,N,V,04/07/2026 05:36:06 PM
23646A,N,O,04/07/2026 02:38:02 PM
23646B,N,O,04/07/2026 04:52:28 PM
23647A,N,O,04/07/2026 03:50:36 PM
23648B,N,O,04/07/2026 04:24:21 PM
23649A,N,O,04/07/2026 02:37:32 PM
23649B,N,O,04/07/2026 04:36:29 PM
2364A,N,O,04/07/2026 06:55:43 AM
2364B,N,O,04/07/2026 06:55:50 AM
23650A,N,O,04/07/2026 02:51:27 PM
23650B,N,O,04/07/2026 05:23:08 PM
23651A,N,O,04/07/2026 10:15:46 AM
23651B,N,O,04/07/2026 01:56:29 PM
23652A,N,O,04/07/2026 05:22:30 PM
23652B,N,O,04/07/2026 05:31:31 PM
23653A,N,O,04/07/2026 08:56:50 AM
23654A,N,O,04/07/2026 12:34:49 PM
23654B,N,O,04/07/2026 09:55:51 AM
23655A,N,O,04/07/2026 04:51:34 PM
23655B,N,O,04/07/2026 09:59:44 AM
23656A,N,O,04/07/2026 09:58:49 AM
23656B,N,O,04/06/2026 09:58:42 AM
23657A,N,O,04/07/2026 04:37:07 PM
23657B,N,O,04/07/2026 09:57:49 AM
23658B,N,O,04/07/2026 10:36:22 AM
23659B,N,O,04/07/2026 05:19:10 PM
2365B,N,O,04/07/2026 04:55:02 PM
23660A,N,O,04/07/2026 04:51:54 PM
23660B,N,O,04/07/2026 12:59:38 PM
23661A,N,O,04/07/2026 05:21:36 PM
23661B,N,O,04/07/2026 05:16:19 PM
23662A,N,O,04/07/2026 05:24:41 PM
23662B,N,O,04/07/2026 03:19:10 PM
2366A,N,O,04/07/2026 01:48:34 PM
2367A,N,O,04/07/2026 05:20:32 PM
2367B,N,O,04/07/2026 04:20:48 PM
23680A,N,V,04/07/2026 05:26:52 PM
23680B,N,O,04/07/2026 05:36:36 PM
23681A,N,V,04/07/2026 05:17:51 PM
23681B,N,V,04/07/2026 05:18:42 PM
23682A,N,O,04/07/2026 04:45:35 PM
23682B,N,O,04/07/2026 05:36:33 PM
23683A,N,O,04/07/2026 05:35:51 PM
23683B,N,V,04/07/2026 05:22:55 PM
23684A,N,O,04/07/2026 05:36:16 PM
23684B,N,V,04/07/2026 04:52:06 PM
23685A,N,O,04/07/2026 04:48:30 PM
23685B,N,V,04/07/2026 04:51:32 PM
23686A,N,V,04/07/2026 05:36:38 PM
23686B,N,V,04/07/2026 05:36:38 PM
23687A,N,O,04/07/2026 05:31:09 PM
23687B,N,O,04/07/2026 05:34:47 PM
23688A,N,V,04/07/2026 04:29:21 PM
23688B,N,V,04/07/2026 04:43:50 PM
23689A,N,V,04/07/2026 04:39:33 PM
23689B,N,V,04/07/2026 04:10:32 PM
2368A,N,O,04/07/2026 05:03:12 PM
2368B,N,O,04/07/2026 05:09:18 PM
23690A,N,V,04/07/2026 04:20:27 PM
23690B,N,V,04/07/2026 04:38:37 PM
23691A,N,V,04/07/2026 04:59:36 PM
23691B,N,V,04/07/2026 05:06:02 PM
23692A,N,O,04/07/2026 05:04:40 PM
23692B,N,V,04/07/2026 05:36:04 PM
23693A,N,O,04/07/2026 05:36:15 PM
23693B,N,V,04/07/2026 04:49:15 PM
23694A,N,V,04/07/2026 05:16:43 PM
23694B,N,O,04/07/2026 05:11:57 PM
23695A,N,V,04/07/2026 04:12:38 PM
23695B,N,V,04/07/2026 04:22:52 PM
23696A,N,V,04/07/2026 03:55:11 PM
23696B,N,V,04/07/2026 04:10:14 PM
23697A,N,O,04/07/2026 01:12:46 PM
23697B,N,V,04/06/2026 07:55:18 PM
23698A,N,V,04/07/2026 04:41:49 PM
23698B,N,V,04/07/2026 04:42:02 PM
23699A,N,V,04/07/2026 04:55:19 PM
23699B,N,V,04/07/2026 04:55:32 PM
2369A,N,O,04/07/2026 05:26:35 PM
2369B,N,O,04/07/2026 02:55:44 PM
23700A,N,V,04/07/2026 03:45:36 PM
23700B,N,V,04/07/2026 04:15:55 PM
23701A,N,V,04/06/2026 08:00:47 PM
23701B,N,V,04/07/2026 04:07:54 PM
23702A,N,V,04/07/2026 05:20:22 PM
23702B,N,V,04/07/2026 05:10:17 PM
23703A,N,V,04/06/2026 09:21:03 PM
23703B,N,V,04/06/2026 09:19:03 PM
23704A,N,V,04/07/2026 01:29:56 PM
23704B,N,V,04/07/2026 05:36:37 PM
23705A,N,V,04/07/2026 05:12:50 PM
23705B,N,V,04/07/2026 05:19:09 PM
23706A,N,V,04/07/2026 01:45:42 PM
23706B,N,O,04/07/2026 05:36:39 PM
23707A,N,V,04/07/2026 05:35:59 PM
23707B,N,V,04/07/2026 03:58:31 PM
2370B,N,O,04/07/2026 09:59:49 AM
23710A,N,V,04/07/2026 09:17:45 AM
23710B,N,O,04/07/2026 04:39:56 PM
23711A,N,V,04/07/2026 04:57:13 PM
23711B,N,V,04/06/2026 06:26:25 PM
23712A,N,V,04/07/2026 04:41:21 PM
23712B,N,V,04/07/2026 04:58:45 PM
23713A,N,V,04/07/2026 04:21:46 PM
23713B,N,V,04/07/2026 11:29:47 AM
23714A,N,V,04/07/2026 02:35:57 PM
23714B,N,V,04/06/2026 12:54:27 PM
23715A,N,V,04/07/2026 05:36:44 PM
23715B,N,O,04/07/2026 02:55:22 PM
23716A,N,V,04/07/2026 12:02:56 PM
23716B,N,V,04/07/2026 11:49:00 AM
23717A,N,V,04/06/2026 02:51:18 PM
23717B,N,V,04/07/2026 05:20:06 PM
23718A,N,V,04/07/2026 04:36:12 PM
23718B,N,V,04/05/2026 06:46:24 PM
23719A,N,V,04/07/2026 09:03:51 AM
23719B,N,V,04/07/2026 03:21:53 PM
2371A,N,O,04/07/2026 09:58:52 AM
2371B,N,O,04/07/2026 09:58:52 AM
23720A,N,V,04/06/2026 09:40:15 PM
23720B,N,V,04/06/2026 09:40:22 PM
23721B,N,V,04/07/2026 05:35:05 PM
23722A,N,V,04/07/2026 05:33:08 PM
23722B,N,V,04/07/2026 11:09:32 AM
23723A,N,V,04/07/2026 04:54:43 PM
23723B,N,V,04/07/2026 02:40:03 PM
23724A,N,O,04/07/2026 03:09:25 PM
23724B,N,V,04/06/2026 04:33:53 PM
23725A,N,V,04/07/2026 03:28:12 PM
23725B,N,O,04/07/2026 05:35:17 PM
23726A,N,V,04/07/2026 01:11:56 PM
23726B,N,O,04/07/2026 05:35:40 PM
23727A,N,V,04/06/2026 04:11:28 PM
23727B,N,V,04/06/2026 02:34:27 PM
23728A,N,V,08/11/2025 11:57:50 AM
23728B,N,V,04/07/2026 04:43:39 PM
23729A,N,V,04/07/2026 01:16:12 PM
23729B,N,V,04/07/2026 05:29:01 PM
2372A,N,O,04/07/2026 09:57:54 AM
2372B,N,O,04/07/2026 09:57:44 AM
23730A,N,V,04/07/2026 05:28:46 PM
23730B,N,V,04/07/2026 03:34:27 PM
23731A,N,O,04/07/2026 05:33:49 PM
23731B,N,V,04/07/2026 05:32:50 PM
23732A,N,O,04/07/2026 05:24:57 PM
23732B,N,O,04/07/2026 05:36:39 PM
23733A,N,V,04/07/2026 05:32:48 PM
23733B,N,O,04/07/2026 05:35:59 PM
23734A,N,O,04/07/2026 04:23:18 PM
23734B,N,O,04/07/2026 05:16:20 PM
23735A,N,O,04/07/2026 04:49:23 PM
23735B,N,O,04/07/2026 05:05:59 PM
23736A,N,O,04/07/2026 05:04:53 PM
23736B,N,O,04/07/2026 05:10:02 PM
23737A,N,O,04/07/2026 04:16:11 PM
23737B,N,O,04/07/2026 04:56:51 PM
2373A,N,O,04/07/2026 04:10:22 PM
2373B,N,O,04/07/2026 09:56:51 AM
23740B,N,V,04/04/2026 07:21:13 PM
23741A,N,V,04/07/2026 01:26:32 PM
23741B,N,V,04/06/2026 05:32:50 PM
23742A,N,O,04/07/2026 01:04:37 PM
23742B,N,O,04/07/2026 05:36:07 PM
23743A,N,O,04/07/2026 11:00:49 AM
23743B,N,O,04/07/2026 05:36:35 PM
23744A,N,V,04/07/2026 03:52:19 PM
23744B,N,V,04/07/2026 10:53:54 AM
23745A,N,V,04/07/2026 05:34:24 PM
23745B,N,V,04/05/2026 05:33:47 PM
23746A,N,V,04/04/2026 07:02:26 PM
23746B,N,V,04/07/2026 12:34:21 PM
23747A,N,V,04/07/2026 05:22:50 PM
23747B,N,O,04/07/2026 05:34:48 PM
23748A,N,O,04/07/2026 05:34:52 PM
23748B,N,V,04/06/2026 03:55:44 PM
23749A,N,O,04/06/2026 09:46:54 PM
23749B,N,V,04/06/2026 09:51:41 PM
2374A,N,O,04/07/2026 05:34:44 PM
2374B,N,V,04/07/2026 05:16:28 PM
23750A,N,V,04/07/2026 10:57:22 AM
23750B,N,V,04/07/2026 05:28:43 PM
23751A,N,V,04/07/2026 03:07:02 PM
23751B,N,V,04/07/2026 02:34:40 PM
23755A,N,O,04/07/2026 05:18:10 PM
23756A,N,O,04/07/2026 04:50:31 PM
23756B,N,V,04/07/2026 05:30:32 PM
23757A,N,O,04/07/2026 02:56:29 PM
23757B,N,O,04/07/2026 03:52:39 PM
23758B,N,O,04/07/2026 03:52:52 PM
23759A,N,V,04/07/2026 05:36:39 PM
23759B,N,O,04/07/2026 03:11:12 PM
2375A,N,O,04/07/2026 09:01:38 AM
2375B,N,O,04/07/2026 04:36:19 PM
23760A,N,O,04/07/2026 03:23:57 PM
23760B,N,O,04/07/2026 04:53:23 PM
23761A,N,O,04/07/2026 03:03:14 PM
23761B,N,V,04/07/2026 05:24:13 PM
23762A,N,O,04/07/2026 04:27:43 PM
23762B,N,O,04/07/2026 05:33:30 PM
23763A,N,O,04/07/2026 04:14:24 PM
23763B,N,O,04/07/2026 03:57:30 PM
23764A,N,O,04/07/2026 05:04:52 PM
23764B,N,O,04/07/2026 05:04:52 PM
23767A,N,O,04/07/2026 03:46:21 PM
23767B,N,O,04/07/2026 03:46:13 PM
23768A,N,O,04/07/2026 05:22:04 PM
23768B,N,V,04/07/2026 05:07:32 PM
23769A,N,V,04/02/2026 05:36:02 PM
23769B,N,V,04/01/2026 11:29:44 AM
2376A,N,O,04/07/2026 05:33:57 PM
2376B,N,O,04/07/2026 05:18:53 PM
23770A,N,V,11/24/2025 02:27:42 PM
23770B,N,O,11/24/2025 04:15:05 PM
23771A,N,V,04/04/2026 01:10:53 PM
23771B,N,V,04/02/2026 05:57:47 PM
23772A,N,V,03/31/2026 07:43:48 PM
23772B,N,V,04/05/2026 05:33:29 PM
23773A,N,V,04/06/2026 06:36:40 PM
23773B,N,V,04/06/2026 11:25:12 AM
23774A,N,O,04/07/2026 05:27:26 PM
23774B,N,O,04/07/2026 04:56:34 PM
23775A,N,V,04/05/2026 05:29:13 PM
23775B,N,O,04/04/2026 02:58:09 PM
23776B,N,V,04/07/2026 02:11:40 PM
23777A,N,V,04/07/2026 10:52:25 AM
23777B,N,V,04/04/2026 02:57:54 PM
23778A,N,V,04/02/2026 03:59:13 PM
23778B,N,V,04/03/2026 05:42:02 PM
23779A,N,V,04/05/2026 05:32:43 PM
23779B,N,V,04/01/2026 04:26:06 PM
2377A,N,O,04/07/2026 04:57:52 PM
2377B,N,O,04/07/2026 03:54:05 PM
23780A,N,V,04/04/2026 01:36:17 PM
23780B,N,V,04/01/2026 01:14:11 PM
23781A,N,V,03/31/2026 06:00:15 PM
23781B,N,V,04/04/2026 05:08:58 PM
23782A,NU,O,02/18/2026 05:51:49 PM
23782B,NU,V,02/04/2026 07:52:57 AM
23783A,N,V,04/02/2026 05:18:18 PM
23783B,N,V,04/06/2026 12:39:04 PM
23784A,N,V,04/04/2026 12:37:18 PM
23784B,N,V,04/05/2026 01:19:30 PM
23785A,N,V,04/07/2026 09:35:04 AM
23785B,N,V,04/06/2026 06:43:36 PM
23786A,N,V,04/04/2026 01:37:56 PM
23786B,N,O,03/12/2026 02:01:52 PM
23787A,N,V,04/07/2026 01:31:40 PM
23787B,N,V,04/07/2026 05:17:10 PM
23788A,N,O,04/06/2026 07:22:56 PM
23788B,N,V,04/06/2026 07:24:06 PM
23789A,N,V,04/07/2026 01:59:52 PM
2378A,N,O,04/07/2026 12:00:24 PM
2378B,N,O,04/07/2026 01:54:49 PM
23790A,N,V,04/07/2026 02:02:30 PM
23790B,N,V,04/07/2026 05:35:34 PM
23791A,N,V,04/07/2026 03:31:44 PM
23791B,N,V,04/06/2026 11:30:23 AM
23792A,N,V,04/07/2026 05:35:39 PM
23792B,N,V,04/07/2026 09:45:40 AM
23793A,N,V,04/07/2026 04:19:17 PM
23793B,N,V,04/05/2026 05:45:15 PM
23794A,N,V,04/07/2026 02:23:31 PM
23794B,N,V,04/07/2026 05:15:04 PM
23795A,N,O,04/07/2026 08:59:50 AM
23795B,N,O,04/07/2026 08:59:50 AM
23796A,N,V,04/07/2026 05:35:58 PM
23796B,N,O,04/07/2026 08:58:50 AM
23797A,N,O,04/07/2026 08:57:43 AM
23797B,N,V,04/07/2026 05:31:56 PM
23798A,N,V,04/07/2026 05:26:32 PM
23798B,N,V,04/07/2026 05:34:40 PM
23799A,N,V,04/07/2026 05:34:29 PM
23799B,N,O,04/07/2026 08:55:44 AM
2379A,N,O,04/07/2026 04:45:10 PM
2379B,N,O,04/07/2026 05:00:12 PM
23800A,N,O,04/07/2026 05:36:41 PM
23800B,N,V,04/07/2026 09:55:49 AM
23801A,N,V,04/07/2026 09:55:49 AM
23801B,N,V,04/07/2026 05:22:10 PM
23802A,N,V,04/07/2026 05:15:54 PM
23802B,N,O,04/07/2026 08:57:54 AM
23803A,N,O,04/07/2026 08:56:50 AM
2380A,N,O,04/07/2026 04:56:41 PM
2380B,N,O,04/07/2026 04:50:44 PM
2381A,N,O,04/07/2026 09:58:49 AM
2381B,N,O,04/07/2026 04:30:24 PM
2382A,N,O,04/07/2026 05:23:34 PM
2382B,N,O,04/07/2026 11:51:33 AM
23830B,N,V,04/07/2026 05:20:40 PM
23831A,N,O,04/07/2026 11:14:51 AM
23831B,N,V,04/07/2026 05:36:45 PM
23832A,N,O,04/07/2026 02:42:34 PM
23832B,N,V,04/07/2026 05:02:04 PM
23833A,N,O,04/07/2026 05:10:35 PM
23833B,N,O,04/07/2026 08:56:46 AM
23834A,N,O,04/07/2026 05:36:25 PM
23834B,N,O,04/07/2026 04:11:21 PM
23835A,N,V,04/07/2026 05:36:38 PM
23835B,N,V,04/07/2026 04:09:13 PM
23836A,N,O,04/07/2026 05:27:42 PM
23836B,N,O,04/07/2026 05:01:41 PM
23837A,N,O,04/07/2026 05:12:24 PM
23837B,N,V,04/07/2026 05:09:07 PM
23838A,N,O,04/07/2026 05:13:44 PM
23838B,N,O,04/07/2026 05:27:37 PM
23839A,N,O,04/07/2026 05:15:31 PM
23839B,N,V,04/06/2026 08:54:15 PM
2383A,N,O,04/07/2026 04:12:45 PM
2383B,N,O,04/07/2026 02:20:55 PM
23840A,N,V,04/07/2026 05:31:11 PM
23840B,N,V,04/07/2026 05:06:02 PM
23841A,N,O,07/20/2025 09:50:50 PM
23841B,N,O,07/23/2025 11:01:56 AM
23842A,N,O,04/07/2026 01:23:07 PM
23842B,N,O,04/07/2026 08:57:48 AM
23843A,N,O,04/07/2026 08:56:59 AM
23843B,N,O,04/07/2026 08:56:45 AM
23844A,N,O,04/07/2026 08:56:13 AM
23844B,N,O,04/07/2026 05:25:28 PM
23845A,N,O,04/07/2026 05:24:19 PM
23845B,N,O,04/07/2026 05:36:02 PM
23846A,N,O,04/07/2026 05:25:49 PM
23846B,N,O,04/07/2026 05:20:41 PM
23847A,N,O,04/07/2026 04:17:15 PM
23847B,N,V,04/07/2026 05:28:47 PM
23848A,N,O,04/07/2026 05:36:42 PM
23848B,N,O,04/07/2026 08:56:48 AM
23849A,N,V,04/07/2026 11:45:14 AM
23849B,N,V,04/07/2026 04:46:20 PM
2384A,N,V,04/07/2026 05:32:46 PM
23850A,N,V,04/07/2026 05:09:32 PM
23850B,N,V,04/07/2026 01:34:36 PM
23851A,N,V,04/07/2026 05:09:11 PM
23851B,N,V,04/07/2026 05:36:27 PM
23852A,N,V,04/07/2026 05:31:27 PM
23852B,N,V,04/06/2026 03:20:34 PM
23853A,N,V,04/07/2026 02:42:52 PM
23853B,N,O,04/07/2026 08:56:52 AM
23855A,N,O,04/07/2026 08:59:50 AM
23855B,N,O,04/07/2026 08:59:58 AM
23856A,N,O,04/07/2026 08:58:52 AM
23856B,N,O,04/07/2026 08:58:52 AM
23857A,N,O,04/07/2026 08:57:48 AM
23857B,N,O,04/07/2026 05:27:10 PM
23858A,N,V,04/07/2026 04:17:27 PM
2386A,N,O,04/07/2026 07:21:30 AM
2386B,N,O,04/07/2026 07:21:50 AM
2387A,N,O,04/07/2026 06:57:47 AM
2387B,N,O,04/07/2026 03:56:59 PM
2395A,N,O,04/07/2026 05:36:20 PM
2395B,N,V,04/07/2026 05:28:53 PM
2396A,N,V,04/06/2026 07:34:49 PM
2396B,N,V,04/07/2026 11:42:16 AM
2397A,N,V,04/07/2026 02:28:57 PM
2397B,N,O,04/07/2026 01:18:03 PM
2398A,N,V,04/07/2026 04:50:07 PM
23990A,N,O,04/07/2026 05:29:02 PM
23990B,N,V,04/07/2026 02:36:48 PM
23991A,N,V,04/07/2026 05:35:40 PM
23991B,N,V,04/07/2026 05:34:14 PM
23992A,N,V,04/07/2026 05:36:40 PM
23992B,N,V,04/07/2026 05:12:14 PM
23993A,N,V,04/07/2026 10:34:38 AM
23993B,N,V,04/07/2026 05:16:43 PM
23994B,N,O,04/06/2026 10:04:22 AM
23995A,N,V,04/07/2026 05:34:52 PM
23995B,N,V,04/07/2026 05:34:56 PM
23996A,N,V,04/07/2026 01:19:04 PM
23996B,N,V,04/07/2026 10:40:27 AM
23A,NU,V,01/05/2026 10:15:39 PM
23B,NU,V,01/05/2026 11:57:20 PM
24001A,N,O,04/07/2026 05:35:39 PM
24002A,N,O,04/07/2026 04:39:18 PM
24003A,N,V,04/07/2026 05:10:19 PM
24003B,N,O,04/07/2026 05:25:36 PM
24004A,N,O,04/07/2026 08:55:57 AM
24004B,N,V,04/07/2026 05:35:19 PM
24005A,N,V,04/07/2026 11:53:12 AM
24005B,N,V,04/06/2026 11:16:24 AM
24006A,N,V,04/04/2026 09:48:30 PM
24006B,N,V,04/06/2026 03:54:24 PM
24007A,N,V,04/07/2026 11:27:19 AM
24007B,N,V,04/07/2026 05:33:39 PM
24008A,N,V,04/07/2026 11:50:26 AM
24008B,N,V,04/07/2026 05:19:15 PM
24009A,N,V,04/07/2026 01:47:39 PM
24009B,N,V,04/06/2026 11:38:58 AM
2400B,NU,O,04/07/2026 05:24:34 PM
24010A,N,V,04/05/2026 06:57:11 PM
24010B,N,V,04/07/2026 10:18:02 AM
24013A,N,V,04/06/2026 08:07:38 PM
24013B,N,V,04/04/2026 09:46:47 PM
24014A,N,V,04/06/2026 05:29:04 PM
24014B,N,V,04/07/2026 09:54:58 AM
24015A,N,O,04/06/2026 05:28:03 PM
24015B,N,V,04/06/2026 05:28:32 PM
2401A,N,V,04/07/2026 05:32:08 PM
2401B,N,V,04/07/2026 05:32:08 PM
24020A,N,O,04/07/2026 05:26:41 PM
24021A,N,O,04/07/2026 05:32:09 PM
24021B,N,O,04/07/2026 05:28:34 PM
24022A,N,V,04/06/2026 05:18:20 PM
24022B,N,O,04/07/2026 05:00:55 PM
24023A,N,V,04/07/2026 05:36:10 PM
24023B,N,V,04/07/2026 05:08:53 PM
24024A,N,O,04/07/2026 05:21:46 PM
24024B,N,V,04/07/2026 05:36:14 PM
24025A,N,O,04/06/2026 07:57:03 PM
24025B,N,V,04/07/2026 05:13:38 PM
24026A,N,O,04/07/2026 05:33:58 PM
24026B,N,V,04/07/2026 05:09:19 PM
24030A,N,V,04/03/2026 07:34:46 PM
24030B,N,V,04/04/2026 11:54:58 AM
24031A,N,V,04/05/2026 05:55:26 PM
24031B,N,V,04/07/2026 03:25:55 PM
24032A,N,O,04/06/2026 09:24:47 PM
24033A,N,V,03/31/2026 11:36:16 AM
24033B,N,V,04/05/2026 06:31:35 PM
24034A,N,V,04/07/2026 04:59:32 PM
24034B,N,V,04/07/2026 10:14:18 AM
24035B,N,V,04/07/2026 10:05:00 AM
24040A,N,V,04/06/2026 09:28:54 PM
24040B,N,V,04/07/2026 03:31:40 PM
24041A,N,V,04/07/2026 02:48:10 PM
24041B,N,V,04/07/2026 03:55:26 PM
24042B,N,V,04/03/2026 06:23:48 PM
24043A,N,V,04/07/2026 04:57:02 PM
24043B,N,V,04/07/2026 11:00:49 AM
24044A,N,V,04/07/2026 03:57:43 PM
24044B,N,V,04/07/2026 11:05:42 AM
24045A,N,V,04/07/2026 04:37:00 PM
24045B,N,V,04/07/2026 04:18:16 PM
24046B,N,V,04/07/2026 04:22:11 PM
24047A,NU,O,03/16/2026 01:33:38 PM
24047B,NU,O,03/16/2026 01:34:28 PM
24048A,N,V,04/07/2026 02:31:31 PM
24048B,N,O,04/07/2026 04:44:24 PM
24049A,N,V,04/07/2026 02:19:59 PM
24049B,N,O,04/07/2026 04:47:27 PM
24050A,N,O,04/07/2026 04:46:44 PM
24050B,N,O,04/07/2026 04:26:21 PM
2406A,N,V,04/07/2026 05:13:50 PM
2406B,N,O,04/07/2026 05:18:52 PM
2407A,N,O,04/07/2026 01:50:24 PM
2407B,N,O,04/07/2026 05:14:02 PM
2408B,N,O,04/07/2026 05:34:41 PM
2409A,N,O,04/07/2026 05:19:56 PM
2409B,N,O,04/07/2026 05:18:03 PM
240A,N,O,04/07/2026 05:15:09 PM
240B,N,V,04/06/2026 01:25:13 PM
24100B,N,V,04/07/2026 04:50:02 PM
24101A,N,V,04/07/2026 04:50:02 PM
24101B,N,V,04/07/2026 03:04:40 PM
24102A,N,V,04/07/2026 03:13:37 PM
24102B,N,V,04/07/2026 01:59:53 PM
24103A,N,V,04/07/2026 01:11:57 PM
24103B,N,V,04/07/2026 04:48:14 PM
24104A,N,V,04/07/2026 11:58:21 AM
24104B,N,O,04/07/2026 04:59:19 PM
24105A,N,V,04/07/2026 04:52:09 PM
24105B,N,O,04/07/2026 05:36:18 PM
24106A,N,V,04/07/2026 04:34:18 PM
24106B,N,V,04/07/2026 03:38:24 PM
2410A,N,O,04/07/2026 11:19:03 AM
2410B,N,O,04/07/2026 05:23:16 PM
2411A,N,O,04/07/2026 08:58:49 AM
2411B,N,O,04/07/2026 08:58:53 AM
2412A,N,O,04/07/2026 02:34:37 PM
2412B,N,O,04/07/2026 08:57:54 AM
2413A,N,V,04/07/2026 05:36:37 PM
2413B,N,O,04/07/2026 08:56:47 AM
2414A,N,O,04/07/2026 05:34:39 PM
2414B,N,O,04/07/2026 05:19:27 PM
2415A,N,O,04/07/2026 05:33:44 PM
2415B,N,O,04/07/2026 08:59:50 AM
2416A,N,O,04/07/2026 01:34:59 PM
2416B,N,O,04/07/2026 11:43:35 AM
2417A,N,O,04/07/2026 01:29:53 PM
2417B,N,O,04/07/2026 08:57:47 AM
2418A,N,O,04/07/2026 01:51:31 PM
2418B,N,O,04/07/2026 08:56:45 AM
2419A,N,O,04/07/2026 04:17:34 PM
2419B,N,O,04/07/2026 03:42:02 PM
241A,N,O,04/07/2026 04:37:41 PM
241B,N,O,04/07/2026 05:27:40 PM
2420A,N,O,04/07/2026 11:30:28 AM
2420B,N,V,04/07/2026 05:36:41 PM
2421A,N,O,04/07/2026 08:58:50 AM
2421B,N,O,04/07/2026 04:12:30 PM
2422A,N,O,04/07/2026 12:05:36 PM
2422B,N,O,04/07/2026 03:07:49 PM
2423A,N,O,04/07/2026 03:05:10 PM
2423B,N,O,04/07/2026 08:57:17 AM
2424A,N,O,04/07/2026 02:12:16 PM
2424B,N,O,04/07/2026 02:26:35 PM
2425A,N,O,04/07/2026 03:55:34 PM
2425B,N,O,04/07/2026 01:00:01 PM
2426A,N,O,04/07/2026 08:58:44 AM
2426B,N,O,04/07/2026 02:51:22 PM
242A,N,O,04/07/2026 02:03:45 PM
242B,N,O,04/07/2026 08:57:52 AM
2430A,N,O,04/07/2026 09:22:06 AM
2431A,N,O,04/07/2026 05:29:49 PM
2431B,N,O,04/07/2026 12:41:57 PM
2434B,N,O,04/07/2026 04:25:32 PM
2435A,N,O,04/07/2026 08:59:49 AM
2435B,N,O,04/07/2026 08:59:49 AM
2436A,N,O,04/07/2026 03:36:13 PM
2436B,N,O,04/07/2026 02:32:59 PM
2437A,N,O,04/07/2026 03:09:23 PM
2437B,N,O,04/07/2026 03:09:20 PM
2438A,N,O,04/07/2026 04:04:05 PM
2438B,N,O,04/07/2026 03:29:58 PM
2439A,N,O,04/07/2026 02:52:54 PM
2439B,N,O,04/07/2026 04:58:03 PM
243A,N,O,04/07/2026 08:56:52 AM
243B,N,V,04/07/2026 05:23:14 PM
2440A,N,O,04/07/2026 11:21:54 AM
2440B,N,O,04/07/2026 02:12:52 PM
2441A,N,O,04/07/2026 05:05:00 PM
2441B,N,O,04/07/2026 08:58:48 AM
2447A,N,O,04/07/2026 04:47:09 PM
2447B,N,O,04/07/2026 03:25:56 PM
2448A,N,O,04/07/2026 02:28:22 PM
2448B,N,O,04/07/2026 04:11:02 PM
2449A,N,O,04/07/2026 04:11:32 PM
2449B,N,O,04/07/2026 03:39:14 PM
244A,N,V,04/07/2026 03:42:15 PM
244B,N,O,04/07/2026 05:36:28 PM
24501A,NU,O,10/06/2025 08:01:53 AM
24501B,NU,O,10/06/2025 11:52:25 AM
24502A,NU,O,10/06/2025 11:44:14 AM
24502B,NU,O,10/06/2025 11:44:14 AM
24503A,NU,O,10/06/2025 07:56:40 AM
24504A,NU,V,10/06/2025 11:34:31 AM
24504B,NU,O,10/06/2025 06:55:44 AM
24505A,NU,O,10/06/2025 08:27:15 AM
24505B,NU,O,10/06/2025 09:22:04 AM
24507A,N,V,04/07/2026 05:36:39 PM
24507B,N,V,04/07/2026 04:48:55 PM
24508A,N,V,04/07/2026 05:28:52 PM
24508B,N,V,04/07/2026 05:25:55 PM
24509A,N,O,04/06/2026 06:09:52 PM
24509B,N,O,04/07/2026 02:46:17 PM
2450A,N,O,04/07/2026 04:26:55 PM
2450B,N,O,04/07/2026 05:19:22 PM
24510A,N,V,04/07/2026 02:45:43 PM
24510B,N,O,04/07/2026 05:26:30 PM
24511A,N,O,04/07/2026 05:18:10 PM
24511B,N,O,04/07/2026 08:58:49 AM
24512A,N,O,04/07/2026 05:36:07 PM
24512B,N,O,04/07/2026 05:36:36 PM
24513A,NU,V,02/09/2026 11:33:13 AM
2451A,N,O,04/07/2026 01:32:14 PM
2451B,N,O,04/07/2026 04:20:16 PM
2452A,N,O,04/07/2026 03:16:37 PM
2452B,N,O,04/07/2026 04:46:50 PM
2453A,N,O,04/07/2026 04:07:21 PM
2453B,N,O,04/07/2026 02:59:13 PM
2454A,N,O,04/07/2026 05:15:11 PM
2454B,N,O,04/07/2026 12:42:08 PM
245A,N,V,04/05/2026 09:44:45 PM
245B,N,V,04/07/2026 05:34:42 PM
2467A,N,O,04/07/2026 03:24:58 PM
2467B,N,O,04/07/2026 08:57:48 AM
246A,N,O,04/07/2026 05:33:34 PM
246B,N,O,04/07/2026 04:45:22 PM
2476A,N,O,01/12/2026 03:54:54 PM
2476B,N,O,04/07/2026 04:28:45 PM
2477B,N,O,04/07/2026 06:57:49 AM
2478A,N,O,04/07/2026 08:04:50 AM
2478B,N,O,04/07/2026 08:05:28 AM
2480A,N,O,04/07/2026 02:32:29 PM
2480B,N,V,04/07/2026 05:11:22 PM
2481A,N,O,04/07/2026 04:18:19 PM
2481B,N,O,04/07/2026 05:36:21 PM
2482A,N,O,04/07/2026 04:24:42 PM
2482B,N,O,04/07/2026 04:59:42 PM
2483A,N,O,04/07/2026 05:36:27 PM
2483B,N,O,04/07/2026 10:47:30 AM
2484A,N,O,04/07/2026 03:20:15 PM
2484B,N,V,04/07/2026 05:22:51 PM
2485A,N,O,04/07/2026 08:59:48 AM
2485B,N,O,04/07/2026 09:00:27 AM
2489A,N,O,04/07/2026 06:55:52 AM
2489B,N,O,04/07/2026 06:56:00 AM
2490A,N,O,04/07/2026 09:19:10 AM
2490B,N,O,04/06/2026 06:59:46 AM
2491A,N,O,04/07/2026 06:59:21 AM
2491B,N,O,04/07/2026 06:58:52 AM
2492A,N,V,04/07/2026 01:42:10 PM
2492B,N,O,04/07/2026 06:57:53 AM
2493A,N,O,01/12/2026 12:48:14 PM
2493B,N,V,01/12/2026 12:51:37 PM
2496A,N,O,04/07/2026 04:13:22 PM
2497A,N,O,04/07/2026 04:54:45 PM
2497B,N,O,04/07/2026 04:32:03 PM
24A,NU,V,01/05/2026 11:10:12 PM
24B,NU,V,01/05/2026 10:21:13 PM
2501A,N,O,04/07/2026 02:27:45 PM
2501B,N,O,04/07/2026 10:28:45 AM
2502A,N,O,04/07/2026 12:18:20 PM
2502B,N,V,04/07/2026 05:30:11 PM
25035A,N,O,04/07/2026 03:29:48 PM
25035B,N,O,04/07/2026 05:29:24 PM
25036A,N,O,04/07/2026 05:32:33 PM
25036B,N,O,04/07/2026 04:32:33 PM
25037A,N,O,04/07/2026 03:50:55 PM
25037B,N,O,04/07/2026 04:11:32 PM
2503B,N,V,04/07/2026 05:36:38 PM
25040A,N,O,04/07/2026 02:08:49 PM
25040B,N,O,04/07/2026 09:59:52 AM
25041A,N,O,04/07/2026 05:24:28 PM
25041B,N,O,04/07/2026 09:59:00 AM
25042A,N,O,04/07/2026 05:29:12 PM
25042B,N,O,04/07/2026 09:57:44 AM
25043A,N,O,04/07/2026 05:20:55 PM
25043B,N,O,04/07/2026 11:35:23 AM
25044A,N,O,04/07/2026 09:55:44 AM
25044B,N,O,04/07/2026 03:38:21 PM
25052A,N,O,04/07/2026 03:53:55 PM
25052B,N,O,04/07/2026 04:47:15 PM
25053A,N,O,04/07/2026 04:43:51 PM
25053B,N,O,04/07/2026 09:56:46 AM
25054A,N,O,04/07/2026 05:12:37 PM
25054B,N,O,04/07/2026 04:11:15 PM
25055B,N,O,04/07/2026 05:17:49 PM
2505A,N,O,04/07/2026 12:35:44 PM
2505B,N,O,04/07/2026 08:59:46 AM
25060A,N,O,04/07/2026 03:00:30 PM
25060B,N,O,04/07/2026 10:00:27 AM
25061A,N,O,04/07/2026 02:47:04 PM
25061B,N,O,04/07/2026 09:58:50 AM
25062A,N,O,04/07/2026 09:57:52 AM
25062B,N,O,04/07/2026 09:57:52 AM
25066A,N,O,04/07/2026 05:05:05 PM
25066B,N,O,04/07/2026 11:52:53 AM
25067A,N,O,04/07/2026 03:11:37 PM
25067B,N,O,04/07/2026 04:34:21 PM
25068A,N,O,04/07/2026 05:13:38 PM
25068B,N,O,04/07/2026 04:36:03 PM
25069A,N,O,04/07/2026 01:03:34 PM
25069B,N,O,04/07/2026 05:21:19 PM
2506A,N,V,04/07/2026 05:32:45 PM
2506B,N,O,04/07/2026 12:14:19 PM
25072A,N,O,04/07/2026 05:00:44 PM
25072B,N,O,04/07/2026 05:04:52 PM
25073A,N,O,04/06/2026 05:00:44 PM
25073B,N,O,04/07/2026 05:00:48 PM
25074A,N,O,04/07/2026 05:01:28 PM
25074B,N,O,04/07/2026 05:01:28 PM
25075A,N,O,04/07/2026 05:00:44 PM
25075B,N,O,04/07/2026 05:00:44 PM
25076A,N,V,04/07/2026 05:26:45 PM
25076B,N,O,04/07/2026 05:01:00 PM
25077A,N,O,04/07/2026 05:26:59 PM
25077B,N,O,04/07/2026 05:29:33 PM
25078A,N,O,04/07/2026 05:01:38 PM
25078B,N,O,04/07/2026 05:09:07 PM
25079A,N,O,04/07/2026 05:00:52 PM
25079B,N,O,04/07/2026 05:00:52 PM
2507A,N,O,04/07/2026 10:37:36 AM
2507B,N,V,04/07/2026 05:05:27 PM
25080A,N,V,04/07/2026 05:18:05 PM
25080B,N,V,04/07/2026 05:31:47 PM
25081A,N,O,04/07/2026 03:06:59 PM
25081B,N,O,04/07/2026 09:58:59 AM
25082A,N,O,04/07/2026 02:31:44 PM
25082B,N,O,04/07/2026 01:41:38 PM
25083A,N,O,04/07/2026 11:07:07 AM
25083B,N,O,04/07/2026 05:36:31 PM
25084A,N,O,04/07/2026 04:16:38 PM
25085A,N,O,04/07/2026 10:32:59 AM
25085B,N,O,04/07/2026 08:59:54 AM
25086A,N,O,04/07/2026 08:58:50 AM
25086B,N,O,04/07/2026 04:46:20 PM
25087A,N,O,04/07/2026 04:43:52 PM
25087B,N,O,04/07/2026 05:25:43 PM
25088A,N,O,04/07/2026 12:25:15 PM
25088B,N,O,04/07/2026 04:53:04 PM
25089A,N,O,04/07/2026 03:09:43 PM
25089B,N,O,04/07/2026 02:13:37 PM
2508A,N,O,04/07/2026 08:56:51 AM
2508B,N,V,04/07/2026 05:01:09 PM
25091B,N,V,04/06/2026 07:43:39 PM
25092A,N,O,04/07/2026 05:08:31 PM
25092B,N,O,04/07/2026 05:34:22 PM
25093A,N,O,04/07/2026 05:34:06 PM
25093B,N,O,04/07/2026 05:29:26 PM
25094A,N,O,04/07/2026 05:05:02 PM
25094B,N,O,04/07/2026 05:26:31 PM
25095A,N,V,04/07/2026 05:19:32 PM
25095B,N,V,04/07/2026 05:21:12 PM
25099A,N,O,04/07/2026 05:00:50 PM
25099B,N,O,04/04/2026 06:38:41 PM
2509B,N,O,04/07/2026 05:00:39 PM
250A,N,O,04/07/2026 03:03:52 PM
250B,N,O,04/07/2026 03:00:08 PM
25100A,N,O,04/06/2026 09:12:28 PM
25100B,N,O,04/02/2026 05:39:26 PM
25101A,N,V,04/06/2026 07:56:32 PM
25101B,N,V,04/04/2026 07:38:17 PM
25102A,N,V,04/06/2026 09:58:34 PM
25102B,N,O,04/02/2026 05:37:54 PM
25103A,N,V,04/03/2026 08:56:08 PM
25103B,N,O,04/06/2026 06:40:06 PM
25104A,N,V,04/06/2026 06:14:53 PM
25104B,N,O,04/07/2026 05:00:45 PM
25105A,N,O,04/07/2026 05:12:28 PM
25109B,N,V,04/07/2026 05:18:56 PM
2510A,N,O,04/07/2026 05:28:05 PM
2510B,N,O,04/07/2026 04:30:14 PM
25110A,N,O,04/07/2026 05:01:13 PM
25111B,N,O,04/07/2026 05:00:47 PM
25112A,N,O,04/07/2026 05:02:08 PM
25113A,N,O,04/07/2026 04:58:10 PM
25113B,N,O,04/07/2026 08:56:44 AM
25114A,N,O,04/07/2026 04:48:18 PM
25114B,N,O,04/07/2026 11:02:36 AM
25115A,N,O,04/07/2026 05:29:08 PM
25115B,N,O,04/07/2026 01:32:56 PM
25116A,N,O,04/07/2026 01:32:19 PM
25116B,N,V,04/07/2026 05:36:36 PM
25117A,N,O,04/07/2026 08:59:01 AM
25117B,N,O,04/07/2026 02:52:11 PM
25118A,N,O,04/07/2026 02:35:18 PM
25118B,N,O,04/07/2026 03:00:12 PM
25119A,N,O,04/07/2026 11:02:55 AM
25119B,N,V,09/19/2025 03:52:02 PM
2511A,N,O,04/07/2026 08:58:57 AM
25121A,N,O,04/07/2026 08:58:45 AM
25121B,N,O,04/07/2026 03:29:38 PM
25122A,N,O,04/07/2026 09:12:51 AM
25122B,N,O,04/07/2026 08:57:54 AM
25123A,N,O,04/07/2026 08:56:46 AM
25123B,N,O,04/07/2026 08:56:46 AM
25124A,N,O,04/07/2026 08:55:47 AM
25124B,N,O,04/07/2026 08:55:47 AM
25125A,N,O,04/07/2026 08:59:44 AM
25125B,N,O,04/07/2026 09:00:02 AM
25126B,N,O,04/07/2026 08:58:48 AM
25127A,N,O,04/07/2026 08:57:57 AM
25127B,N,O,04/07/2026 08:57:49 AM
25128A,N,O,04/07/2026 02:41:58 PM
25128B,N,O,04/07/2026 12:34:42 PM
25129A,N,O,04/07/2026 02:23:40 PM
25129B,N,O,04/07/2026 03:05:14 PM
25130A,N,O,04/07/2026 02:03:08 PM
25130B,N,O,04/07/2026 02:28:23 PM
25131A,N,O,04/07/2026 04:04:10 PM
25131B,N,O,04/07/2026 03:50:56 PM
25132A,N,O,04/07/2026 03:52:22 PM
25132B,N,O,04/07/2026 02:37:38 PM
25133B,N,V,04/07/2026 05:32:00 PM
25134A,N,O,04/07/2026 05:31:33 PM
25134B,N,V,04/07/2026 05:35:54 PM
25137A,N,O,04/07/2026 05:15:25 PM
25138A,N,O,04/07/2026 05:36:02 PM
25138B,N,O,04/07/2026 05:27:24 PM
25139A,N,V,04/07/2026 05:32:39 PM
25139B,N,O,04/07/2026 08:55:48 AM
25140A,N,O,04/07/2026 05:31:16 PM
25140B,N,O,04/07/2026 04:43:50 PM
25141A,N,V,04/07/2026 05:12:16 PM
25141B,N,V,04/07/2026 05:36:21 PM
25142A,N,O,04/07/2026 05:00:43 PM
25142B,N,V,04/07/2026 02:46:38 PM
25143A,N,V,04/07/2026 05:28:55 PM
25143B,N,O,04/07/2026 05:27:10 PM
25144A,N,O,04/07/2026 03:21:55 PM
25144B,N,O,04/07/2026 12:26:27 PM
25145A,N,O,04/07/2026 08:59:54 AM
25145B,N,O,04/07/2026 08:59:58 AM
25146A,N,O,04/07/2026 04:00:07 PM
25146B,N,O,04/07/2026 08:58:49 AM
25147B,N,O,04/07/2026 08:57:52 AM
25148A,N,O,04/07/2026 08:56:46 AM
25148B,N,O,04/07/2026 08:56:46 AM
25149A,N,O,04/07/2026 01:13:53 PM
25149B,N,O,04/07/2026 08:55:43 AM
2514B,N,V,04/07/2026 11:44:46 AM
25150A,N,O,04/07/2026 09:02:01 AM
25150B,N,O,04/07/2026 09:00:34 AM
25151A,N,O,04/07/2026 02:20:15 PM
25152B,N,O,04/07/2026 09:24:01 AM
25153A,N,V,04/07/2026 03:33:39 PM
25153B,N,V,04/07/2026 03:32:40 PM
25154A,N,O,04/07/2026 02:49:42 PM
25154B,N,O,04/07/2026 04:55:39 PM
25155A,N,O,04/07/2026 08:59:50 AM
25155B,N,O,04/07/2026 03:30:24 PM
25156A,N,O,04/07/2026 08:58:48 AM
25156B,N,O,04/07/2026 01:39:18 PM
25157A,N,O,04/07/2026 10:17:45 AM
25157B,N,O,04/07/2026 09:46:19 AM
25158A,N,O,04/07/2026 12:41:26 PM
25158B,N,O,04/07/2026 04:52:39 PM
25159A,N,V,04/07/2026 02:44:48 PM
25159B,N,O,04/07/2026 03:40:48 PM
2515A,N,O,04/07/2026 02:15:17 PM
2515B,N,O,04/07/2026 01:41:29 PM
25160A,N,O,04/07/2026 05:27:45 PM
25160B,N,V,04/07/2026 04:39:57 PM
25161A,N,O,04/07/2026 04:34:17 PM
25161B,N,V,04/07/2026 02:29:38 PM
25162A,N,O,04/07/2026 05:15:31 PM
25162B,N,V,04/07/2026 05:17:28 PM
25163A,N,V,04/07/2026 11:57:54 AM
25163B,N,O,04/07/2026 05:36:42 PM
25164A,N,V,04/07/2026 09:34:10 AM
25164B,N,V,04/06/2026 06:26:04 PM
25165A,N,V,04/07/2026 12:33:21 PM
25165B,N,V,04/07/2026 12:11:49 PM
25166A,N,V,04/07/2026 10:19:57 AM
25166B,N,V,04/07/2026 04:48:55 PM
25167B,N,V,04/06/2026 07:02:33 PM
25168A,N,O,04/07/2026 05:03:08 PM
25168B,N,V,04/07/2026 04:30:44 PM
25169A,N,O,04/07/2026 05:35:17 PM
25169B,N,O,04/07/2026 04:06:42 PM
2516A,N,V,04/07/2026 04:29:10 PM
2516B,N,V,04/07/2026 04:18:38 PM
25170A,N,O,04/07/2026 08:59:51 AM
25170B,N,V,04/07/2026 09:39:54 AM
25171A,N,O,04/07/2026 05:31:56 PM
25171B,N,O,04/07/2026 02:15:16 PM
25172A,N,V,04/07/2026 05:36:36 PM
25172B,N,O,04/07/2026 05:10:30 PM
25173A,N,V,04/07/2026 05:17:52 PM
25173B,N,V,04/07/2026 02:53:46 PM
25174A,N,O,04/07/2026 03:18:23 PM
25174B,N,V,04/07/2026 05:20:05 PM
25175A,N,V,04/06/2026 05:08:33 PM
25175B,N,O,04/07/2026 05:34:49 PM
25176A,N,O,04/07/2026 02:44:48 PM
25176B,N,O,04/07/2026 03:01:49 PM
25177A,N,V,04/07/2026 05:10:06 PM
25177B,N,V,04/07/2026 05:36:09 PM
25178A,N,V,04/07/2026 03:11:02 PM
25178B,N,O,04/07/2026 05:05:33 PM
25179A,N,O,04/07/2026 04:56:04 PM
25179B,N,V,04/07/2026 04:20:46 PM
25180A,N,V,04/07/2026 05:30:44 PM
25180B,N,V,04/07/2026 01:35:06 PM
25181A,N,O,04/07/2026 05:33:55 PM
25181B,N,V,04/07/2026 05:22:07 PM
25182A,N,V,04/05/2026 04:30:52 PM
25182B,N,O,04/07/2026 03:45:14 PM
25183A,N,O,04/07/2026 08:56:50 AM
25183B,N,V,04/07/2026 04:31:47 PM
25184A,N,O,04/07/2026 05:36:37 PM
25184B,N,V,04/07/2026 05:21:23 PM
25185A,N,V,04/06/2026 11:40:38 AM
25185B,N,O,04/07/2026 08:59:45 AM
25186A,N,O,04/07/2026 04:51:23 PM
25186B,N,O,04/07/2026 05:36:26 PM
25187A,N,V,04/07/2026 05:20:57 PM
25187B,N,O,04/07/2026 04:13:03 PM
25188A,N,O,04/07/2026 05:24:40 PM
25188B,N,V,04/07/2026 05:22:03 PM
25189A,N,O,04/07/2026 05:34:20 PM
25189B,N,V,04/07/2026 03:31:03 PM
25190A,N,O,04/07/2026 08:59:50 AM
25190B,N,V,04/07/2026 11:43:35 AM
25191A,N,O,04/07/2026 01:51:18 PM
25191B,N,O,04/07/2026 03:47:15 PM
25192A,N,V,04/07/2026 05:32:37 PM
25192B,N,V,04/07/2026 04:31:19 PM
25193A,N,O,04/07/2026 04:29:17 PM
25193B,N,V,04/07/2026 05:22:31 PM
25194A,N,O,04/07/2026 05:25:07 PM
25194B,N,O,04/07/2026 02:31:13 PM
25195A,N,V,04/07/2026 01:30:05 PM
25195B,N,V,04/07/2026 05:33:57 PM
25196A,N,V,04/07/2026 05:05:33 PM
25196B,N,V,04/07/2026 05:05:49 PM
25197A,N,V,04/07/2026 01:56:59 PM
25197B,N,O,04/06/2026 10:16:54 AM
25198A,N,O,04/07/2026 04:11:07 PM
25198B,N,O,04/07/2026 10:31:56 AM
25199A,N,V,04/07/2026 04:13:13 PM
25199B,N,V,04/07/2026 04:38:13 PM
251A,N,O,04/07/2026 04:30:14 PM
251B,N,O,04/07/2026 04:46:49 PM
25200B,N,O,04/07/2026 03:25:37 PM
25201A,N,O,04/07/2026 03:09:53 PM
25201B,N,O,04/07/2026 08:58:44 AM
25202A,N,O,04/07/2026 05:27:56 PM
25202B,N,O,04/07/2026 05:36:19 PM
25203A,N,V,04/07/2026 04:59:53 PM
25203B,N,O,04/07/2026 05:31:06 PM
25204A,N,O,04/07/2026 04:48:29 PM
25204B,N,V,04/07/2026 05:34:52 PM
25205A,N,V,04/07/2026 05:35:16 PM
25205B,N,V,04/07/2026 05:23:44 PM
25206A,N,V,04/07/2026 04:40:21 PM
25206B,N,O,04/07/2026 01:47:48 PM
25207A,N,V,04/07/2026 01:04:32 PM
25207B,N,V,04/07/2026 10:15:17 AM
25208A,N,V,04/07/2026 12:58:43 PM
25208B,N,O,04/07/2026 02:48:10 PM
25209A,N,O,04/07/2026 05:36:15 PM
25209B,N,O,04/07/2026 05:33:31 PM
2520A,N,V,04/07/2026 04:44:05 PM
2520B,N,O,04/07/2026 08:59:48 AM
25210A,N,V,04/07/2026 05:35:29 PM
25210B,N,V,04/07/2026 05:31:21 PM
25211A,N,O,04/07/2026 04:34:13 PM
25211B,N,O,04/07/2026 02:13:40 PM
25212A,N,O,04/07/2026 11:43:03 AM
25212B,N,O,04/07/2026 05:09:33 PM
25213A,N,O,04/07/2026 05:30:02 PM
25213B,N,O,04/07/2026 05:31:14 PM
25214B,N,O,04/07/2026 02:02:51 PM
25215A,N,O,04/07/2026 04:58:45 PM
25215B,N,O,04/07/2026 04:52:27 PM
25216A,N,O,04/07/2026 05:20:45 PM
25216B,N,O,04/07/2026 04:16:23 PM
25217A,N,O,04/07/2026 04:49:55 PM
25217B,N,V,04/07/2026 05:33:35 PM
25218B,N,O,04/07/2026 08:56:56 AM
2521A,N,V,04/07/2026 04:55:52 PM
2521B,N,O,04/07/2026 04:41:04 PM
25221A,N,O,04/07/2026 08:58:44 AM
25221B,N,V,04/07/2026 05:12:40 PM
25222A,N,O,04/07/2026 05:18:04 PM
25222B,N,V,04/07/2026 05:18:08 PM
25223A,N,O,04/07/2026 05:14:07 PM
25223B,N,O,04/07/2026 02:20:09 PM
25224A,N,O,04/07/2026 08:55:52 AM
25224B,N,O,04/07/2026 08:55:48 AM
25225A,N,O,04/07/2026 02:17:34 PM
25225B,N,O,04/07/2026 02:16:36 PM
25226A,N,O,04/07/2026 09:24:43 AM
25226B,N,V,04/07/2026 01:58:37 PM
25227A,N,O,04/07/2026 08:57:47 AM
25227B,N,O,04/07/2026 09:23:08 AM
2522A,N,O,04/07/2026 03:39:34 PM
2522B,N,O,04/07/2026 10:51:36 AM
25230A,N,O,04/07/2026 05:00:48 PM
25230B,N,O,04/07/2026 05:33:55 PM
25231A,N,O,04/07/2026 05:00:47 PM
25231B,N,O,04/07/2026 05:00:47 PM
25232A,N,O,04/07/2026 05:00:52 PM
25232B,N,O,04/07/2026 05:00:59 PM
25234A,N,O,04/07/2026 05:00:49 PM
25234B,N,O,04/07/2026 05:00:49 PM
25235A,N,V,04/06/2026 09:58:46 PM
25235B,N,O,04/07/2026 05:23:03 PM
25236A,N,O,04/07/2026 05:30:48 PM
25236B,N,V,04/07/2026 05:35:57 PM
25237A,N,V,04/07/2026 05:27:07 PM
25237B,N,V,04/07/2026 05:15:50 PM
25238A,N,V,04/05/2026 06:55:17 PM
25238B,N,O,04/02/2026 05:44:03 PM
25239A,N,V,04/06/2026 07:04:48 PM
25239B,N,V,04/06/2026 07:08:51 PM
2523A,N,O,04/07/2026 02:54:09 PM
2523B,N,V,04/07/2026 04:55:24 PM
25240A,N,V,04/06/2026 09:58:25 PM
25240B,N,V,04/07/2026 05:05:14 PM
25241A,N,V,04/06/2026 09:43:29 PM
25241B,N,O,04/06/2026 09:41:13 PM
25242A,N,V,04/07/2026 05:15:43 PM
25242B,N,O,04/07/2026 05:14:35 PM
25243A,N,O,04/07/2026 05:22:48 PM
25243B,N,V,04/06/2026 09:12:19 PM
25244A,N,O,04/07/2026 05:14:30 PM
25244B,N,O,04/07/2026 05:23:42 PM
25245A,N,O,04/06/2026 06:09:37 PM
25245B,N,O,04/07/2026 05:33:57 PM
25246A,N,O,04/06/2026 07:32:51 PM
25246B,N,O,04/07/2026 05:00:48 PM
25247A,N,V,04/07/2026 05:35:24 PM
25247B,N,O,04/07/2026 05:00:46 PM
25248A,N,O,04/07/2026 05:01:54 PM
25248B,N,V,04/07/2026 05:33:44 PM
25249A,N,O,04/05/2026 09:02:47 PM
25249B,N,O,04/06/2026 06:08:58 PM
2524A,N,O,04/07/2026 03:31:39 PM
2524B,N,V,04/07/2026 04:36:31 PM
25250A,N,O,04/06/2026 06:43:46 PM
25250B,N,O,04/06/2026 05:46:26 PM
25251A,N,O,04/06/2026 08:41:34 PM
25251B,N,O,04/07/2026 05:00:49 PM
25252A,N,V,04/07/2026 05:31:56 PM
25252B,N,O,04/07/2026 05:31:05 PM
25253A,NU,V,04/07/2026 05:09:24 PM
25253B,NU,V,04/07/2026 05:26:04 PM
25254B,N,V,04/07/2026 05:00:54 PM
25255A,N,O,04/07/2026 03:07:18 PM
25255B,N,O,04/07/2026 05:35:07 PM
25256A,N,O,04/07/2026 05:32:17 PM
25257B,N,V,04/07/2026 05:24:13 PM
25258A,N,O,04/07/2026 03:39:05 PM
25258B,N,V,04/07/2026 04:33:53 PM
25259A,N,V,04/07/2026 05:27:15 PM
25259B,N,O,04/07/2026 11:12:12 AM
2525A,N,O,04/07/2026 02:28:16 PM
2525B,N,O,04/07/2026 01:20:39 PM
25260A,N,O,04/07/2026 03:09:57 PM
25260B,N,O,04/07/2026 04:42:40 PM
25261A,N,O,04/07/2026 04:29:11 PM
25261B,N,O,04/06/2026 08:58:49 AM
25262A,N,O,04/07/2026 03:09:53 PM
25262B,N,V,04/07/2026 04:38:12 PM
25263A,N,O,04/07/2026 08:56:43 AM
25263B,N,V,04/07/2026 04:52:48 PM
25264A,N,V,04/07/2026 04:25:39 PM
25264B,N,V,04/07/2026 03:26:56 PM
25265A,N,V,04/07/2026 04:48:27 PM
25265B,N,O,04/07/2026 04:18:26 PM
25266B,N,V,04/07/2026 02:41:14 PM
25267A,N,V,04/07/2026 04:04:03 PM
25267B,N,O,04/07/2026 01:21:44 PM
25268A,N,O,04/07/2026 05:33:13 PM
25268B,N,V,04/07/2026 04:34:07 PM
25269A,N,O,04/07/2026 03:11:28 PM
25269B,N,V,04/07/2026 03:32:02 PM
2526A,N,O,04/07/2026 05:32:20 PM
25270A,N,V,04/07/2026 05:17:36 PM
25270B,N,V,04/07/2026 05:17:36 PM
25271A,N,V,04/07/2026 03:54:37 PM
25272A,N,O,04/07/2026 03:54:30 PM
25272B,N,O,04/07/2026 08:57:57 AM
25273A,N,O,04/07/2026 04:52:58 PM
25273B,N,O,04/07/2026 01:45:57 PM
25274A,N,O,04/07/2026 08:55:53 AM
25274B,N,O,04/07/2026 08:55:44 AM
25275A,N,O,04/07/2026 01:15:07 PM
25275B,N,O,04/07/2026 09:00:00 AM
25276A,N,V,04/07/2026 05:10:21 PM
25276B,N,V,04/07/2026 05:27:44 PM
25277A,N,O,04/06/2026 09:05:28 PM
25277B,N,V,04/06/2026 09:59:07 PM
25278A,N,V,04/07/2026 03:56:19 PM
25278B,N,V,04/07/2026 04:59:40 PM
25279A,N,O,04/07/2026 05:18:50 PM
25279B,N,V,04/07/2026 03:29:57 PM
2527A,N,O,04/07/2026 03:40:08 PM
2527B,N,O,04/07/2026 05:35:55 PM
25280A,N,O,04/07/2026 09:00:11 AM
25280B,N,O,04/07/2026 04:59:34 PM
25281A,N,O,04/07/2026 05:34:23 PM
25281B,N,V,04/07/2026 03:45:03 PM
25282B,N,O,04/07/2026 04:34:53 PM
25283A,N,O,04/07/2026 04:43:51 PM
25284A,N,O,04/07/2026 02:25:54 PM
25284B,N,O,04/07/2026 03:02:11 PM
25285A,N,O,04/07/2026 05:34:58 PM
25285B,N,O,04/07/2026 05:01:12 PM
25286A,N,O,04/06/2026 05:05:21 PM
25286B,N,O,04/07/2026 05:01:35 PM
25287A,N,O,04/07/2026 01:31:10 PM
25287B,N,O,04/07/2026 05:20:08 PM
25288A,N,O,04/07/2026 05:14:16 PM
25288B,N,O,04/07/2026 05:27:41 PM
25289A,N,O,04/07/2026 05:24:19 PM
25289B,N,O,04/07/2026 04:53:15 PM
2528B,N,O,04/07/2026 12:17:42 PM
25290A,N,O,04/07/2026 04:48:35 PM
25290B,N,V,04/07/2026 03:51:30 PM
25291A,N,O,04/07/2026 11:37:34 AM
25291B,N,O,04/07/2026 10:04:19 AM
25292A,N,V,04/07/2026 05:06:51 PM
25292B,N,V,04/07/2026 04:14:24 PM
25293A,N,V,04/07/2026 03:22:23 PM
25293B,N,V,04/07/2026 04:10:06 PM
25294A,N,O,04/07/2026 02:42:37 PM
25294B,N,V,04/07/2026 05:17:48 PM
25295A,N,O,04/07/2026 05:08:47 PM
25295B,N,O,04/07/2026 05:34:22 PM
25296A,N,V,04/07/2026 05:02:06 PM
25296B,N,O,04/07/2026 04:52:36 PM
25297A,N,O,04/07/2026 03:04:27 PM
25297B,N,O,04/07/2026 03:07:09 PM
25298A,N,O,04/07/2026 05:34:04 PM
25298B,N,V,04/07/2026 04:36:07 PM
25299A,N,O,09/03/2025 03:25:17 PM
2529A,N,O,04/07/2026 12:34:35 PM
2529B,N,O,04/07/2026 02:40:23 PM
252A,N,O,04/07/2026 03:29:25 PM
252B,N,O,04/07/2026 04:10:38 PM
25302B,N,O,04/07/2026 05:02:51 PM
25303A,N,O,04/07/2026 08:56:41 AM
25303B,N,O,04/07/2026 08:56:45 AM
25304A,N,O,04/07/2026 05:03:06 PM
25304B,N,O,04/07/2026 02:28:08 PM
25305A,N,O,04/07/2026 08:59:50 AM
25305B,N,O,04/07/2026 12:42:04 PM
25306A,N,O,04/07/2026 10:58:51 AM
25306B,N,O,04/07/2026 08:58:44 AM
25307A,N,V,04/07/2026 05:32:58 PM
25307B,N,O,04/07/2026 05:06:56 PM
25308A,N,O,04/07/2026 04:54:28 PM
25308B,N,O,04/07/2026 05:10:24 PM
25309A,N,O,04/07/2026 10:05:45 AM
25309B,N,O,04/07/2026 09:33:48 AM
2530A,N,O,04/07/2026 08:59:46 AM
2530B,N,O,04/07/2026 04:11:52 PM
25311A,N,O,04/07/2026 04:46:33 PM
25312A,N,O,04/07/2026 04:44:39 PM
25312B,N,O,04/07/2026 04:47:34 PM
25313B,N,O,04/07/2026 08:56:59 AM
25314A,N,O,04/07/2026 08:55:53 AM
25314B,N,O,04/07/2026 04:02:33 PM
25316A,N,O,04/06/2026 08:59:19 AM
25316B,N,O,04/07/2026 01:54:26 PM
25317B,N,O,04/07/2026 04:51:07 PM
25318A,N,O,04/07/2026 03:03:40 PM
25318B,N,O,04/07/2026 05:21:06 PM
25319B,N,O,04/07/2026 04:25:41 PM
2531A,N,O,04/07/2026 11:55:34 AM
2531B,N,O,04/07/2026 04:42:00 PM
25320A,N,O,04/07/2026 05:26:51 PM
25321A,N,O,04/07/2026 03:38:48 PM
25321B,N,O,04/07/2026 09:14:17 AM
25322A,N,O,04/07/2026 09:57:50 AM
25322B,N,O,04/07/2026 11:35:14 AM
25330A,N,O,04/07/2026 08:59:48 AM
25330B,N,O,04/07/2026 04:24:25 PM
25331A,N,O,04/07/2026 04:26:51 PM
25331B,N,O,04/07/2026 05:30:28 PM
25332A,N,O,04/07/2026 03:59:23 PM
25332B,N,O,04/07/2026 05:17:50 PM
25333A,N,O,04/07/2026 03:42:08 PM
25333B,N,O,04/07/2026 04:56:33 PM
25334A,N,O,04/07/2026 11:24:07 AM
25334B,N,O,04/07/2026 04:34:21 PM
25335A,N,O,04/07/2026 10:04:50 AM
25335B,N,O,04/07/2026 11:18:22 AM
25336B,N,O,04/07/2026 09:58:49 AM
25337A,N,O,04/07/2026 09:57:51 AM
25337B,N,O,04/07/2026 09:57:59 AM
25338A,N,O,04/07/2026 04:25:59 PM
25338B,N,O,04/07/2026 09:56:48 AM
25341A,N,O,04/07/2026 07:58:45 AM
25342A,N,O,04/07/2026 07:57:48 AM
25342B,N,O,04/07/2026 05:31:43 PM
25343A,N,O,04/07/2026 05:20:04 PM
25343B,N,O,04/07/2026 07:56:52 AM
25344B,N,O,04/07/2026 10:45:23 AM
25345A,N,O,04/07/2026 05:12:03 PM
25346A,N,O,08/09/2025 07:24:28 PM
25346B,N,O,10/23/2025 03:47:54 PM
25352A,N,O,04/07/2026 05:32:37 PM
25352B,N,O,04/07/2026 05:33:19 PM
25353A,N,O,04/07/2026 09:57:06 AM
25353B,N,V,04/07/2026 05:35:42 PM
25354A,N,O,04/07/2026 10:04:07 AM
25354B,N,V,04/07/2026 05:26:50 PM
25355A,N,O,04/07/2026 04:38:03 PM
25355B,N,O,04/07/2026 10:26:06 AM
25356A,N,O,04/07/2026 05:13:12 PM
25356B,N,O,04/07/2026 04:55:36 PM
25357A,N,O,04/07/2026 04:58:54 PM
25357B,N,O,04/07/2026 09:42:08 AM
25358B,N,O,04/07/2026 10:58:38 AM
25359A,N,O,04/07/2026 09:55:57 AM
25360A,N,O,04/07/2026 09:59:46 AM
25360B,N,O,04/07/2026 09:59:46 AM
25361A,N,O,04/07/2026 05:20:23 PM
25361B,N,O,04/07/2026 02:56:23 PM
25362A,N,O,04/07/2026 05:35:31 PM
25362B,N,O,04/07/2026 08:57:48 AM
25363A,N,V,04/07/2026 05:30:03 PM
25363B,N,O,04/07/2026 05:24:53 PM
25364A,N,O,04/07/2026 11:06:54 AM
25364B,N,O,04/07/2026 11:06:54 AM
25365A,N,O,04/07/2026 05:33:19 PM
25365B,N,O,04/07/2026 10:52:18 AM
25366A,N,O,04/07/2026 04:57:02 PM
2536A,N,O,04/07/2026 08:58:45 AM
2536B,N,O,04/07/2026 01:38:23 PM
25371A,N,V,04/07/2026 03:57:50 PM
25371B,N,O,04/07/2026 12:22:34 PM
25372A,N,O,04/07/2026 08:57:54 AM
25372B,N,V,04/07/2026 05:23:24 PM
25373A,N,O,04/07/2026 04:36:30 PM
25373B,N,O,04/07/2026 03:44:52 PM
25374A,N,O,04/07/2026 08:55:53 AM
25374B,N,O,04/07/2026 08:55:53 AM
25375A,N,O,04/07/2026 04:03:59 PM
25375B,N,O,04/07/2026 11:27:02 AM
25376A,N,O,04/07/2026 08:58:46 AM
25376B,N,O,04/07/2026 04:30:48 PM
2537A,N,O,04/07/2026 08:58:00 AM
2537B,N,O,04/07/2026 08:57:53 AM
25383A,N,O,04/07/2026 02:46:19 PM
25383B,N,O,04/07/2026 05:07:45 PM
25384B,N,O,04/07/2026 08:55:45 AM
25385A,N,O,04/07/2026 04:10:34 PM
25385B,N,O,04/07/2026 04:24:18 PM
25386A,N,O,04/07/2026 11:57:30 AM
25386B,N,O,04/07/2026 04:03:27 PM
25387A,N,O,04/07/2026 03:18:40 PM
25387B,N,O,04/07/2026 04:35:28 PM
25388A,N,O,04/07/2026 05:20:36 PM
25388B,N,O,04/07/2026 08:56:51 AM
25389A,N,O,04/07/2026 09:49:31 AM
25389B,N,O,04/07/2026 08:55:49 AM
2538A,N,O,04/07/2026 08:56:55 AM
2538B,N,O,04/07/2026 08:56:47 AM
25390A,N,O,04/07/2026 05:29:20 PM
25390B,N,O,04/07/2026 08:59:59 AM
25391B,N,O,04/07/2026 02:37:34 PM
25393A,N,O,04/07/2026 02:10:03 PM
25393B,N,O,04/07/2026 10:28:06 AM
25394A,N,O,04/07/2026 08:55:52 AM
25395A,N,O,04/07/2026 04:19:31 PM
25396A,N,O,04/07/2026 08:58:50 AM
25396B,N,O,04/07/2026 02:59:18 PM
25397B,N,O,04/07/2026 08:57:58 AM
25398A,N,O,04/07/2026 08:57:21 AM
25399A,N,O,04/07/2026 08:55:52 AM
25399B,N,O,04/07/2026 03:01:35 PM
2539A,N,O,04/07/2026 10:03:19 AM
2539B,N,O,04/07/2026 12:31:32 PM
253A,N,O,04/07/2026 05:34:50 PM
25400B,N,O,04/07/2026 10:29:08 AM
25401A,N,O,04/07/2026 04:12:08 PM
25401B,N,V,04/07/2026 05:18:59 PM
25402A,N,O,04/07/2026 08:57:42 AM
25402B,N,O,04/07/2026 03:51:19 PM
25403A,N,V,04/07/2026 05:35:24 PM
25403B,N,O,04/07/2026 04:58:59 PM
25404A,N,V,04/07/2026 02:19:15 PM
25404B,N,O,04/07/2026 04:03:57 PM
25405A,N,V,04/07/2026 05:32:47 PM
25405B,N,O,04/07/2026 05:13:39 PM
25406A,N,O,04/07/2026 04:45:03 PM
25406B,N,O,04/07/2026 03:09:29 PM
25407A,N,O,04/07/2026 05:06:28 PM
25407B,N,O,04/07/2026 04:04:04 PM
25408A,N,O,04/07/2026 05:13:45 PM
25408B,N,V,04/07/2026 05:18:21 PM
25409A,N,O,04/07/2026 05:07:11 PM
25409B,N,O,04/07/2026 05:19:40 PM
25410A,N,V,04/07/2026 05:26:12 PM
25410B,N,O,04/07/2026 05:35:45 PM
25411A,N,O,04/07/2026 05:26:14 PM
25411B,N,V,04/07/2026 05:13:46 PM
25412B,N,V,04/07/2026 05:35:03 PM
25413A,N,V,04/07/2026 05:14:29 PM
25413B,N,O,04/07/2026 04:27:39 PM
25414A,N,V,04/07/2026 05:30:30 PM
25414B,N,O,04/07/2026 01:55:52 PM
25415A,N,O,04/07/2026 04:48:08 PM
25415B,N,O,04/07/2026 03:38:41 PM
25416A,N,O,04/07/2026 05:23:34 PM
25416B,N,O,04/07/2026 05:01:12 PM
25417A,N,V,04/07/2026 03:49:12 PM
25417B,N,O,04/07/2026 01:50:57 PM
25418A,N,O,04/07/2026 03:57:23 PM
25418B,N,O,04/07/2026 04:58:29 PM
25419A,N,V,04/07/2026 02:48:49 PM
25419B,N,V,04/07/2026 03:28:37 PM
25420A,N,O,04/07/2026 03:51:19 PM
25420B,N,V,04/07/2026 02:47:51 PM
25421A,N,V,04/07/2026 03:10:03 PM
25421B,N,O,04/07/2026 02:07:10 PM
25422A,N,V,04/07/2026 12:45:59 PM
25422B,N,O,04/07/2026 05:35:10 PM
25423A,N,V,04/07/2026 02:03:25 PM
25423B,N,V,04/07/2026 05:04:46 PM
25424A,N,V,04/07/2026 05:19:18 PM
25424B,N,O,04/07/2026 04:24:50 PM
25425A,N,O,04/07/2026 04:46:49 PM
25425B,N,O,04/07/2026 03:40:10 PM
25426A,N,O,04/07/2026 12:45:07 PM
25426B,N,O,04/07/2026 04:26:36 PM
25427A,N,O,04/07/2026 04:50:18 PM
25427B,N,O,04/07/2026 03:56:17 PM
25428A,N,O,04/07/2026 04:56:13 PM
25428B,N,O,04/07/2026 04:45:20 PM
25429A,N,O,04/07/2026 05:25:57 PM
25429B,N,O,04/07/2026 05:35:55 PM
2542A,N,O,04/07/2026 08:57:54 AM
2542B,N,O,04/07/2026 05:10:19 PM
25430A,N,O,04/07/2026 02:42:33 PM
25430B,N,O,04/07/2026 05:01:03 PM
25431A,N,O,04/07/2026 05:35:52 PM
25431B,N,V,04/07/2026 05:02:40 PM
25432A,N,O,04/07/2026 01:55:55 PM
25432B,N,V,04/07/2026 04:29:55 PM
25433A,N,O,04/07/2026 03:02:54 PM
25433B,N,O,04/07/2026 05:11:07 PM
25434A,N,O,04/07/2026 04:16:33 PM
25434B,N,O,04/07/2026 03:03:28 PM
25435A,N,O,04/07/2026 03:54:12 PM
25435B,N,O,04/07/2026 05:06:39 PM
25436A,N,V,04/07/2026 05:23:51 PM
25436B,N,O,04/07/2026 04:50:13 PM
25437A,N,O,04/07/2026 08:57:46 AM
25437B,N,O,04/07/2026 04:30:41 PM
25438A,N,O,04/07/2026 03:56:41 PM
25438B,N,O,04/07/2026 05:16:42 PM
25439B,N,O,04/07/2026 04:48:36 PM
2543A,N,O,04/07/2026 08:56:47 AM
2543B,N,O,04/07/2026 11:55:55 AM
25443B,N,O,04/07/2026 05:21:03 PM
25444A,N,V,04/07/2026 05:27:53 PM
25444B,N,O,04/07/2026 04:41:31 PM
25445A,N,O,04/07/2026 04:58:20 PM
25445B,N,O,04/07/2026 04:48:58 PM
25446A,N,V,04/07/2026 05:26:40 PM
25446B,N,O,04/07/2026 08:59:41 AM
25447A,N,O,04/07/2026 05:36:33 PM
25447B,N,O,04/07/2026 04:34:23 PM
25448A,N,O,04/07/2026 01:53:03 PM
25448B,N,O,04/07/2026 04:57:47 PM
25449A,N,O,04/07/2026 05:29:35 PM
25449B,N,V,01/09/2026 02:21:37 PM
25450A,N,O,04/07/2026 05:34:13 PM
25450B,N,O,04/07/2026 05:00:09 PM
25451A,N,O,04/07/2026 04:34:33 PM
25451B,N,V,04/07/2026 05:36:36 PM
25452A,N,O,04/07/2026 05:25:50 PM
25452B,N,O,04/07/2026 08:57:50 AM
25453A,N,O,04/07/2026 04:53:05 PM
25453B,N,O,04/07/2026 01:33:40 PM
25454A,N,O,04/07/2026 04:32:41 PM
25454B,N,O,04/07/2026 05:36:19 PM
25455A,N,O,04/07/2026 05:35:44 PM
25455B,N,O,01/09/2026 02:48:28 PM
25456A,N,V,04/07/2026 05:30:03 PM
25456B,N,O,04/07/2026 03:15:28 PM
25457A,N,O,04/07/2026 10:12:08 AM
25457B,N,O,04/07/2026 08:57:42 AM
25458A,N,O,04/07/2026 08:56:49 AM
25458B,N,O,04/07/2026 03:36:48 PM
25459A,N,V,04/06/2026 03:29:11 PM
25459B,N,O,04/07/2026 12:26:40 PM
25460A,N,O,04/07/2026 08:59:48 AM
25460B,N,O,04/07/2026 10:07:21 AM
25461A,N,O,04/07/2026 04:03:20 PM
25461B,N,V,04/07/2026 11:51:37 AM
25462A,N,O,04/07/2026 11:58:14 AM
25462B,N,O,04/07/2026 05:36:03 PM
25463A,N,V,01/23/2026 01:37:30 PM
25463B,N,O,04/07/2026 04:56:34 PM
25464A,N,O,04/07/2026 04:50:32 PM
25464B,N,O,04/07/2026 05:01:58 PM
25465A,N,O,04/07/2026 08:59:52 AM
25465B,N,O,04/07/2026 12:52:32 PM
25466A,N,V,04/07/2026 03:47:27 PM
25466B,N,O,04/07/2026 03:50:04 PM
25467A,N,O,04/07/2026 03:07:32 PM
25467B,N,O,04/07/2026 05:26:50 PM
25468A,N,O,04/07/2026 03:44:10 PM
25468B,N,O,04/07/2026 04:35:42 PM
25469A,N,O,04/07/2026 08:55:43 AM
25469B,N,O,04/07/2026 05:18:46 PM
25470A,N,O,04/07/2026 04:23:15 PM
25470B,N,O,04/07/2026 10:45:24 AM
25471A,N,O,04/07/2026 12:07:21 PM
25471B,N,O,04/07/2026 04:28:02 PM
25472A,N,O,04/07/2026 04:58:30 PM
25473A,N,O,04/07/2026 01:21:20 PM
25473B,N,O,04/07/2026 02:49:49 PM
25474A,N,O,04/07/2026 05:35:09 PM
25474B,N,O,04/07/2026 11:34:17 AM
25475A,N,O,04/07/2026 01:57:21 PM
25475B,N,O,04/07/2026 02:34:56 PM
25476A,N,O,04/07/2026 04:00:34 PM
25476B,N,O,04/06/2026 09:23:30 PM
25477A,N,O,04/07/2026 02:24:21 PM
25477B,N,O,04/07/2026 05:11:20 PM
25478A,N,O,04/07/2026 02:38:11 PM
25478B,N,O,04/07/2026 05:20:50 PM
25479A,N,O,04/07/2026 02:28:58 PM
25479B,N,O,04/07/2026 04:21:36 PM
2547A,N,O,04/07/2026 10:16:50 AM
2547B,N,O,04/07/2026 05:11:25 PM
25480A,N,O,04/07/2026 04:42:26 PM
25480B,N,O,04/07/2026 08:59:49 AM
25481A,N,O,04/07/2026 09:44:43 AM
25481B,N,O,04/07/2026 01:03:16 PM
25482A,N,O,04/07/2026 04:56:40 PM
25482B,N,O,04/07/2026 05:14:55 PM
25483A,N,O,04/06/2026 08:56:46 AM
25483B,N,O,04/07/2026 11:49:44 AM
25484A,N,O,04/07/2026 11:42:26 AM
25484B,N,O,04/07/2026 02:16:49 PM
25485A,N,O,04/07/2026 04:47:33 PM
25485B,N,O,04/07/2026 01:20:26 PM
25486A,N,O,04/07/2026 08:58:44 AM
25486B,N,O,04/07/2026 03:40:12 PM
25487A,N,O,04/07/2026 08:57:45 AM
25487B,N,V,04/07/2026 01:45:29 PM
25488A,N,O,04/07/2026 08:56:48 AM
25488B,N,V,04/07/2026 05:36:14 PM
25489B,N,O,04/07/2026 03:09:24 PM
25490A,N,O,04/07/2026 05:27:44 PM
25491A,N,O,04/07/2026 12:41:41 PM
25491B,N,O,04/07/2026 04:40:55 PM
25492A,N,O,04/07/2026 04:36:09 PM
25492B,N,O,04/07/2026 02:43:08 PM
25493A,N,O,04/07/2026 02:41:55 PM
25493B,N,O,04/07/2026 03:58:36 PM
25494A,N,O,04/07/2026 08:55:53 AM
25494B,N,O,04/07/2026 04:22:55 PM
25495A,N,V,04/07/2026 04:49:00 PM
25495B,N,O,04/07/2026 05:32:58 PM
25496A,N,O,04/07/2026 09:37:17 AM
25496B,N,O,04/07/2026 04:20:45 PM
25497B,N,O,04/07/2026 04:12:47 PM
25499A,N,O,04/07/2026 08:55:51 AM
25499B,N,O,04/07/2026 08:55:58 AM
254A,N,O,04/07/2026 04:54:13 PM
254B,N,V,04/07/2026 04:54:38 PM
25500A,N,O,04/07/2026 08:59:53 AM
25500B,N,O,04/07/2026 08:59:53 AM
25501A,N,O,04/07/2026 08:58:46 AM
25501B,N,O,04/07/2026 08:58:46 AM
25502A,N,O,04/07/2026 11:48:43 AM
25502B,N,O,04/07/2026 08:57:47 AM
25503A,N,O,04/07/2026 08:56:58 AM
25503B,N,O,04/07/2026 08:56:47 AM
25504A,N,O,04/07/2026 08:56:00 AM
25504B,N,O,04/07/2026 08:55:53 AM
25505B,N,O,04/07/2026 08:59:47 AM
25506A,N,O,04/07/2026 08:58:44 AM
25506B,N,V,04/07/2026 05:29:33 PM
25507A,N,O,04/07/2026 03:31:02 PM
25507B,N,O,04/07/2026 02:52:08 PM
25508A,N,O,04/07/2026 03:04:08 PM
25508B,N,O,04/07/2026 10:19:02 AM
25509A,N,O,04/07/2026 05:05:08 PM
25509B,N,O,04/07/2026 01:55:50 PM
25510A,N,O,04/06/2026 01:52:59 PM
25510B,N,V,04/07/2026 05:21:06 PM
25511A,N,V,04/07/2026 04:56:31 PM
25511B,N,O,04/07/2026 02:09:37 PM
25512A,N,O,04/07/2026 05:23:11 PM
25512B,N,O,04/07/2026 04:59:29 PM
25513A,N,O,04/07/2026 08:56:49 AM
25513B,N,V,04/07/2026 03:28:49 PM
25514B,N,V,04/05/2026 06:51:42 PM
25515A,N,V,04/07/2026 05:10:46 PM
25515B,N,V,04/07/2026 05:11:45 PM
25516A,N,V,04/07/2026 03:58:56 PM
25516B,N,O,04/07/2026 08:58:44 AM
25517A,N,O,04/07/2026 08:57:51 AM
25517B,N,V,04/07/2026 01:50:41 PM
25518B,N,V,04/05/2026 04:15:47 PM
25519A,N,O,04/07/2026 02:20:56 PM
25519B,N,O,04/07/2026 05:19:41 PM
25520A,N,O,04/07/2026 05:33:57 PM
25520B,N,O,04/07/2026 02:25:13 PM
25521A,N,O,04/07/2026 08:58:44 AM
25521B,N,V,04/07/2026 04:41:49 PM
25522A,N,V,04/07/2026 05:10:22 PM
25522B,N,V,04/07/2026 05:23:15 PM
25523A,N,V,04/07/2026 03:37:10 PM
25523B,N,O,04/07/2026 05:28:11 PM
25524A,N,V,04/07/2026 04:35:11 PM
25524B,N,O,04/07/2026 05:05:06 PM
25525A,N,O,04/07/2026 11:43:51 AM
25525B,N,O,04/07/2026 05:16:03 PM
25528A,N,O,04/07/2026 02:26:03 PM
25528B,N,O,04/07/2026 05:22:33 PM
25529A,N,O,04/07/2026 01:29:56 PM
25529B,N,V,04/07/2026 05:20:28 PM
2552A,N,O,04/07/2026 06:57:47 AM
2552B,N,O,04/07/2026 06:57:47 AM
25530A,N,O,04/07/2026 01:08:04 PM
25530B,N,O,04/07/2026 03:33:00 PM
25531A,N,O,04/07/2026 04:06:39 PM
25531B,N,O,04/07/2026 03:24:56 PM
25532A,N,O,04/07/2026 05:30:31 PM
25532B,N,O,04/07/2026 03:17:11 PM
25533A,N,O,04/07/2026 05:19:07 PM
25533B,N,O,04/07/2026 05:31:24 PM
25534A,N,O,04/07/2026 05:32:11 PM
25534B,N,V,04/07/2026 05:08:07 PM
25535A,N,V,04/07/2026 04:59:56 PM
25535B,N,O,04/06/2026 06:58:02 PM
25536A,N,V,04/07/2026 10:40:05 AM
25536B,N,V,04/07/2026 03:08:42 PM
25537A,N,O,04/07/2026 02:04:53 PM
25537B,N,O,04/07/2026 03:18:09 PM
25538A,N,O,04/07/2026 04:31:17 PM
25538B,N,V,04/07/2026 04:13:12 PM
2553A,N,O,04/07/2026 06:56:45 AM
2553B,N,O,04/07/2026 05:15:42 PM
25540A,N,V,04/07/2026 05:36:19 PM
25540B,N,O,04/07/2026 03:32:55 PM
25541A,N,O,04/07/2026 03:34:08 PM
25541B,N,V,04/07/2026 01:10:49 PM
25542A,N,V,04/07/2026 02:52:26 PM
25543A,N,V,04/07/2026 05:11:54 PM
25543B,N,O,04/07/2026 05:08:40 PM
25544A,N,V,04/07/2026 04:43:15 PM
25544B,N,O,04/07/2026 05:04:08 PM
25545A,N,V,04/07/2026 09:59:03 AM
25545B,N,O,04/06/2026 08:26:42 PM
25546A,N,O,04/07/2026 05:31:02 PM
25546B,N,V,04/06/2026 01:24:33 PM
25547A,N,V,04/07/2026 05:28:18 PM
25547B,N,O,04/07/2026 04:22:20 PM
25548A,N,V,04/07/2026 02:48:02 PM
25549A,N,O,04/07/2026 03:45:45 PM
25549B,N,V,04/07/2026 10:11:43 AM
2554A,N,O,04/07/2026 06:55:59 AM
2554B,N,O,04/07/2026 06:55:51 AM
25550A,N,O,04/07/2026 08:59:44 AM
25550B,N,O,04/06/2026 05:35:33 PM
25551A,N,O,04/07/2026 05:08:56 PM
25551B,N,V,04/06/2026 05:43:55 PM
25552A,N,V,04/07/2026 04:55:40 PM
25552B,N,V,04/07/2026 04:34:08 PM
25553A,N,V,04/07/2026 11:05:49 AM
25553B,N,V,04/06/2026 09:07:42 PM
25554A,N,O,04/07/2026 04:13:10 PM
25555A,N,O,04/07/2026 03:21:35 PM
25555B,N,O,04/07/2026 05:15:10 PM
25556A,N,V,04/07/2026 05:08:01 PM
25556B,N,O,04/07/2026 05:06:02 PM
25557A,N,O,04/07/2026 03:36:57 PM
25557B,N,O,04/07/2026 05:09:40 PM
25558A,N,O,04/07/2026 08:56:52 AM
25558B,N,V,04/07/2026 05:27:57 PM
25559A,N,O,04/07/2026 10:09:43 AM
25559B,N,V,04/06/2026 08:45:49 PM
2555A,N,O,04/07/2026 06:59:48 AM
2555B,N,O,04/07/2026 06:59:48 AM
25560A,N,O,04/07/2026 04:55:42 PM
25560B,N,V,04/06/2026 10:18:47 AM
25561A,N,O,04/06/2026 08:58:52 AM
25561B,N,O,04/06/2026 08:15:47 PM
25562B,N,V,04/06/2026 10:51:13 AM
25563A,N,V,04/07/2026 03:36:10 PM
25563B,N,V,04/05/2026 04:31:40 PM
25564A,N,V,04/07/2026 03:38:18 PM
25564B,N,O,04/07/2026 05:12:31 PM
25565A,N,V,04/07/2026 11:52:02 AM
25565B,N,V,04/07/2026 01:48:32 PM
25566A,N,V,04/07/2026 09:11:45 AM
25566B,N,V,04/07/2026 05:10:20 PM
25567A,N,V,04/07/2026 01:37:54 PM
25567B,N,O,04/06/2026 07:29:13 PM
25568A,N,O,04/07/2026 03:37:07 PM
25568B,N,V,04/07/2026 10:17:44 AM
25569A,N,V,04/07/2026 05:27:30 PM
25569B,N,V,04/04/2026 02:47:20 PM
2556B,N,O,04/07/2026 10:11:15 AM
25570B,N,O,04/07/2026 02:51:08 PM
25571A,N,O,04/07/2026 04:11:33 PM
25571B,N,O,04/07/2026 05:27:38 PM
25572A,N,O,04/07/2026 05:08:44 PM
25572B,N,O,04/07/2026 05:07:33 PM
25573A,N,O,04/07/2026 02:21:22 PM
25573B,N,O,04/07/2026 05:36:27 PM
25574A,N,O,04/07/2026 08:55:51 AM
25574B,N,V,04/05/2026 02:44:37 PM
25575A,N,O,11/06/2025 11:02:53 AM
25575B,N,O,11/06/2025 11:03:51 AM
25576A,N,O,04/07/2026 08:58:51 AM
25576B,N,V,04/07/2026 05:25:02 PM
25577A,N,V,04/07/2026 04:36:22 PM
25577B,N,O,04/07/2026 05:33:29 PM
25578A,N,V,04/07/2026 05:33:10 PM
25578B,N,V,04/07/2026 05:34:30 PM
25579A,N,V,04/07/2026 01:30:03 PM
2557A,N,O,04/07/2026 06:57:54 AM
2557B,N,V,04/07/2026 05:35:22 PM
25580A,N,V,04/07/2026 05:22:14 PM
25580B,N,V,04/07/2026 05:36:10 PM
25581A,N,V,04/07/2026 04:11:21 PM
25581B,N,V,04/07/2026 05:35:02 PM
25582A,N,V,04/07/2026 05:28:35 PM
25582B,N,V,04/07/2026 03:09:37 PM
25583A,N,V,04/07/2026 05:36:17 PM
25583B,N,O,04/07/2026 04:39:09 PM
25584A,N,O,04/07/2026 08:56:05 AM
25584B,N,O,04/07/2026 04:32:15 PM
25585A,N,V,04/07/2026 05:34:30 PM
25585B,N,V,04/07/2026 04:06:14 PM
25586A,N,O,04/07/2026 04:41:51 PM
25586B,N,O,04/07/2026 04:51:19 PM
25587A,N,V,04/07/2026 05:17:08 PM
25587B,N,V,04/06/2026 05:19:47 PM
25588A,N,O,04/07/2026 04:56:36 PM
25588B,N,V,04/07/2026 04:38:40 PM
25589A,N,V,04/07/2026 01:10:07 PM
2558A,N,O,04/07/2026 05:27:09 PM
2558B,N,O,04/07/2026 11:51:49 AM
25590A,N,V,04/07/2026 05:35:03 PM
25590B,N,V,04/07/2026 05:03:04 PM
25591A,N,O,04/07/2026 05:05:01 PM
25591B,N,O,04/07/2026 05:36:07 PM
25592A,N,V,04/07/2026 10:05:05 AM
25592B,N,V,04/07/2026 05:36:04 PM
25593A,N,V,04/07/2026 10:54:14 AM
25593B,N,V,04/07/2026 05:23:16 PM
25594A,N,O,04/07/2026 03:37:20 PM
25595B,N,V,04/07/2026 04:12:34 PM
25596A,N,O,04/07/2026 03:33:25 PM
25596B,N,V,04/07/2026 05:28:40 PM
25597A,N,O,04/07/2026 04:55:24 PM
25597B,N,O,04/07/2026 05:36:39 PM
25598A,N,V,04/07/2026 01:37:58 PM
25598B,N,V,04/07/2026 03:46:14 PM
25599A,N,O,04/07/2026 05:36:27 PM
25599B,N,O,04/07/2026 03:41:29 PM
2559A,N,O,04/07/2026 06:56:04 AM
2559B,N,O,04/07/2026 06:55:49 AM
255A,N,V,04/07/2026 05:12:02 PM
255B,N,O,04/07/2026 04:29:15 PM
25600A,N,O,04/07/2026 05:30:14 PM
25600B,N,O,04/07/2026 05:21:13 PM
25601A,N,V,04/07/2026 05:35:39 PM
25601B,N,O,04/07/2026 05:16:00 PM
25602A,N,O,04/07/2026 05:31:12 PM
25602B,N,O,04/07/2026 08:57:48 AM
25603A,N,O,04/07/2026 05:05:39 PM
25603B,N,O,04/07/2026 12:43:41 PM
25604A,N,O,04/07/2026 04:34:33 PM
25604B,N,V,04/07/2026 04:31:54 PM
25605A,N,O,04/07/2026 10:54:56 AM
25605B,N,O,04/07/2026 05:12:51 PM
25606A,N,V,04/07/2026 03:21:06 PM
25607A,N,V,04/07/2026 05:30:24 PM
25607B,N,O,04/07/2026 05:25:17 PM
25608A,N,V,04/07/2026 04:08:44 PM
25608B,N,O,04/06/2026 08:56:45 AM
25609A,N,O,04/07/2026 08:55:46 AM
25609B,N,O,04/07/2026 04:53:33 PM
25610A,N,V,04/07/2026 04:25:46 PM
25610B,N,V,04/07/2026 10:32:14 AM
25611A,N,O,04/07/2026 08:58:50 AM
25612A,N,O,04/07/2026 04:07:55 PM
25612B,N,V,04/07/2026 04:57:17 PM
25613A,N,O,04/07/2026 08:56:56 AM
25614A,N,O,04/07/2026 04:55:07 PM
25614B,N,V,04/07/2026 05:35:37 PM
25615A,N,O,04/07/2026 05:15:27 PM
25615B,N,O,04/07/2026 05:25:56 PM
25616A,N,V,04/07/2026 05:36:29 PM
25616B,N,O,04/07/2026 05:22:12 PM
25617A,N,O,04/07/2026 03:50:02 PM
25618B,N,O,04/07/2026 03:21:43 PM
25619A,N,O,04/07/2026 02:48:34 PM
25619B,N,O,04/07/2026 03:42:07 PM
2561B,N,O,04/07/2026 03:58:18 PM
25620A,N,O,04/07/2026 01:38:23 PM
25620B,N,O,04/07/2026 08:59:47 AM
25621A,N,O,04/07/2026 01:31:30 PM
25621B,N,O,04/07/2026 08:58:43 AM
25622A,N,O,04/07/2026 08:57:44 AM
25622B,N,O,04/07/2026 08:57:44 AM
2565A,N,O,04/07/2026 03:06:49 PM
2565B,N,O,04/07/2026 01:37:03 PM
2566A,N,O,04/07/2026 05:18:44 PM
2566B,N,O,04/07/2026 05:18:04 PM
2567A,N,O,04/07/2026 01:07:49 PM
2567B,N,O,04/07/2026 03:39:33 PM
2568A,N,O,04/07/2026 08:57:07 AM
2568B,N,O,04/07/2026 02:19:58 PM
2571A,N,O,04/07/2026 05:18:38 PM
2571B,N,O,04/07/2026 02:32:16 PM
2572A,N,O,04/07/2026 04:52:37 PM
2572B,N,O,04/07/2026 02:17:36 PM
2573A,N,O,04/07/2026 05:12:34 PM
2573B,N,O,04/07/2026 04:14:57 PM
2574A,N,O,04/07/2026 05:09:18 PM
2574B,N,O,04/07/2026 09:55:51 AM
2575B,N,O,04/07/2026 12:33:02 PM
2576A,N,O,04/07/2026 04:25:17 PM
2576B,N,O,04/07/2026 05:32:44 PM
2577A,N,O,04/07/2026 05:31:36 PM
2577B,N,V,04/07/2026 05:36:14 PM
2579A,N,O,04/07/2026 05:22:25 PM
2579B,N,O,04/07/2026 03:52:38 PM
25801A,N,V,04/07/2026 05:36:19 PM
25801B,N,O,04/07/2026 05:36:09 PM
25802A,N,V,04/07/2026 12:51:16 PM
25802B,N,O,04/07/2026 04:43:09 PM
25803A,N,V,04/07/2026 02:52:46 PM
25803B,N,V,04/07/2026 12:16:58 PM
25804A,N,V,04/07/2026 12:39:54 PM
25804B,N,V,04/07/2026 02:52:05 PM
25805A,N,V,04/07/2026 02:17:15 PM
25805B,N,O,04/07/2026 02:48:05 PM
25806A,N,V,04/07/2026 01:33:39 PM
25807A,N,O,04/07/2026 08:57:49 AM
25807B,N,O,04/07/2026 08:57:57 AM
25808A,N,O,04/07/2026 08:56:53 AM
25808B,N,V,04/07/2026 05:04:43 PM
25809A,N,O,04/07/2026 04:42:20 PM
25809B,N,O,04/07/2026 11:57:07 AM
2580A,N,O,04/07/2026 09:59:51 AM
2580B,N,V,04/07/2026 05:27:27 PM
25811A,N,O,04/07/2026 11:42:03 AM
25811B,N,O,04/07/2026 02:36:32 PM
25812A,N,V,04/07/2026 04:28:19 PM
25812B,N,O,04/07/2026 02:45:49 PM
25813A,N,O,04/07/2026 11:50:10 AM
25813B,N,O,04/07/2026 04:41:34 PM
25814A,N,O,04/07/2026 04:18:32 PM
25815B,N,V,04/07/2026 04:19:52 PM
25816A,N,O,04/07/2026 05:27:46 PM
25816B,N,V,04/07/2026 02:51:39 PM
25817A,N,O,04/07/2026 05:35:45 PM
25817B,N,V,04/07/2026 03:46:32 PM
25818A,N,O,04/07/2026 03:37:56 PM
25818B,N,V,04/07/2026 05:25:10 PM
25819A,N,O,04/07/2026 05:34:50 PM
25819B,N,O,04/07/2026 08:56:10 AM
25820A,N,O,04/07/2026 04:40:17 PM
25821B,N,O,04/07/2026 05:16:53 PM
25822A,N,V,04/07/2026 12:13:03 PM
25822B,N,V,04/07/2026 05:26:25 PM
25823A,N,V,04/07/2026 03:26:21 PM
25823B,N,O,04/07/2026 08:56:42 AM
25824A,N,V,04/07/2026 03:08:50 PM
25824B,N,V,04/07/2026 02:43:33 PM
25825A,N,V,04/07/2026 05:28:03 PM
25825B,N,O,04/07/2026 05:28:03 PM
25826A,N,O,04/07/2026 12:21:29 PM
25826B,N,O,04/07/2026 05:03:02 PM
25827A,N,V,04/07/2026 02:52:39 PM
25827B,N,O,04/07/2026 04:47:05 PM
25828A,N,O,04/07/2026 05:19:32 PM
25828B,N,O,04/07/2026 05:19:56 PM
25829A,N,O,04/07/2026 04:35:08 PM
25829B,N,O,04/07/2026 11:52:30 AM
2582A,N,O,04/07/2026 06:57:55 AM
2582B,N,O,04/07/2026 05:20:39 PM
25830A,N,O,04/06/2026 09:53:51 PM
25830B,N,V,04/07/2026 04:41:21 PM
25831A,N,O,04/07/2026 08:58:53 AM
25831B,N,O,04/07/2026 08:58:49 AM
25832A,N,V,04/07/2026 09:51:29 AM
25833A,N,V,04/07/2026 12:55:43 PM
25833B,N,O,04/06/2026 07:44:45 PM
2583A,N,O,04/07/2026 08:56:44 AM
2584A,N,O,04/07/2026 08:55:50 AM
2584B,N,O,04/07/2026 08:55:50 AM
2585A,N,O,04/07/2026 08:59:48 AM
2585B,N,O,04/07/2026 08:59:48 AM
2586A,N,O,04/07/2026 08:58:43 AM
2586B,N,O,04/07/2026 08:58:43 AM
2591A,N,O,04/07/2026 10:38:28 AM
2591B,N,O,04/07/2026 02:38:07 PM
2592A,N,O,04/07/2026 04:26:30 PM
2592B,N,O,04/07/2026 03:44:10 PM
2593A,N,V,04/07/2026 04:58:51 PM
2593B,N,O,04/07/2026 02:38:08 PM
2594A,N,V,04/07/2026 05:26:27 PM
2597A,N,V,04/07/2026 03:04:33 PM
2597B,N,O,04/07/2026 08:57:59 AM
25A,NU,V,01/05/2026 08:43:45 PM
25B,NU,V,01/05/2026 11:58:04 PM
26007B,N,O,04/07/2026 09:57:43 AM
26008A,N,O,04/07/2026 09:56:43 AM
26008B,N,O,04/07/2026 09:56:43 AM
26009A,N,O,04/07/2026 09:55:47 AM
26009B,N,O,04/07/2026 05:25:38 PM
26011A,N,V,04/07/2026 05:36:38 PM
26011B,N,O,04/07/2026 09:58:49 AM
26012A,N,O,04/07/2026 04:39:00 PM
26012B,N,O,04/07/2026 04:45:23 PM
26013A,N,O,04/07/2026 03:36:02 PM
26013B,N,O,04/07/2026 04:10:58 PM
26014A,N,V,04/07/2026 05:36:18 PM
26014B,N,O,04/07/2026 12:08:08 PM
26015B,N,O,04/07/2026 04:04:48 PM
26017A,N,O,04/07/2026 04:36:36 PM
26017B,N,O,04/07/2026 08:58:06 AM
26018A,N,O,04/07/2026 04:08:30 PM
26018B,N,O,04/07/2026 05:29:53 PM
26019A,N,O,04/07/2026 05:14:27 PM
26019B,N,V,04/07/2026 05:36:13 PM
26020A,N,O,04/07/2026 08:59:50 AM
26020B,N,O,04/07/2026 05:29:30 PM
26021A,N,O,04/07/2026 08:58:47 AM
26021B,N,O,04/07/2026 04:48:52 PM
26022B,N,O,04/07/2026 12:15:19 PM
26023A,N,O,04/07/2026 12:43:36 PM
26023B,N,O,04/07/2026 04:22:08 PM
26024A,N,O,04/07/2026 08:55:52 AM
26024B,N,O,04/07/2026 09:46:08 AM
26025A,N,O,04/07/2026 05:18:42 PM
26025B,N,O,04/07/2026 08:59:49 AM
26026A,N,O,04/07/2026 04:39:30 PM
26026B,N,O,04/07/2026 05:19:06 PM
26027A,N,O,04/07/2026 04:10:38 PM
26027B,N,O,04/07/2026 03:40:15 PM
26028A,N,O,04/07/2026 05:09:38 PM
26028B,N,O,04/07/2026 04:22:24 PM
26029B,N,O,04/07/2026 05:24:49 PM
26030A,N,O,04/07/2026 05:09:44 PM
26030B,N,O,04/07/2026 03:13:44 PM
26031A,N,V,04/07/2026 05:34:06 PM
26031B,N,V,04/07/2026 04:53:47 PM
26032A,N,V,04/07/2026 05:36:35 PM
26032B,N,O,04/07/2026 05:15:31 PM
26033A,N,O,04/07/2026 11:10:40 AM
26033B,N,O,04/07/2026 10:56:17 AM
26034A,N,O,04/07/2026 10:01:24 AM
26034B,N,O,04/07/2026 04:50:57 PM
26035A,N,O,04/07/2026 09:42:50 AM
26035B,N,O,04/07/2026 05:34:31 PM
26036A,N,O,04/07/2026 05:31:56 PM
26036B,N,O,04/07/2026 05:22:48 PM
26037A,N,O,04/07/2026 08:57:51 AM
26037B,N,O,04/07/2026 10:47:01 AM
26038A,N,O,04/07/2026 04:56:02 PM
26038B,N,O,04/07/2026 08:56:51 AM
26039A,N,O,04/07/2026 03:16:41 PM
26039B,N,O,04/07/2026 04:03:27 PM
2603A,N,O,01/12/2026 01:25:59 PM
26040A,N,O,04/07/2026 05:19:09 PM
26040B,N,O,04/07/2026 12:33:15 PM
26041A,N,O,04/07/2026 05:13:45 PM
26041B,N,O,04/07/2026 05:07:58 PM
26042A,N,O,04/07/2026 08:57:49 AM
26042B,N,O,04/07/2026 12:49:54 PM
26043A,N,O,04/07/2026 08:56:48 AM
26044A,N,O,04/07/2026 02:40:20 PM
26044B,N,O,04/07/2026 08:55:49 AM
26045A,N,O,04/07/2026 05:34:41 PM
26045B,N,O,04/07/2026 04:44:03 PM
26046A,N,O,04/07/2026 01:53:48 PM
26046B,N,V,04/07/2026 05:34:56 PM
26049A,N,O,04/07/2026 03:33:22 PM
26049B,N,O,04/07/2026 08:55:50 AM
2604A,N,O,04/07/2026 08:55:48 AM
2604B,N,O,04/07/2026 04:46:05 PM
26050B,N,O,04/07/2026 05:34:33 PM
26051A,N,O,04/07/2026 05:13:49 PM
26051B,N,O,04/07/2026 09:58:47 AM
26052A,N,O,04/07/2026 04:59:36 PM
26052B,N,O,04/07/2026 05:25:38 PM
26053A,N,O,04/07/2026 12:27:11 PM
26053B,N,O,04/07/2026 08:56:51 AM
26054A,N,O,04/07/2026 08:55:49 AM
26054B,N,O,04/07/2026 04:39:23 PM
26055A,N,O,04/07/2026 08:59:50 AM
26055B,N,O,04/07/2026 04:34:05 PM
26056A,N,O,04/07/2026 04:04:35 PM
26056B,N,O,04/07/2026 11:37:26 AM
26057A,N,O,04/07/2026 12:48:55 PM
26057B,N,O,04/07/2026 08:57:49 AM
26059A,N,O,04/07/2026 05:17:14 PM
26059B,N,O,04/07/2026 10:42:27 AM
26060A,N,O,04/07/2026 04:55:45 PM
26060B,N,O,04/07/2026 05:24:56 PM
26061A,N,O,04/07/2026 05:11:39 PM
26061B,N,O,04/07/2026 05:05:52 PM
26062A,N,O,04/07/2026 03:43:45 PM
26062B,N,O,04/07/2026 04:47:41 PM
26063A,N,V,04/07/2026 05:35:52 PM
26063B,N,O,04/07/2026 05:34:44 PM
26064B,N,O,04/07/2026 04:01:21 PM
26065A,N,O,04/07/2026 03:23:36 PM
26065B,N,O,04/07/2026 05:33:29 PM
26066A,N,O,04/07/2026 02:44:53 PM
26066B,N,O,04/07/2026 05:18:44 PM
26067A,N,O,04/07/2026 05:35:10 PM
26067B,N,O,04/07/2026 05:13:19 PM
26068A,N,O,04/07/2026 10:57:24 AM
26068B,N,O,04/07/2026 05:29:39 PM
26069A,N,O,04/07/2026 04:51:09 PM
26069B,N,O,04/07/2026 05:11:38 PM
26070A,N,O,04/07/2026 05:32:25 PM
26072A,N,O,04/07/2026 05:19:24 PM
26073A,N,O,04/07/2026 05:27:23 PM
26073B,N,O,04/07/2026 05:35:11 PM
26074A,N,O,04/07/2026 05:30:13 PM
26074B,N,O,04/07/2026 04:18:16 PM
26075A,N,O,04/07/2026 04:33:14 PM
26075B,N,O,04/07/2026 05:33:35 PM
26076A,N,O,04/07/2026 05:20:05 PM
26076B,N,O,04/07/2026 05:17:47 PM
26077A,N,V,04/07/2026 05:28:54 PM
26077B,N,O,04/07/2026 05:31:13 PM
26078A,N,O,04/07/2026 04:19:27 PM
26078B,N,O,04/07/2026 04:26:01 PM
26079A,N,O,04/07/2026 09:55:48 AM
26079B,N,O,04/07/2026 03:29:44 PM
26080A,N,O,04/07/2026 05:32:50 PM
26080B,N,O,04/07/2026 04:39:06 PM
26081A,N,O,04/07/2026 05:14:58 PM
26081B,N,O,04/07/2026 05:26:39 PM
26086A,N,V,04/07/2026 04:35:13 PM
26086B,N,V,04/07/2026 05:35:45 PM
26087A,N,O,04/07/2026 03:03:06 PM
26087B,N,V,04/06/2026 09:56:01 PM
26089B,N,V,04/03/2026 04:26:32 PM
26090A,N,O,04/07/2026 05:12:47 PM
26090B,N,O,04/07/2026 11:50:32 AM
26091A,N,O,04/07/2026 12:02:46 PM
26091B,N,O,04/07/2026 05:22:51 PM
26092A,N,V,04/07/2026 05:31:09 PM
26092B,N,O,04/07/2026 04:30:42 PM
26093A,N,O,04/07/2026 05:28:03 PM
26093B,N,O,04/07/2026 01:54:37 PM
26094A,N,O,04/07/2026 03:00:10 PM
26094B,N,O,04/07/2026 08:55:43 AM
26095A,N,O,04/07/2026 04:34:08 PM
26095B,N,O,04/07/2026 04:14:33 PM
26096A,N,O,04/07/2026 05:31:38 PM
26096B,N,O,04/07/2026 08:58:51 AM
26097A,N,V,04/07/2026 04:12:06 PM
26097B,N,O,04/07/2026 04:13:31 PM
26098A,N,O,04/07/2026 04:12:51 PM
26098B,N,O,04/07/2026 04:43:35 PM
26099B,N,O,04/07/2026 05:00:15 PM
2609A,N,O,04/07/2026 04:27:55 PM
2609B,N,O,04/07/2026 05:31:39 PM
26103A,N,O,04/07/2026 05:22:58 PM
26103B,N,O,04/07/2026 05:13:23 PM
26104A,N,O,04/07/2026 04:34:46 PM
26104B,N,O,04/07/2026 02:48:12 PM
26105A,N,O,04/07/2026 05:19:02 PM
26105B,N,O,04/07/2026 05:05:40 PM
26106A,N,O,04/07/2026 11:03:51 AM
26106B,N,O,04/07/2026 04:14:15 PM
26107A,N,O,04/07/2026 08:57:51 AM
26107B,N,O,04/07/2026 05:31:03 PM
26108A,N,O,04/07/2026 05:08:58 PM
26108B,N,O,04/07/2026 02:24:08 PM
26109A,N,O,04/07/2026 05:20:16 PM
26109B,N,O,04/07/2026 12:29:35 PM
26110A,N,O,04/07/2026 10:37:12 AM
26110B,N,O,04/07/2026 04:38:49 PM
26111A,N,O,04/07/2026 01:17:10 PM
26111B,N,O,04/07/2026 05:25:34 PM
26112A,N,O,04/07/2026 05:27:34 PM
26112B,N,O,04/07/2026 05:29:03 PM
26113A,N,O,04/07/2026 05:06:10 PM
26113B,N,O,04/07/2026 05:22:16 PM
26114A,N,O,04/07/2026 09:55:38 AM
26114B,N,O,04/07/2026 03:12:03 PM
26115A,N,O,04/07/2026 04:44:57 PM
26115B,N,O,04/07/2026 04:56:03 PM
26116A,N,O,04/07/2026 05:32:23 PM
26116B,N,O,04/07/2026 04:40:22 PM
26117A,N,O,04/07/2026 04:38:59 PM
26117B,N,O,04/07/2026 12:23:17 PM
26118A,N,O,04/07/2026 04:51:05 PM
26118B,N,O,04/07/2026 04:31:02 PM
26119A,N,O,04/07/2026 05:34:47 PM
26119B,N,O,04/07/2026 05:15:28 PM
2611A,N,O,04/07/2026 09:55:45 AM
2611B,N,O,04/07/2026 04:22:28 PM
26120A,N,O,04/07/2026 03:34:07 PM
26120B,N,O,04/07/2026 05:03:26 PM
26121A,NU,O,04/07/2026 09:58:51 AM
26121B,NU,V,04/07/2026 11:02:03 AM
26122A,N,O,04/07/2026 11:25:22 AM
26123A,N,O,04/07/2026 05:32:32 PM
26123B,N,O,04/07/2026 04:27:54 PM
26124A,N,O,04/07/2026 03:28:25 PM
26124B,N,O,04/07/2026 05:31:05 PM
26125A,N,O,04/07/2026 05:02:42 PM
26125B,N,O,04/07/2026 04:21:19 PM
26126A,N,O,04/07/2026 04:53:10 PM
26126B,N,O,04/07/2026 05:34:11 PM
26127B,N,O,04/07/2026 05:36:30 PM
26128A,N,O,04/07/2026 05:18:17 PM
26128B,N,V,04/07/2026 05:36:45 PM
26129A,N,O,04/07/2026 05:19:36 PM
26129B,N,O,04/07/2026 04:53:18 PM
2612A,N,O,04/07/2026 12:46:21 PM
2612B,N,O,04/07/2026 08:57:43 AM
26130A,N,O,04/07/2026 05:13:03 PM
26130B,N,V,04/07/2026 05:26:21 PM
26131A,N,O,04/07/2026 05:25:43 PM
26131B,N,O,04/07/2026 03:58:37 PM
26132A,N,O,04/07/2026 02:44:29 PM
26132B,N,O,04/07/2026 02:40:23 PM
26133A,N,O,04/07/2026 05:34:02 PM
26133B,N,O,04/07/2026 09:56:58 AM
26134A,N,O,04/07/2026 05:24:17 PM
26134B,N,O,04/07/2026 04:06:53 PM
26135A,N,O,04/07/2026 05:34:19 PM
26135B,N,O,04/07/2026 01:25:07 PM
26136A,N,O,04/07/2026 04:26:17 PM
26136B,N,O,04/07/2026 02:08:47 PM
26137A,N,O,04/07/2026 08:57:48 AM
26137B,N,O,04/07/2026 04:58:24 PM
26138A,N,O,04/07/2026 03:52:16 PM
26138B,N,O,04/07/2026 08:56:46 AM
26139A,N,O,04/07/2026 12:43:14 PM
26139B,N,O,04/07/2026 02:49:37 PM
2613A,N,V,04/07/2026 05:10:17 PM
2613B,N,O,04/07/2026 05:32:27 PM
26140A,N,O,04/07/2026 05:02:16 PM
26140B,N,O,04/07/2026 05:36:16 PM
26141B,N,O,04/07/2026 09:29:23 AM
26142A,N,O,04/07/2026 04:37:42 PM
26142B,N,O,04/07/2026 01:49:37 PM
26143A,N,O,04/07/2026 03:51:17 PM
26143B,N,O,04/07/2026 04:08:35 PM
26144A,N,O,04/07/2026 08:55:50 AM
26144B,N,O,04/07/2026 10:21:00 AM
26145A,N,O,04/07/2026 08:59:45 AM
26145B,N,O,04/07/2026 08:59:45 AM
26146A,N,O,04/07/2026 03:51:44 PM
26146B,N,O,04/07/2026 08:58:54 AM
26147A,N,O,04/07/2026 03:02:32 PM
26147B,N,O,04/07/2026 05:20:23 PM
26148A,N,O,04/07/2026 04:42:55 PM
26148B,N,O,04/07/2026 03:53:53 PM
26149A,N,O,04/07/2026 12:42:57 PM
2614A,N,O,04/07/2026 08:55:44 AM
2614B,N,O,04/07/2026 05:30:47 PM
26151A,N,V,04/07/2026 05:36:10 PM
26151B,N,O,04/07/2026 12:57:43 PM
26152A,N,O,04/07/2026 08:57:55 AM
26152B,N,O,04/07/2026 08:57:55 AM
26153A,N,O,04/07/2026 12:58:52 PM
26153B,N,O,04/07/2026 12:58:56 PM
26154A,N,O,04/07/2026 08:55:43 AM
26154B,N,O,04/07/2026 02:24:08 PM
26155A,N,O,04/07/2026 08:59:48 AM
26155B,N,O,04/07/2026 03:04:55 PM
26156A,N,O,04/07/2026 05:08:53 PM
26156B,N,O,04/07/2026 03:57:48 PM
26157A,N,O,04/07/2026 08:57:52 AM
26157B,N,O,04/07/2026 09:35:12 AM
26158A,N,O,04/07/2026 08:56:45 AM
26158B,N,O,04/07/2026 08:56:45 AM
26159B,N,O,04/07/2026 05:16:19 PM
2615A,N,O,04/07/2026 05:35:28 PM
2615B,N,O,04/07/2026 02:49:16 PM
26160A,N,O,04/07/2026 02:20:59 PM
26162A,N,O,04/07/2026 03:50:16 PM
26162B,N,O,04/07/2026 09:57:43 AM
26164A,N,O,04/07/2026 10:45:17 AM
26164B,N,O,04/07/2026 12:21:53 PM
26165A,N,O,04/07/2026 12:09:38 PM
26166A,N,O,04/07/2026 08:58:51 AM
26166B,N,O,04/07/2026 08:58:51 AM
26167A,N,O,04/07/2026 08:57:52 AM
26167B,N,O,04/07/2026 01:00:17 PM
26168B,N,O,04/07/2026 10:01:10 AM
26169A,N,O,04/07/2026 08:55:49 AM
2616A,N,O,04/07/2026 02:16:21 PM
2616B,N,O,04/07/2026 03:06:12 PM
26173A,N,O,04/07/2026 09:56:47 AM
26174B,N,O,04/07/2026 09:55:46 AM
26175A,N,O,01/26/2026 01:29:35 PM
26176A,N,O,04/07/2026 03:15:59 PM
26176B,N,O,04/07/2026 08:59:16 AM
26177A,N,V,04/07/2026 05:22:54 PM
26177B,N,V,04/07/2026 05:34:08 PM
26178A,N,O,04/07/2026 02:32:24 PM
26178B,N,O,04/07/2026 04:08:40 PM
26179A,N,O,04/07/2026 05:35:04 PM
26179B,N,O,04/07/2026 12:20:43 PM
26180A,N,O,04/07/2026 08:59:45 AM
26180B,N,V,04/06/2026 09:11:15 PM
26181A,N,O,04/07/2026 01:15:25 PM
26181B,N,O,04/07/2026 03:59:18 PM
26182A,N,O,04/06/2026 09:57:44 AM
26182B,N,O,04/07/2026 09:57:46 AM
26188A,N,O,04/07/2026 08:56:51 AM
26188B,N,O,04/07/2026 04:17:53 PM
26189A,N,O,04/07/2026 05:11:39 PM
26189B,N,O,04/07/2026 05:24:11 PM
2618A,N,V,04/07/2026 05:32:36 PM
2618B,N,O,04/07/2026 02:10:12 PM
26190A,N,O,04/07/2026 08:59:53 AM
26190B,N,O,04/07/2026 08:59:57 AM
26191A,N,O,04/07/2026 04:25:08 PM
26192A,N,O,04/07/2026 04:29:55 PM
26192B,N,O,04/07/2026 05:34:15 PM
26193A,N,O,04/07/2026 09:05:30 AM
26193B,N,O,04/07/2026 04:55:49 PM
26194A,N,O,04/07/2026 10:25:45 AM
26194B,N,O,04/07/2026 11:24:10 AM
26196A,N,O,04/07/2026 05:30:28 PM
26196B,N,V,04/07/2026 05:12:08 PM
26197A,N,O,04/07/2026 04:28:46 PM
26197B,N,V,04/07/2026 04:31:22 PM
26198A,N,V,04/07/2026 05:33:56 PM
26198B,N,O,04/07/2026 03:38:57 PM
26199A,N,V,04/07/2026 04:51:03 PM
26199B,N,O,04/07/2026 02:48:16 PM
2619A,N,V,04/07/2026 05:36:19 PM
2619B,N,O,04/07/2026 05:29:55 PM
26200B,N,O,04/07/2026 12:39:58 PM
26201A,N,O,04/07/2026 03:52:51 PM
26201B,N,V,04/07/2026 02:57:48 PM
26202A,N,O,04/07/2026 01:50:13 PM
26202B,N,O,04/07/2026 04:43:45 PM
26203A,N,O,04/07/2026 04:46:41 PM
26203B,N,O,04/07/2026 08:56:47 AM
26204A,N,O,04/07/2026 10:14:25 AM
26204B,N,O,04/07/2026 05:32:06 PM
26205A,N,O,04/07/2026 02:34:30 PM
26205B,N,O,04/07/2026 10:43:37 AM
26206A,N,O,04/07/2026 08:58:45 AM
26207A,N,O,04/07/2026 05:02:41 PM
26208A,N,O,04/07/2026 08:56:48 AM
26208B,N,O,04/07/2026 09:15:25 AM
26209A,N,O,01/31/2026 06:55:38 PM
26209B,N,O,11/14/2025 09:18:20 AM
2620A,N,O,04/07/2026 12:08:37 PM
2620B,N,O,04/07/2026 08:59:46 AM
26210A,N,O,04/07/2026 03:11:42 PM
26210B,N,O,04/07/2026 01:49:59 PM
26211A,N,O,04/07/2026 04:23:17 PM
26211B,N,O,04/07/2026 04:14:47 PM
26212A,N,O,04/07/2026 04:52:48 PM
26212B,N,O,04/07/2026 04:43:19 PM
26213A,N,O,04/07/2026 04:50:18 PM
26213B,N,O,04/07/2026 05:15:32 PM
26214A,N,V,04/04/2026 09:25:33 PM
26214B,N,O,01/31/2026 05:17:43 PM
26215A,N,O,04/07/2026 04:50:05 PM
26215B,N,O,04/07/2026 02:04:43 PM
26216A,N,O,04/07/2026 04:58:16 PM
26216B,N,O,04/07/2026 01:18:11 PM
26217A,N,O,04/07/2026 04:48:03 PM
26217B,N,O,04/07/2026 05:25:40 PM
26218B,N,O,04/07/2026 08:56:43 AM
26219B,N,O,04/07/2026 08:55:45 AM
2621A,N,O,04/07/2026 04:21:37 PM
2621B,N,O,04/07/2026 08:59:01 AM
26220A,N,O,04/07/2026 11:09:16 AM
26220B,N,O,04/07/2026 03:13:44 PM
26221A,N,O,04/07/2026 08:58:51 AM
26221B,N,O,04/07/2026 03:40:11 PM
26222A,N,O,04/07/2026 05:02:06 PM
26222B,N,O,04/07/2026 08:57:43 AM
26223A,N,O,04/07/2026 05:08:46 PM
26225A,N,O,04/07/2026 05:20:42 PM
26225B,N,O,04/07/2026 03:36:56 PM
26226A,N,V,04/07/2026 05:35:38 PM
26226B,N,O,04/07/2026 05:23:11 PM
26227A,N,O,04/07/2026 03:56:26 PM
26227B,N,O,04/07/2026 11:29:58 AM
26228A,N,O,04/07/2026 04:40:25 PM
26228B,N,O,04/07/2026 03:32:53 PM
26229A,N,O,04/07/2026 05:06:11 PM
26229B,N,O,04/07/2026 01:13:17 PM
2622A,N,V,04/07/2026 05:34:08 PM
2622B,N,O,04/07/2026 08:57:43 AM
26230B,N,V,04/07/2026 05:13:12 PM
26231B,N,O,04/07/2026 09:10:33 AM
26232A,N,O,04/07/2026 10:07:43 AM
26232B,N,O,04/07/2026 04:01:22 PM
26233A,N,O,04/07/2026 08:56:42 AM
26233B,N,O,04/07/2026 10:08:59 AM
26234A,N,O,04/07/2026 09:36:09 AM
26234B,N,O,04/07/2026 10:08:36 AM
26235A,N,O,04/07/2026 05:01:42 PM
26235B,N,O,04/07/2026 05:36:31 PM
26236A,N,O,04/07/2026 09:55:55 AM
26236B,N,O,04/07/2026 10:05:12 AM
26237A,N,O,04/07/2026 03:46:36 PM
26237B,N,O,04/07/2026 04:17:19 PM
26238A,N,O,04/07/2026 04:12:10 PM
26238B,N,O,04/07/2026 05:14:17 PM
26239A,N,O,04/07/2026 04:32:09 PM
26239B,N,O,04/07/2026 04:23:50 PM
2623A,N,O,04/07/2026 05:35:27 PM
2623B,N,O,04/07/2026 12:05:09 PM
26240A,N,O,04/07/2026 03:23:15 PM
26240B,N,O,04/07/2026 02:44:42 PM
26241A,N,O,04/07/2026 05:29:17 PM
26241B,N,O,04/07/2026 04:30:41 PM
26245A,N,O,04/07/2026 10:30:32 AM
26246A,N,O,04/07/2026 04:48:11 PM
26248A,N,O,04/07/2026 08:56:46 AM
26248B,N,O,04/07/2026 11:14:29 AM
26249A,N,O,04/07/2026 08:55:47 AM
26249B,N,O,04/07/2026 04:46:29 PM
2624A,N,V,04/07/2026 11:30:10 AM
2624B,N,O,04/07/2026 05:00:20 PM
26251A,N,O,04/07/2026 08:58:44 AM
26251B,N,O,04/07/2026 08:58:44 AM
26252A,N,O,04/07/2026 04:59:13 PM
26252B,N,O,04/07/2026 05:20:16 PM
26253A,N,V,04/07/2026 05:36:05 PM
26253B,N,O,04/07/2026 05:32:50 PM
26254A,N,O,04/07/2026 05:32:59 PM
26254B,N,O,04/07/2026 05:24:55 PM
26255A,N,O,04/07/2026 05:15:13 PM
26255B,N,O,04/07/2026 04:15:17 PM
26256A,N,O,04/07/2026 05:35:26 PM
26256B,N,O,04/07/2026 12:19:13 PM
26257A,N,V,04/07/2026 05:29:38 PM
26257B,N,O,04/07/2026 05:23:38 PM
26258A,N,O,04/07/2026 01:21:52 PM
26258B,N,O,04/07/2026 09:58:51 AM
26259A,N,O,04/07/2026 05:16:26 PM
26259B,N,O,04/07/2026 08:55:52 AM
2625A,N,O,04/07/2026 08:59:50 AM
2625B,N,O,04/07/2026 08:59:42 AM
26260A,N,O,04/07/2026 04:22:04 PM
26260B,N,O,04/07/2026 05:36:13 PM
26261A,N,O,04/07/2026 08:58:44 AM
26261B,N,O,04/07/2026 05:27:33 PM
26262A,N,O,04/07/2026 08:57:47 AM
26262B,N,O,04/07/2026 02:00:35 PM
26263A,N,O,04/07/2026 04:27:56 PM
26263B,N,O,04/07/2026 05:23:09 PM
26264A,N,O,04/07/2026 04:08:56 PM
26264B,N,O,04/07/2026 05:15:02 PM
26265A,N,O,04/07/2026 05:24:44 PM
26265B,N,O,04/07/2026 04:08:00 PM
26266A,N,O,04/07/2026 05:26:49 PM
26266B,N,O,04/07/2026 05:30:37 PM
26268A,N,V,04/07/2026 04:31:08 PM
26268B,N,O,04/07/2026 12:48:15 PM
26269A,N,O,04/07/2026 05:01:59 PM
26269B,N,O,04/07/2026 04:21:26 PM
2626A,N,V,04/07/2026 05:33:23 PM
2626B,N,V,04/07/2026 05:20:56 PM
26270A,N,O,04/07/2026 04:37:49 PM
26270B,N,O,04/07/2026 03:45:56 PM
26271A,N,O,04/07/2026 04:39:49 PM
26271B,N,O,04/07/2026 04:47:38 PM
26272A,N,O,04/07/2026 08:57:52 AM
26272B,N,O,04/07/2026 04:58:04 PM
26273A,N,O,04/07/2026 03:05:15 PM
26273B,N,O,04/07/2026 02:59:59 PM
26274A,N,O,04/07/2026 04:24:32 PM
26274B,N,O,04/07/2026 05:15:22 PM
26275A,N,O,04/07/2026 04:27:12 PM
26275B,N,O,04/07/2026 04:38:41 PM
26276A,N,V,04/07/2026 12:19:56 PM
26276B,N,O,04/07/2026 09:59:28 AM
26277A,N,O,04/07/2026 08:57:53 AM
26277B,N,O,04/07/2026 08:57:53 AM
26278A,N,O,04/07/2026 01:00:25 PM
26278B,N,O,04/07/2026 08:56:52 AM
26279A,N,O,04/07/2026 01:12:06 PM
26279B,N,O,04/07/2026 05:31:55 PM
2627A,N,O,04/07/2026 05:29:50 PM
2627B,N,O,04/07/2026 05:22:10 PM
26280A,N,O,04/07/2026 03:14:50 PM
26280B,N,O,04/07/2026 05:16:06 PM
26281A,N,O,04/07/2026 08:58:53 AM
26282A,N,O,04/07/2026 04:26:25 PM
26282B,N,O,04/07/2026 04:58:58 PM
26283A,N,O,04/07/2026 05:19:48 PM
26283B,N,O,04/07/2026 03:32:43 PM
26284A,N,O,04/07/2026 04:07:59 PM
26284B,N,O,04/07/2026 04:10:07 PM
26287A,N,O,04/07/2026 11:38:18 AM
26287B,N,O,04/07/2026 08:57:50 AM
26288A,N,O,04/07/2026 05:23:05 PM
26288B,N,O,04/07/2026 03:10:03 PM
26289A,N,O,04/07/2026 05:22:19 PM
26289B,N,O,04/07/2026 08:56:07 AM
26290A,N,O,04/07/2026 12:46:27 PM
26290B,N,O,04/07/2026 08:59:50 AM
26291A,N,O,04/07/2026 08:58:48 AM
26291B,N,O,04/07/2026 08:58:48 AM
26292A,N,O,04/07/2026 04:16:35 PM
26292B,N,O,04/07/2026 09:34:33 AM
26293A,N,O,04/07/2026 08:56:47 AM
26293B,N,O,04/07/2026 08:56:47 AM
26294B,N,O,04/07/2026 08:55:54 AM
26295A,N,O,04/07/2026 09:00:16 AM
26296A,N,O,04/07/2026 09:26:06 AM
26301B,N,V,04/07/2026 05:35:58 PM
26302A,N,O,04/07/2026 05:19:42 PM
26302B,N,O,04/07/2026 04:36:59 PM
26303B,N,O,04/07/2026 03:29:19 PM
26304A,N,V,04/07/2026 03:39:33 PM
26304B,N,O,04/07/2026 05:34:49 PM
26305A,N,O,04/07/2026 03:11:03 PM
26306A,N,V,04/07/2026 03:09:53 PM
26306B,N,O,04/07/2026 02:25:29 PM
26307A,N,O,04/07/2026 05:27:21 PM
26307B,N,V,04/07/2026 01:03:04 PM
26308A,N,O,04/07/2026 03:55:52 PM
26308B,N,V,04/07/2026 03:56:44 PM
26309A,N,V,04/07/2026 03:50:09 PM
26309B,N,O,04/07/2026 04:03:09 PM
2630B,N,O,04/07/2026 04:23:07 PM
26310A,N,V,04/07/2026 12:17:45 PM
26310B,N,V,04/07/2026 12:45:18 PM
26311A,N,V,04/07/2026 05:16:49 PM
26312A,N,O,04/07/2026 02:01:34 PM
26312B,N,O,04/07/2026 08:57:54 AM
26313A,N,O,04/07/2026 04:09:51 PM
26313B,N,O,04/07/2026 08:56:44 AM
26314A,N,V,04/07/2026 12:52:02 PM
26314B,N,V,04/07/2026 05:03:27 PM
26315A,N,V,04/07/2026 01:22:11 PM
26315B,N,V,04/07/2026 12:00:08 PM
26316A,N,V,04/07/2026 02:26:04 PM
26316B,N,V,04/07/2026 12:00:51 PM
26317A,N,O,04/05/2026 05:42:44 PM
26317B,N,V,04/07/2026 12:52:33 PM
26318A,N,V,04/07/2026 02:05:45 PM
26318B,N,V,04/07/2026 12:53:46 PM
26319A,N,V,04/07/2026 02:05:41 PM
26319B,N,V,04/07/2026 02:53:09 PM
2631A,N,O,04/07/2026 04:33:15 PM
2631B,N,O,04/07/2026 05:34:19 PM
26320A,N,V,04/07/2026 12:52:57 PM
26320B,N,V,04/07/2026 02:57:54 PM
26321A,N,V,04/07/2026 02:56:45 PM
26321B,N,V,04/07/2026 02:56:53 PM
26322A,N,V,04/07/2026 09:36:33 AM
26322B,N,V,04/07/2026 04:33:05 PM
26323A,N,O,04/07/2026 12:15:10 PM
26323B,N,O,04/07/2026 05:21:44 PM
26324A,N,O,04/07/2026 12:37:40 PM
26325A,N,O,04/07/2026 05:10:49 PM
26325B,N,V,04/07/2026 03:07:10 PM
26327B,N,O,04/07/2026 08:57:46 AM
26328B,N,O,04/07/2026 08:56:45 AM
26329A,N,O,04/07/2026 08:55:47 AM
26329B,N,O,04/07/2026 08:55:47 AM
2632A,N,O,04/07/2026 03:35:27 PM
2632B,N,O,04/07/2026 12:02:22 PM
26330A,N,O,04/07/2026 05:36:12 PM
26330B,N,O,04/07/2026 08:59:45 AM
26331A,N,V,04/07/2026 04:44:42 PM
26331B,N,V,04/07/2026 03:50:20 PM
26332A,N,V,04/07/2026 05:07:31 PM
26332B,N,V,04/07/2026 10:13:23 AM
26333A,N,V,04/07/2026 01:52:37 PM
26333B,N,O,04/06/2026 09:20:43 PM
26334B,N,V,04/07/2026 05:32:57 PM
26335A,N,V,04/06/2026 11:48:35 AM
26335B,N,O,04/07/2026 02:00:50 PM
26336A,N,O,04/07/2026 05:03:43 PM
26336B,N,V,04/07/2026 05:12:03 PM
26337A,N,O,04/07/2026 08:57:45 AM
26337B,N,V,04/05/2026 01:48:39 PM
26338A,N,O,04/07/2026 05:08:11 PM
26338B,N,V,04/07/2026 01:26:40 PM
26339A,N,V,04/07/2026 02:00:01 PM
26339B,N,V,04/07/2026 11:28:24 AM
2633A,N,O,04/07/2026 03:01:42 PM
2633B,N,O,04/07/2026 03:31:26 PM
26340A,N,V,04/07/2026 04:49:13 PM
26340B,N,V,04/07/2026 03:30:44 PM
26341A,N,V,04/07/2026 03:06:31 PM
26341B,N,V,04/07/2026 01:59:14 PM
26342A,N,V,04/07/2026 03:22:55 PM
26342B,N,V,04/07/2026 05:36:36 PM
26343A,N,O,04/07/2026 08:57:03 AM
26343B,N,O,04/07/2026 02:38:00 PM
26344A,N,O,04/07/2026 08:55:47 AM
26344B,N,O,04/07/2026 08:55:47 AM
26345A,N,O,04/07/2026 08:59:47 AM
26345B,N,O,04/07/2026 08:59:47 AM
26346A,N,V,04/07/2026 03:18:53 PM
26346B,N,O,04/07/2026 08:58:51 AM
26347A,N,O,04/07/2026 08:57:51 AM
26347B,N,O,04/07/2026 08:57:51 AM
26348A,N,O,04/07/2026 08:57:13 AM
26348B,N,O,04/07/2026 08:56:53 AM
26349A,N,V,04/07/2026 10:06:39 AM
26349B,N,O,04/07/2026 08:55:48 AM
2634A,N,O,04/07/2026 04:19:20 PM
2634B,N,O,04/07/2026 04:41:16 PM
26350A,N,O,04/07/2026 05:28:11 PM
26350B,N,O,04/07/2026 08:59:48 AM
26351A,N,V,04/07/2026 04:56:25 PM
26351B,N,O,04/07/2026 04:04:42 PM
26352A,N,O,04/07/2026 04:00:56 PM
26352B,N,O,04/07/2026 05:20:04 PM
26353A,N,O,04/07/2026 02:25:04 PM
26353B,N,V,04/07/2026 03:04:47 PM
26356B,N,O,04/07/2026 05:24:14 PM
26357A,N,O,04/07/2026 05:33:16 PM
26357B,N,O,04/07/2026 05:27:17 PM
26358A,N,O,04/07/2026 04:58:14 PM
26358B,N,O,04/07/2026 09:18:55 AM
26359A,N,V,04/07/2026 05:32:34 PM
26359B,N,O,04/07/2026 08:55:49 AM
2635A,N,V,04/07/2026 12:57:09 PM
2635B,N,V,04/07/2026 05:14:41 PM
26360A,N,O,04/07/2026 05:30:18 PM
26360B,N,O,04/07/2026 08:59:51 AM
26361A,N,V,04/07/2026 05:36:11 PM
26361B,N,O,04/07/2026 08:58:49 AM
26362A,N,O,04/07/2026 08:57:43 AM
26362B,N,O,04/07/2026 08:57:43 AM
26363A,N,O,04/07/2026 08:56:48 AM
26363B,N,O,04/07/2026 08:56:55 AM
26364A,N,O,04/07/2026 08:55:47 AM
26364B,N,O,04/07/2026 08:55:47 AM
26365A,N,O,04/07/2026 08:59:57 AM
26365B,N,V,04/07/2026 12:26:11 PM
26366A,N,O,04/07/2026 08:58:39 AM
26366B,N,O,04/06/2026 08:58:37 AM
26367A,N,O,04/07/2026 11:04:02 AM
26367B,N,O,04/07/2026 04:41:41 PM
26368A,N,O,04/07/2026 03:08:30 PM
26368B,N,O,04/07/2026 04:27:28 PM
26369A,N,V,04/07/2026 04:29:10 PM
26369B,N,V,04/07/2026 04:33:04 PM
2636A,N,O,04/07/2026 04:28:48 PM
2636B,N,V,04/07/2026 05:33:28 PM
26370A,N,V,04/07/2026 04:33:04 PM
26370B,N,V,04/07/2026 04:10:24 PM
26372A,N,V,04/07/2026 04:35:41 PM
26372B,N,V,04/07/2026 05:36:43 PM
26373A,N,V,04/07/2026 05:24:25 PM
26373B,N,V,04/07/2026 05:34:43 PM
26374A,N,V,04/07/2026 05:25:25 PM
26374B,N,O,04/07/2026 05:10:48 PM
26375A,N,O,04/07/2026 04:51:04 PM
26375B,N,V,04/07/2026 05:24:30 PM
26376A,N,O,04/07/2026 04:50:25 PM
26376B,N,O,04/07/2026 04:13:08 PM
26377A,N,V,04/07/2026 05:05:30 PM
26377B,N,V,04/07/2026 05:19:38 PM
26378A,N,V,04/06/2026 09:28:55 PM
26378B,N,V,04/07/2026 03:07:02 PM
26379A,N,O,04/07/2026 03:25:18 PM
26379B,N,V,04/07/2026 04:20:36 PM
2637A,N,O,04/07/2026 04:58:19 PM
2637B,N,V,04/07/2026 05:20:12 PM
26380A,N,O,04/07/2026 05:27:18 PM
26380B,N,O,04/07/2026 05:28:30 PM
26381A,N,O,04/07/2026 03:56:21 PM
26381B,N,O,04/07/2026 03:39:30 PM
26382A,N,V,04/07/2026 04:18:47 PM
26382B,N,O,04/07/2026 05:12:02 PM
26383A,N,V,04/07/2026 03:46:40 PM
26383B,N,O,04/07/2026 03:44:31 PM
26384A,N,O,04/07/2026 08:55:52 AM
26384B,N,V,04/07/2026 04:45:07 PM
26385A,N,O,04/07/2026 08:59:49 AM
26385B,N,V,07/05/2025 06:01:42 PM
26387A,N,O,04/07/2026 08:57:39 AM
26387B,N,O,04/07/2026 08:57:39 AM
26388A,N,O,04/07/2026 08:56:45 AM
26388B,N,O,04/07/2026 08:56:45 AM
26389A,N,O,04/07/2026 08:55:49 AM
26389B,N,O,04/07/2026 01:43:43 PM
2638A,N,V,04/07/2026 05:35:41 PM
2638B,N,O,04/07/2026 03:56:17 PM
26390A,N,O,04/07/2026 08:59:47 AM
26390B,N,O,04/07/2026 08:59:47 AM
26391A,N,O,04/07/2026 08:58:43 AM
26391B,N,O,04/07/2026 08:58:47 AM
26392A,N,O,04/07/2026 08:57:51 AM
26392B,N,O,04/07/2026 02:21:58 PM
26393A,N,O,04/07/2026 08:56:51 AM
26393B,N,O,04/07/2026 08:56:51 AM
26394A,N,O,04/07/2026 08:55:58 AM
26394B,N,O,04/07/2026 08:55:51 AM
26395A,N,O,04/07/2026 01:34:54 PM
26395B,N,O,04/06/2026 08:59:49 AM
26397A,N,O,04/07/2026 01:40:05 PM
26397B,N,O,04/07/2026 08:57:48 AM
26398A,N,O,04/07/2026 08:56:44 AM
26399A,N,V,04/07/2026 05:35:52 PM
26399B,N,V,04/07/2026 05:29:10 PM
26400A,N,V,04/07/2026 05:19:18 PM
26400B,N,V,04/07/2026 05:15:53 PM
26403A,N,O,04/07/2026 05:01:20 PM
26403B,N,V,04/07/2026 05:33:46 PM
26404A,N,O,04/07/2026 02:52:53 PM
26404B,N,O,04/07/2026 05:27:15 PM
26405A,N,V,04/07/2026 03:25:31 PM
26405B,N,V,04/07/2026 12:16:54 PM
26406A,N,O,04/07/2026 08:58:44 AM
26406B,N,V,04/07/2026 09:50:31 AM
26407A,N,V,04/07/2026 03:36:52 PM
26407B,N,V,04/07/2026 09:17:01 AM
26408A,N,V,04/07/2026 03:27:29 PM
26408B,N,V,04/07/2026 02:35:13 PM
26409B,N,V,04/07/2026 03:38:14 PM
2640A,N,V,04/07/2026 05:22:13 PM
2640B,N,O,04/07/2026 08:59:51 AM
26410A,N,O,04/07/2026 04:59:43 PM
26410B,N,O,04/07/2026 03:29:49 PM
26411A,N,V,04/07/2026 04:36:53 PM
26411B,N,O,04/07/2026 05:23:53 PM
26412A,N,V,04/07/2026 03:48:09 PM
26412B,N,V,04/07/2026 02:56:54 PM
26413A,N,V,04/07/2026 05:34:21 PM
26413B,N,V,04/07/2026 01:55:00 PM
26414A,N,V,04/07/2026 05:10:07 PM
26414B,N,V,04/07/2026 03:31:15 PM
26415A,N,V,04/07/2026 04:21:46 PM
26415B,N,O,04/07/2026 04:17:50 PM
26416A,N,O,04/07/2026 05:31:21 PM
26416B,N,V,04/07/2026 02:32:25 PM
26417A,N,O,04/07/2026 03:17:43 PM
26417B,N,V,04/07/2026 10:07:26 AM
26418A,N,V,04/07/2026 02:20:24 PM
26418B,N,O,04/07/2026 05:13:35 PM
26419A,N,V,04/07/2026 11:01:09 AM
26419B,N,V,04/07/2026 02:28:10 PM
2641A,N,O,04/07/2026 05:19:05 PM
26420A,N,O,04/07/2026 12:51:55 PM
26420B,N,V,04/07/2026 11:45:38 AM
26421A,N,V,04/07/2026 10:52:25 AM
26421B,N,O,04/07/2026 08:58:44 AM
26422A,N,V,04/07/2026 11:25:32 AM
26422B,N,V,04/07/2026 03:20:22 PM
26423A,N,O,04/07/2026 03:16:19 PM
26423B,N,V,04/07/2026 02:01:24 PM
26424A,N,V,04/07/2026 10:24:33 AM
26424B,N,V,04/07/2026 03:26:31 PM
26425A,N,V,04/07/2026 01:43:12 PM
26425B,N,O,04/07/2026 12:16:37 PM
26426A,N,V,04/07/2026 05:36:20 PM
26426B,N,O,04/07/2026 05:02:08 PM
26427A,N,O,04/07/2026 08:57:49 AM
26427B,N,O,04/07/2026 04:19:16 PM
26428A,N,O,04/07/2026 04:59:02 PM
26428B,N,O,04/07/2026 08:56:47 AM
26429A,N,O,04/07/2026 11:47:52 AM
26429B,N,O,04/07/2026 08:55:50 AM
2642A,N,V,04/07/2026 05:29:42 PM
2642B,N,O,04/07/2026 01:29:21 PM
26430A,N,O,04/07/2026 02:07:02 PM
26430B,N,O,04/07/2026 02:42:39 PM
26431A,N,O,04/07/2026 08:58:43 AM
26431B,N,O,04/07/2026 08:58:43 AM
26432A,N,O,04/07/2026 04:08:40 PM
26432B,N,O,04/07/2026 03:59:52 PM
26433A,N,O,04/07/2026 04:58:16 PM
26433B,N,O,04/07/2026 03:51:08 PM
26434A,N,O,04/07/2026 12:53:57 PM
26434B,N,O,04/07/2026 12:53:57 PM
26435A,N,O,04/07/2026 12:50:48 PM
26435B,N,O,04/07/2026 05:14:24 PM
26436A,N,O,04/07/2026 08:58:52 AM
26436B,N,O,04/07/2026 04:31:44 PM
26437B,N,V,04/07/2026 10:01:03 AM
26438A,N,V,04/07/2026 05:34:39 PM
26438B,N,V,04/07/2026 02:46:09 PM
26439A,N,V,04/07/2026 02:08:09 PM
26439B,N,V,04/07/2026 12:06:48 PM
2643A,N,V,04/07/2026 04:04:43 PM
2643B,N,O,04/07/2026 05:36:19 PM
26440A,N,V,04/07/2026 04:31:52 PM
26440B,N,O,04/07/2026 04:30:56 PM
26441A,N,V,04/07/2026 04:14:40 PM
26441B,N,V,04/06/2026 09:07:20 PM
26442B,N,O,04/07/2026 09:46:22 AM
26443A,N,V,04/07/2026 12:05:40 PM
26443B,N,V,04/07/2026 03:12:30 PM
26444A,N,V,04/07/2026 09:20:18 AM
26444B,N,O,04/07/2026 12:52:43 PM
26445A,N,O,04/07/2026 08:59:52 AM
26445B,N,O,04/07/2026 03:47:33 PM
26446A,N,V,04/06/2026 09:59:15 PM
26446B,N,V,04/07/2026 11:22:07 AM
26447A,N,O,04/07/2026 05:25:46 PM
26447B,N,O,04/07/2026 01:23:38 PM
26448A,N,V,04/07/2026 04:33:07 PM
26448B,N,O,04/07/2026 04:17:29 PM
26449A,N,O,04/07/2026 05:29:04 PM
26449B,N,V,04/07/2026 12:58:27 PM
2644A,N,V,04/07/2026 05:36:15 PM
2644B,N,V,04/07/2026 04:28:56 PM
26450A,N,O,04/06/2026 05:27:39 PM
26450B,N,O,04/07/2026 05:20:05 PM
26451A,N,O,04/07/2026 05:36:04 PM
26451B,N,O,04/07/2026 08:58:52 AM
26452B,N,O,04/07/2026 02:58:35 PM
26453A,N,V,04/07/2026 05:34:47 PM
26453B,N,V,04/07/2026 05:34:58 PM
26454A,N,V,04/07/2026 04:04:34 PM
26454B,N,V,04/07/2026 04:32:20 PM
26455A,N,V,04/07/2026 03:50:06 PM
26455B,N,V,04/07/2026 09:58:22 AM
26456A,N,V,04/07/2026 05:14:17 PM
26456B,N,V,04/07/2026 01:30:29 PM
26457A,N,V,04/07/2026 03:45:15 PM
26457B,N,O,04/07/2026 04:31:52 PM
26458B,N,O,04/07/2026 10:52:53 AM
26459A,N,O,04/07/2026 12:18:30 PM
26459B,N,O,04/07/2026 05:20:03 PM
2645A,N,O,04/07/2026 08:59:45 AM
2645B,N,O,04/07/2026 05:36:42 PM
26460A,N,O,04/07/2026 04:14:46 PM
26460B,N,V,04/07/2026 05:24:19 PM
26461A,N,V,04/07/2026 04:49:33 PM
26461B,N,V,04/07/2026 03:51:34 PM
26462A,N,O,04/07/2026 08:57:43 AM
26462B,N,V,04/07/2026 04:49:48 PM
26463A,N,O,04/07/2026 05:35:20 PM
26464A,N,O,04/07/2026 04:35:24 PM
26464B,N,V,04/07/2026 04:53:08 PM
26465A,N,V,04/07/2026 05:27:20 PM
26465B,N,V,04/07/2026 05:36:15 PM
26466A,N,V,04/07/2026 05:36:39 PM
26466B,N,V,04/07/2026 05:35:46 PM
26467A,N,V,04/07/2026 05:36:26 PM
26467B,N,V,04/07/2026 05:36:11 PM
2646A,N,O,04/07/2026 05:36:38 PM
2646B,N,V,04/07/2026 05:15:03 PM
26471B,N,O,04/07/2026 08:58:45 AM
26472B,N,O,04/07/2026 08:57:45 AM
26474A,N,O,04/07/2026 03:47:15 PM
26474B,N,V,04/07/2026 03:48:27 PM
26475A,N,O,04/07/2026 02:31:18 PM
26475B,N,V,04/07/2026 03:48:28 PM
26476A,N,V,04/07/2026 10:45:51 AM
26476B,N,V,04/07/2026 10:45:28 AM
26477A,N,V,04/07/2026 05:33:28 PM
26477B,N,V,04/07/2026 05:33:31 PM
26478A,N,V,04/07/2026 05:09:24 PM
26478B,N,O,04/07/2026 05:00:35 PM
26479A,N,O,04/07/2026 05:25:31 PM
26479B,N,V,04/07/2026 05:00:06 PM
2647A,N,V,04/07/2026 04:07:13 PM
2647B,N,V,04/07/2026 03:48:36 PM
26480A,N,V,04/07/2026 05:36:47 PM
26480B,N,O,04/07/2026 08:59:34 AM
26481B,N,V,04/07/2026 04:32:10 PM
26482A,N,V,04/07/2026 09:54:03 AM
26482B,N,O,04/07/2026 03:16:04 PM
26483A,N,O,04/07/2026 04:04:23 PM
26483B,N,V,04/07/2026 02:48:03 PM
26484A,N,V,04/07/2026 04:19:19 PM
26484B,N,O,04/07/2026 05:24:48 PM
26485A,N,O,04/07/2026 03:35:32 PM
26485B,N,V,04/07/2026 03:37:30 PM
26486A,N,V,04/07/2026 04:29:48 PM
26486B,N,V,04/07/2026 04:53:43 PM
26487B,N,V,04/07/2026 04:25:50 PM
26488A,N,V,04/07/2026 11:39:09 AM
26488B,N,O,04/07/2026 05:33:27 PM
26489A,N,V,04/07/2026 02:33:20 PM
26489B,N,V,04/07/2026 10:31:54 AM
2648A,N,V,04/07/2026 05:10:48 PM
2648B,N,V,04/07/2026 05:08:54 PM
26490A,N,V,04/07/2026 05:15:29 PM
26490B,N,V,04/07/2026 04:26:53 PM
26491A,N,V,04/07/2026 05:03:11 PM
26491B,N,V,04/07/2026 05:30:43 PM
26492A,N,V,04/07/2026 03:26:37 PM
26492B,N,O,04/07/2026 02:50:32 PM
26495A,N,O,04/06/2026 08:59:54 AM
26495B,N,O,04/07/2026 08:59:53 AM
26496A,N,O,04/07/2026 05:31:30 PM
26496B,N,V,04/07/2026 05:33:23 PM
26497A,N,O,04/07/2026 08:57:45 AM
26498A,N,V,04/07/2026 04:30:33 PM
26498B,N,V,04/07/2026 04:41:02 PM
26499A,N,V,04/07/2026 05:17:28 PM
26499B,N,V,04/07/2026 04:38:18 PM
2649A,N,V,04/07/2026 05:02:57 PM
2649B,N,O,04/07/2026 04:55:00 PM
26500A,N,V,04/07/2026 02:32:52 PM
26500B,N,V,04/07/2026 04:40:18 PM
26501A,N,V,04/07/2026 04:49:21 PM
26501B,N,V,04/07/2026 04:20:18 PM
26502A,N,V,04/05/2026 07:40:46 PM
26502B,N,O,04/07/2026 04:31:38 PM
26503A,N,V,04/07/2026 03:56:35 PM
26503B,N,V,04/07/2026 05:36:32 PM
26504A,N,V,04/07/2026 12:52:25 PM
26504B,N,V,04/06/2026 06:47:55 PM
26505A,N,V,04/07/2026 04:55:45 PM
26506A,N,V,04/07/2026 09:33:32 AM
26507A,N,V,04/07/2026 10:10:26 AM
26507B,N,V,04/07/2026 11:55:25 AM
26508A,N,V,04/07/2026 05:10:34 PM
26508B,N,V,04/07/2026 05:10:34 PM
26509A,N,V,04/07/2026 04:44:38 PM
26509B,N,V,04/07/2026 10:58:21 AM
2650A,N,V,04/07/2026 05:36:15 PM
2650B,N,V,04/07/2026 04:20:44 PM
26510A,N,V,04/07/2026 02:12:09 PM
26510B,N,V,04/07/2026 03:10:45 PM
26511A,N,V,04/07/2026 05:19:43 PM
26511B,N,V,04/07/2026 03:24:02 PM
26512A,N,V,04/07/2026 03:26:36 PM
26512B,N,V,04/07/2026 02:14:54 PM
26513A,N,O,04/07/2026 05:28:39 PM
26513B,N,V,04/07/2026 03:26:41 PM
26514A,N,O,04/07/2026 04:27:30 PM
26514B,N,V,04/07/2026 05:35:53 PM
26515A,N,V,04/07/2026 03:54:55 PM
26515B,N,V,04/07/2026 11:15:43 AM
26516A,N,O,04/07/2026 04:44:55 PM
26516B,N,V,04/07/2026 05:35:37 PM
26517B,N,O,04/07/2026 05:26:14 PM
26518A,N,V,07/26/2025 12:10:32 PM
26518B,N,V,04/07/2026 02:11:09 PM
26519A,N,O,04/07/2026 08:55:45 AM
26519B,N,V,04/07/2026 09:44:58 AM
2651A,N,V,01/12/2026 03:30:58 PM
2651B,N,O,04/07/2026 06:58:49 AM
26520A,N,V,04/07/2026 12:21:23 PM
26520B,N,O,04/07/2026 08:59:55 AM
26521A,N,V,04/07/2026 05:36:15 PM
26521B,N,O,04/07/2026 04:56:12 PM
26522A,N,V,04/07/2026 04:33:36 PM
26522B,N,O,04/07/2026 04:43:19 PM
26523A,N,V,04/07/2026 04:56:05 PM
26523B,N,O,04/07/2026 10:09:12 AM
26524A,N,O,04/07/2026 08:55:43 AM
26524B,N,V,04/07/2026 05:06:04 PM
26525A,N,V,04/07/2026 04:56:05 PM
26525B,N,O,04/07/2026 05:26:44 PM
26526A,N,V,04/07/2026 09:29:39 AM
26526B,N,O,04/07/2026 03:42:19 PM
26527A,N,V,04/07/2026 04:35:58 PM
26527B,N,V,04/07/2026 04:36:02 PM
26528B,N,V,04/07/2026 04:58:01 PM
26529A,N,O,04/07/2026 09:45:22 AM
26529B,N,V,04/07/2026 02:48:14 PM
2652A,N,O,04/07/2026 06:57:46 AM
2652B,N,O,04/07/2026 04:42:07 PM
26530A,N,V,04/07/2026 11:08:46 AM
26530B,N,O,04/07/2026 01:49:23 PM
26531A,N,O,04/07/2026 08:58:57 AM
26531B,N,O,04/07/2026 02:37:40 PM
26532A,N,O,04/07/2026 08:57:50 AM
26532B,N,O,04/07/2026 05:02:12 PM
26533A,N,O,04/07/2026 05:35:35 PM
26533B,N,O,04/07/2026 05:35:35 PM
26534A,N,O,04/07/2026 05:35:10 PM
26534B,N,V,04/07/2026 04:26:23 PM
26535A,N,O,04/07/2026 04:24:55 PM
26535B,N,V,04/07/2026 04:15:12 PM
26536A,N,O,04/07/2026 04:41:06 PM
26536B,N,V,04/07/2026 03:30:18 PM
26537A,N,O,04/07/2026 12:47:15 PM
26537B,N,V,04/07/2026 05:08:07 PM
26538A,N,O,04/07/2026 08:56:47 AM
26538B,N,V,04/07/2026 11:28:59 AM
26539A,N,V,04/07/2026 03:29:42 PM
26539B,N,O,04/07/2026 04:24:18 PM
2653A,N,O,04/07/2026 09:04:05 AM
2653B,N,O,04/07/2026 09:05:35 AM
26540A,N,V,04/07/2026 05:08:10 PM
26540B,N,O,04/07/2026 03:54:18 PM
26541A,N,O,04/07/2026 03:01:50 PM
26541B,N,V,04/07/2026 04:26:50 PM
26542A,N,O,04/07/2026 05:36:39 PM
26542B,N,O,04/07/2026 02:52:43 PM
26543A,N,O,04/07/2026 01:33:52 PM
26543B,N,V,04/07/2026 04:44:12 PM
26544A,N,V,04/07/2026 05:34:04 PM
26544B,N,O,04/07/2026 10:28:05 AM
26545B,N,O,04/07/2026 12:25:44 PM
26546B,N,V,04/07/2026 05:36:23 PM
26547A,N,O,04/07/2026 05:04:23 PM
26547B,N,O,04/07/2026 03:06:51 PM
26548A,N,O,04/07/2026 03:42:54 PM
26548B,N,O,04/07/2026 04:09:04 PM
26549A,N,V,04/07/2026 02:59:22 PM
26549B,N,O,04/07/2026 04:53:38 PM
2654A,N,O,04/07/2026 06:55:51 AM
2654B,N,O,04/07/2026 06:55:51 AM
26555A,N,O,04/07/2026 08:59:44 AM
26555B,N,V,04/07/2026 05:35:49 PM
26556A,N,O,04/07/2026 04:13:31 PM
26556B,N,O,04/07/2026 04:17:56 PM
26557A,N,O,04/07/2026 05:28:31 PM
26557B,N,O,04/07/2026 02:38:58 PM
26558A,NU,O,04/07/2026 12:39:43 PM
26558B,NU,O,04/07/2026 12:39:43 PM
26559A,N,O,04/07/2026 01:10:04 PM
26559B,N,O,04/07/2026 05:13:20 PM
2655A,N,O,04/07/2026 03:28:05 PM
2655B,N,O,04/07/2026 02:39:26 PM
26560A,N,O,04/07/2026 04:36:46 PM
26560B,N,O,04/07/2026 04:40:02 PM
26561A,N,O,04/07/2026 02:35:31 PM
26561B,N,O,04/07/2026 03:01:03 PM
26562A,N,O,04/07/2026 04:54:23 PM
26562B,N,O,04/07/2026 04:52:48 PM
26563A,N,O,04/07/2026 05:35:41 PM
26563B,N,O,04/07/2026 03:28:58 PM
26564A,N,O,04/07/2026 04:26:37 PM
26564B,N,V,04/07/2026 05:35:56 PM
26565A,N,O,04/07/2026 11:58:25 AM
26565B,N,O,04/07/2026 01:18:35 PM
26566A,N,O,04/07/2026 04:41:32 PM
26566B,N,O,04/07/2026 04:05:51 PM
26567A,N,O,04/07/2026 04:43:26 PM
26567B,N,O,04/07/2026 03:38:14 PM
26568A,N,O,04/07/2026 04:37:05 PM
26568B,N,O,04/07/2026 05:36:31 PM
26569A,N,O,04/07/2026 03:34:21 PM
26569B,N,O,04/07/2026 04:36:12 PM
2656A,N,O,04/07/2026 06:58:48 AM
2656B,N,O,04/07/2026 06:58:52 AM
26570A,N,V,04/07/2026 05:28:13 PM
26571A,N,V,04/07/2026 04:47:03 PM
26571B,N,V,04/07/2026 04:17:41 PM
26572A,N,O,04/07/2026 05:08:08 PM
26572B,N,V,04/07/2026 05:36:33 PM
26573B,N,O,04/07/2026 04:58:46 PM
26574A,N,V,04/07/2026 05:30:06 PM
26574B,N,O,04/07/2026 05:33:15 PM
26575A,N,O,04/07/2026 03:05:28 PM
26575B,N,O,04/07/2026 12:01:32 PM
26576A,N,O,04/07/2026 03:50:16 PM
26576B,N,V,04/07/2026 05:34:54 PM
26577A,N,O,04/07/2026 02:25:02 PM
26578A,N,O,04/07/2026 02:53:14 PM
26578B,N,O,04/07/2026 05:01:54 PM
26579A,N,O,04/07/2026 05:04:44 PM
26579B,N,O,04/07/2026 05:32:00 PM
2657A,N,O,04/07/2026 06:57:50 AM
26580A,N,V,04/07/2026 05:33:56 PM
26580B,N,O,04/07/2026 02:18:47 PM
26581A,N,O,04/07/2026 04:53:48 PM
26581B,N,O,04/07/2026 10:11:47 AM
26582A,N,O,04/07/2026 10:10:54 AM
26582B,N,O,04/07/2026 08:57:48 AM
26583A,N,O,04/07/2026 05:18:32 PM
26583B,N,O,04/07/2026 04:49:40 PM
26584A,N,O,04/07/2026 04:20:30 PM
26584B,N,O,04/07/2026 03:47:41 PM
26585A,N,O,04/07/2026 01:01:21 PM
26585B,N,O,04/07/2026 02:57:56 PM
26586A,N,O,04/07/2026 04:28:11 PM
26586B,N,O,04/07/2026 04:37:43 PM
26587A,N,O,04/07/2026 02:21:50 PM
26587B,N,O,04/07/2026 04:11:54 PM
26588A,N,V,04/07/2026 05:18:55 PM
26588B,N,O,04/07/2026 02:39:49 PM
26589A,N,O,04/07/2026 04:15:13 PM
26589B,N,O,04/07/2026 05:07:07 PM
26590A,N,O,04/07/2026 03:01:46 PM
26590B,N,O,04/07/2026 05:33:34 PM
26591B,N,O,04/07/2026 05:05:55 PM
26592A,N,O,04/07/2026 04:14:28 PM
26593A,N,O,04/07/2026 05:07:29 PM
26593B,N,O,04/07/2026 04:51:53 PM
26594A,N,O,04/07/2026 05:30:39 PM
26594B,N,O,04/07/2026 04:29:20 PM
26595A,N,V,04/07/2026 05:23:00 PM
26595B,N,O,04/07/2026 03:27:31 PM
26596A,N,O,04/07/2026 05:14:37 PM
26596B,N,O,04/07/2026 05:35:30 PM
26597A,N,O,04/07/2026 05:18:13 PM
26597B,N,O,04/07/2026 02:30:16 PM
26598A,N,O,04/07/2026 04:05:09 PM
26598B,N,O,04/07/2026 05:26:36 PM
26599A,N,O,04/07/2026 01:19:23 PM
26599B,N,O,04/07/2026 04:18:36 PM
26600A,N,V,04/07/2026 05:22:16 PM
26600B,N,O,04/07/2026 02:40:38 PM
26601A,N,O,04/07/2026 04:21:19 PM
26601B,N,O,04/07/2026 05:04:40 PM
26602A,N,O,04/07/2026 03:28:31 PM
26602B,N,O,04/07/2026 04:09:44 PM
26603A,N,O,04/07/2026 12:59:27 PM
26603B,N,O,04/07/2026 04:43:14 PM
26604A,N,O,04/07/2026 04:49:04 PM
26604B,N,V,04/07/2026 05:24:05 PM
26605A,N,O,04/07/2026 04:20:52 PM
26605B,N,O,04/07/2026 01:56:32 PM
26606A,N,V,04/07/2026 05:34:14 PM
26606B,N,O,04/07/2026 03:11:03 PM
26607A,N,O,04/07/2026 04:51:56 PM
26607B,N,O,04/07/2026 04:54:06 PM
26608A,N,O,04/07/2026 04:56:50 PM
26608B,N,O,04/07/2026 05:11:14 PM
26609B,N,O,04/07/2026 05:18:32 PM
26610A,N,V,04/07/2026 05:29:46 PM
26610B,N,V,04/07/2026 05:28:34 PM
26611A,N,O,04/07/2026 03:30:37 PM
26611B,N,V,04/07/2026 05:36:24 PM
26612A,N,V,04/07/2026 04:53:11 PM
26612B,N,V,04/07/2026 05:30:28 PM
26613A,N,O,04/07/2026 05:21:52 PM
26613B,N,O,04/07/2026 02:47:12 PM
26614A,N,O,04/07/2026 04:35:28 PM
26614B,N,O,04/07/2026 02:24:52 PM
26615A,N,O,04/07/2026 05:28:46 PM
26615B,N,V,04/07/2026 05:22:10 PM
26616A,N,V,04/07/2026 05:00:01 PM
26616B,N,V,04/07/2026 04:50:57 PM
26617A,N,V,04/07/2026 05:32:35 PM
26617B,N,O,04/07/2026 04:51:50 PM
26618B,N,V,04/07/2026 05:30:48 PM
26619A,N,V,04/07/2026 04:10:25 PM
26620A,N,V,04/07/2026 05:34:37 PM
26620B,N,V,04/07/2026 04:08:03 PM
26621A,N,V,04/07/2026 04:26:47 PM
26621B,N,V,04/07/2026 03:56:21 PM
26622B,N,V,04/07/2026 04:19:33 PM
26623A,N,O,04/07/2026 10:01:01 AM
26624A,N,V,04/07/2026 05:00:59 PM
26624B,N,V,04/07/2026 04:09:20 PM
26625A,N,O,04/07/2026 02:12:17 PM
26625B,N,V,04/07/2026 05:11:58 PM
26626A,N,V,04/07/2026 05:04:31 PM
26626B,N,V,04/07/2026 05:03:21 PM
26627A,N,O,04/07/2026 05:09:14 PM
26627B,N,O,04/07/2026 05:32:06 PM
26628A,N,V,04/07/2026 04:19:46 PM
26629A,N,V,04/07/2026 04:48:21 PM
26629B,N,O,04/07/2026 05:35:18 PM
26630A,N,O,04/07/2026 05:10:05 PM
26630B,N,V,04/07/2026 12:40:51 PM
26631A,N,O,04/07/2026 08:58:46 AM
26631B,N,V,04/07/2026 04:20:27 PM
26632A,N,V,04/07/2026 04:12:06 PM
26632B,N,V,04/07/2026 03:43:30 PM
26633A,N,O,04/07/2026 04:03:11 PM
26633B,N,V,04/07/2026 03:11:33 PM
26634A,N,O,04/07/2026 02:55:35 PM
26634B,N,O,04/07/2026 08:55:43 AM
26635B,N,V,04/07/2026 03:19:31 PM
26636A,N,V,04/07/2026 10:34:25 AM
26636B,N,O,04/07/2026 08:58:56 AM
26637A,N,O,04/07/2026 03:31:16 PM
26637B,N,V,04/06/2026 04:36:49 PM
26638A,N,V,04/07/2026 05:02:55 PM
26639A,N,V,04/07/2026 04:50:25 PM
26639B,N,V,04/07/2026 05:04:41 PM
26640A,N,O,04/07/2026 08:59:52 AM
26640B,N,O,04/07/2026 08:59:52 AM
26641A,N,O,04/07/2026 08:58:45 AM
26641B,N,O,04/07/2026 09:54:44 AM
26642A,N,O,04/07/2026 08:57:47 AM
26642B,N,O,04/07/2026 04:03:28 PM
26643A,N,O,04/07/2026 05:33:54 PM
26643B,N,O,04/07/2026 05:06:17 PM
26644A,N,V,04/07/2026 05:29:08 PM
26644B,N,V,04/07/2026 05:15:07 PM
26645A,N,O,04/07/2026 09:52:01 AM
26645B,N,V,04/07/2026 05:33:47 PM
26646A,N,O,04/07/2026 03:08:44 PM
26646B,N,V,04/07/2026 04:06:21 PM
26647A,N,V,04/07/2026 03:07:00 PM
26647B,N,O,04/07/2026 03:14:14 PM
26648A,N,O,04/07/2026 08:56:43 AM
26648B,N,V,04/07/2026 03:51:42 PM
26649B,N,V,04/07/2026 03:31:08 PM
26650A,N,V,04/07/2026 05:35:57 PM
26651A,N,O,04/07/2026 08:58:47 AM
26651B,N,O,04/07/2026 08:58:47 AM
26652A,N,O,04/07/2026 08:57:52 AM
26652B,N,O,04/07/2026 08:58:20 AM
26653A,N,V,04/06/2026 11:59:21 AM
26653B,N,V,04/06/2026 10:02:00 AM
26654A,N,O,04/07/2026 02:49:06 PM
26654B,N,V,04/07/2026 02:17:39 PM
26655A,N,V,04/05/2026 07:21:06 PM
26655B,N,V,04/05/2026 03:53:56 PM
26656B,N,V,04/04/2026 03:53:28 PM
26657A,N,V,04/07/2026 05:15:13 PM
26657B,N,O,04/07/2026 05:26:39 PM
26658A,N,V,04/07/2026 04:26:34 PM
26658B,N,V,04/07/2026 04:21:39 PM
26659A,N,V,04/07/2026 03:32:09 PM
26659B,N,V,04/07/2026 04:17:38 PM
26660A,N,V,04/07/2026 03:20:32 PM
26660B,N,V,04/07/2026 03:02:03 PM
26661A,N,V,04/07/2026 04:29:51 PM
26661B,N,V,04/07/2026 12:46:46 PM
26662A,N,V,04/07/2026 03:38:13 PM
26662B,N,V,04/07/2026 05:20:22 PM
26663A,N,O,04/07/2026 08:56:53 AM
26665A,N,V,04/07/2026 05:11:59 PM
26665B,N,V,04/07/2026 05:36:44 PM
26666A,N,V,04/07/2026 05:10:49 PM
26666B,N,O,04/07/2026 05:35:20 PM
26667A,N,V,04/07/2026 05:31:58 PM
26667B,N,O,04/07/2026 08:57:50 AM
26668A,N,V,04/07/2026 05:11:15 PM
26668B,N,O,04/07/2026 08:56:48 AM
26669A,N,O,04/07/2026 04:30:55 PM
26669B,N,V,04/07/2026 05:14:24 PM
2666A,N,O,04/07/2026 04:58:48 PM
2666B,N,O,04/07/2026 05:34:07 PM
26671A,N,O,04/07/2026 08:58:42 AM
26671B,N,V,04/07/2026 05:15:04 PM
26672A,N,O,04/07/2026 01:59:22 PM
26672B,N,O,04/07/2026 04:43:26 PM
26673A,N,O,04/07/2026 05:09:01 PM
26673B,N,O,04/07/2026 05:28:36 PM
26674A,N,O,04/07/2026 02:16:02 PM
26674B,N,O,04/07/2026 08:55:52 AM
26675A,N,O,04/07/2026 02:20:38 PM
26675B,N,O,04/07/2026 05:34:18 PM
26676A,N,O,04/07/2026 12:21:39 PM
26676B,N,O,04/07/2026 09:22:31 AM
26677A,N,V,04/07/2026 02:45:47 PM
26677B,N,O,04/07/2026 02:38:51 PM
26678A,N,V,04/07/2026 03:03:20 PM
26678B,N,V,04/07/2026 05:34:12 PM
26679A,N,O,04/07/2026 05:20:11 PM
26679B,N,V,04/07/2026 05:21:11 PM
2667A,N,O,04/07/2026 03:41:41 PM
2667B,N,O,04/07/2026 11:07:42 AM
26680A,N,O,04/02/2026 01:58:21 PM
26680B,N,O,04/02/2026 03:03:41 PM
26681A,N,O,04/02/2026 04:37:25 PM
26681B,N,O,04/02/2026 04:54:42 PM
26682A,N,O,04/02/2026 05:51:24 PM
26682B,N,O,04/02/2026 07:57:50 AM
26683B,N,O,04/02/2026 05:02:12 PM
26684A,N,O,04/02/2026 04:17:11 PM
26684B,N,O,04/02/2026 05:18:26 PM
26685A,N,O,04/02/2026 05:50:43 PM
26685B,N,O,04/02/2026 05:58:37 PM
26686A,N,O,04/02/2026 06:05:08 PM
26686B,N,O,04/02/2026 06:05:08 PM
26687A,N,O,04/02/2026 05:59:56 PM
26687B,N,O,04/02/2026 05:59:36 PM
26688A,N,O,04/02/2026 06:03:55 PM
26688B,N,O,04/02/2026 12:47:40 PM
26689A,N,O,04/02/2026 05:54:05 PM
26689B,N,O,04/02/2026 05:56:37 PM
2668A,N,O,04/07/2026 01:31:31 PM
2668B,N,O,04/07/2026 03:45:15 PM
26690A,N,O,04/02/2026 05:59:47 PM
26690B,N,O,04/02/2026 05:25:06 PM
26691A,N,O,04/02/2026 02:58:47 PM
26691B,N,O,04/02/2026 03:45:28 PM
26692A,N,O,04/02/2026 03:58:45 PM
26692B,N,O,04/02/2026 03:10:09 PM
26693A,N,O,04/02/2026 03:40:43 PM
26693B,N,O,04/02/2026 05:25:15 PM
26694A,N,O,04/02/2026 03:18:34 PM
26694B,N,V,04/02/2026 11:09:56 AM
26699A,N,O,04/07/2026 08:55:47 AM
26699B,N,O,04/07/2026 05:35:45 PM
2669A,N,O,04/07/2026 05:17:26 PM
26700A,N,O,04/07/2026 12:55:32 PM
26700B,N,O,04/07/2026 04:43:11 PM
26701A,N,O,04/07/2026 10:23:18 AM
26701B,N,O,04/07/2026 12:54:25 PM
26702A,N,O,04/07/2026 04:42:36 PM
26702B,N,O,04/07/2026 01:41:45 PM
26703A,N,V,04/07/2026 03:50:40 PM
26703B,N,O,04/07/2026 03:45:39 PM
26704A,N,V,04/07/2026 04:44:09 PM
26704B,N,O,04/07/2026 01:19:58 PM
26705A,N,V,04/07/2026 01:29:48 PM
26705B,N,V,04/07/2026 01:31:50 PM
26706A,N,O,04/07/2026 10:29:04 AM
26706B,N,V,04/07/2026 11:10:10 AM
26707A,N,O,04/07/2026 05:27:07 PM
26707B,N,O,04/07/2026 05:25:53 PM
26708A,N,O,04/07/2026 04:56:36 PM
26709B,N,V,04/07/2026 10:17:32 AM
26710A,N,V,04/07/2026 05:28:39 PM
26710B,N,V,04/07/2026 04:57:44 PM
26711A,N,V,04/07/2026 09:08:38 AM
26711B,N,V,04/06/2026 10:40:44 AM
26712A,N,V,04/06/2026 10:32:05 AM
26712B,N,V,04/06/2026 10:26:59 AM
26713A,N,V,04/07/2026 10:18:17 AM
26714A,N,O,04/07/2026 08:55:58 AM
26714B,N,V,04/06/2026 10:18:09 AM
26715A,N,V,04/06/2026 09:00:11 AM
26715B,N,V,04/05/2026 09:52:34 AM
26716A,N,V,04/07/2026 03:37:58 PM
26716B,N,V,04/07/2026 05:18:44 PM
26717A,N,V,04/07/2026 05:15:10 PM
26717B,N,O,04/07/2026 05:13:09 PM
26718A,N,V,04/07/2026 03:49:39 PM
26718B,N,V,04/07/2026 02:57:58 PM
26719A,N,O,04/07/2026 05:17:53 PM
26719B,N,V,04/07/2026 05:26:27 PM
2671A,N,O,04/07/2026 10:45:48 AM
2671B,N,O,04/07/2026 01:06:30 PM
26720A,N,V,04/07/2026 04:51:46 PM
26720B,N,V,04/07/2026 05:24:03 PM
26721A,N,V,04/05/2026 09:59:48 PM
26721B,N,O,04/05/2026 09:58:21 PM
26722B,N,V,04/07/2026 03:15:11 PM
26723A,N,V,04/07/2026 11:31:56 AM
26723B,N,V,04/07/2026 04:26:38 PM
26724A,N,O,04/07/2026 04:34:28 PM
26724B,N,O,04/07/2026 03:22:36 PM
26725A,N,V,04/07/2026 04:37:31 PM
26725B,N,V,04/07/2026 12:41:07 PM
26726A,N,O,04/07/2026 05:36:40 PM
26726B,N,O,04/07/2026 05:36:20 PM
26727A,N,V,04/07/2026 05:34:36 PM
26727B,N,O,04/07/2026 05:32:01 PM
26728A,N,V,04/07/2026 05:32:51 PM
26728B,N,O,04/07/2026 05:17:04 PM
26729A,N,O,04/07/2026 05:35:49 PM
26729B,N,V,04/07/2026 05:35:06 PM
2672A,N,O,04/07/2026 09:16:51 AM
2672B,N,O,04/07/2026 01:30:54 PM
26730A,N,V,04/07/2026 03:49:09 PM
26730B,N,O,04/07/2026 05:08:16 PM
26731A,N,O,04/07/2026 05:36:05 PM
26731B,N,O,04/07/2026 05:36:20 PM
26732A,N,O,04/07/2026 05:29:24 PM
26732B,N,O,04/07/2026 08:57:44 AM
26733B,N,V,04/07/2026 05:36:31 PM
26734A,N,O,04/07/2026 05:36:16 PM
26734B,N,V,04/07/2026 05:35:46 PM
26735A,N,O,04/07/2026 04:58:55 PM
26735B,N,O,04/07/2026 04:31:56 PM
26736A,N,O,04/07/2026 03:39:42 PM
26736B,N,O,04/07/2026 03:33:02 PM
26737A,N,V,04/07/2026 01:31:04 PM
26737B,N,O,04/07/2026 02:48:57 PM
26738A,N,O,04/07/2026 04:35:49 PM
26738B,N,O,04/07/2026 04:37:10 PM
26739A,N,O,04/07/2026 05:36:41 PM
26739B,N,V,04/07/2026 05:35:05 PM
2673B,N,O,04/07/2026 02:28:59 PM
26740A,N,O,04/07/2026 05:23:18 PM
26740B,N,O,04/07/2026 05:27:03 PM
26741B,N,O,04/07/2026 04:11:16 PM
2674A,N,O,04/07/2026 03:11:34 PM
2674B,N,O,04/07/2026 03:58:22 PM
2675A,N,O,04/07/2026 01:12:21 PM
2675B,N,O,04/07/2026 11:19:26 AM
26761B,N,V,04/07/2026 12:20:42 PM
26762A,N,V,04/07/2026 12:26:32 PM
26762B,N,V,04/07/2026 05:32:29 PM
26763A,N,O,04/07/2026 05:33:02 PM
26763B,N,V,04/07/2026 05:07:27 PM
26764A,N,V,04/07/2026 05:06:44 PM
26764B,N,V,04/07/2026 05:03:21 PM
26765A,N,V,04/07/2026 05:08:46 PM
26765B,N,V,04/07/2026 02:19:34 PM
26766A,N,V,04/07/2026 11:48:02 AM
26766B,N,V,04/07/2026 09:00:28 AM
26767A,N,O,04/07/2026 03:43:05 PM
26767B,N,V,04/07/2026 03:43:45 PM
26768A,N,V,04/07/2026 12:47:58 PM
26768B,N,V,04/07/2026 11:40:30 AM
26769A,N,V,04/07/2026 05:32:44 PM
26769B,N,V,04/07/2026 11:40:42 AM
2676A,N,O,04/07/2026 10:34:10 AM
2676B,N,O,04/07/2026 05:22:38 PM
26770B,N,O,04/07/2026 08:59:44 AM
26771A,N,V,04/07/2026 03:30:59 PM
26771B,N,O,04/07/2026 12:00:24 PM
26772A,N,V,04/06/2026 07:39:38 PM
26772B,N,V,04/07/2026 12:12:43 PM
26773A,N,V,04/07/2026 05:34:33 PM
26773B,N,V,04/06/2026 08:02:57 PM
2677A,N,O,04/07/2026 04:43:55 PM
2677B,N,O,04/07/2026 01:18:34 PM
26780B,N,O,04/07/2026 04:35:19 PM
26781A,N,O,04/07/2026 04:20:40 PM
26781B,N,O,04/07/2026 05:36:14 PM
26782A,N,O,04/07/2026 05:11:12 PM
26782B,N,O,04/07/2026 05:34:53 PM
26783A,N,O,04/07/2026 03:04:16 PM
26783B,N,O,04/07/2026 04:52:50 PM
26784A,N,O,04/07/2026 01:41:38 PM
26784B,N,O,04/07/2026 05:24:16 PM
26785A,N,O,04/07/2026 04:47:00 PM
26785B,N,O,04/07/2026 04:15:38 PM
26786A,N,V,04/07/2026 05:24:31 PM
26786B,N,O,04/07/2026 04:07:15 PM
26787A,N,O,04/07/2026 04:33:47 PM
26787B,N,O,04/07/2026 05:07:38 PM
26788A,N,O,04/07/2026 04:32:05 PM
26788B,N,O,04/07/2026 05:12:16 PM
26789A,N,O,04/07/2026 03:56:23 PM
26789B,N,V,04/07/2026 05:08:12 PM
2678A,N,O,04/07/2026 05:24:10 PM
2678B,N,O,04/07/2026 04:45:23 PM
26790A,N,O,04/07/2026 02:39:26 PM
26790B,N,O,04/07/2026 04:06:55 PM
26791A,N,O,04/07/2026 04:52:50 PM
26791B,N,O,04/07/2026 05:30:48 PM
26792A,N,O,04/07/2026 04:26:09 PM
26792B,N,O,04/07/2026 03:21:20 PM
26793A,N,O,04/07/2026 12:56:25 PM
26793B,N,O,04/07/2026 04:34:59 PM
26794A,N,O,04/07/2026 05:00:37 PM
26794B,N,V,04/07/2026 05:17:26 PM
26795A,N,O,04/07/2026 05:10:31 PM
26796A,N,V,04/07/2026 05:26:40 PM
26796B,N,O,04/07/2026 02:03:53 PM
26797A,N,O,04/07/2026 04:41:38 PM
26797B,N,O,04/07/2026 05:36:39 PM
26798A,N,O,04/07/2026 05:12:08 PM
26798B,N,O,04/07/2026 05:31:43 PM
26799A,N,O,04/07/2026 05:08:06 PM
26799B,N,O,04/07/2026 05:30:19 PM
2679A,N,O,04/07/2026 05:25:54 PM
2679B,N,O,04/07/2026 04:35:57 PM
26800B,N,O,04/07/2026 04:45:16 PM
26801A,N,O,04/07/2026 04:51:37 PM
26801B,N,V,04/07/2026 05:30:22 PM
26802A,N,O,04/07/2026 04:13:53 PM
26802B,N,V,04/07/2026 05:28:24 PM
26803A,N,O,04/07/2026 03:24:12 PM
26803B,N,O,04/07/2026 01:22:15 PM
26804A,N,O,04/07/2026 05:18:03 PM
26804B,N,V,04/07/2026 05:21:18 PM
26805A,N,V,04/07/2026 05:24:33 PM
26805B,N,O,04/07/2026 12:56:24 PM
26806A,N,O,04/07/2026 05:35:25 PM
26806B,N,O,04/07/2026 03:48:21 PM
26807A,N,O,04/07/2026 04:19:06 PM
26807B,N,O,04/07/2026 05:33:06 PM
26808A,N,O,04/07/2026 01:51:19 PM
26808B,N,O,04/07/2026 08:56:47 AM
26809A,N,O,04/07/2026 05:06:32 PM
26809B,N,V,04/07/2026 05:16:11 PM
26810A,N,O,04/07/2026 12:24:29 PM
26810B,N,O,04/07/2026 05:34:51 PM
26863A,N,V,04/07/2026 10:47:23 AM
26863B,N,O,04/07/2026 05:36:41 PM
26864A,N,V,04/07/2026 03:11:13 PM
26864B,N,O,04/07/2026 08:55:55 AM
26865A,N,V,04/07/2026 10:19:47 AM
26865B,N,V,04/07/2026 05:11:30 PM
26866B,N,O,04/07/2026 04:41:50 PM
26867A,N,V,04/07/2026 12:00:46 PM
26867B,N,V,04/07/2026 09:14:52 AM
26868A,N,V,04/07/2026 12:01:56 PM
26868B,N,V,04/07/2026 02:55:04 PM
26869A,N,O,04/06/2026 09:26:26 PM
26869B,N,O,04/07/2026 09:49:53 AM
26870A,N,V,04/07/2026 01:07:10 PM
26870B,N,V,04/06/2026 08:15:42 PM
26871A,N,V,04/06/2026 07:56:47 PM
26871B,N,V,04/07/2026 10:18:52 AM
26872B,N,O,04/07/2026 03:45:23 PM
26873A,N,V,04/07/2026 09:51:33 AM
26873B,N,V,04/03/2026 05:11:17 PM
26874A,N,V,04/07/2026 01:43:04 PM
26874B,N,O,04/07/2026 05:29:02 PM
26875B,N,V,04/07/2026 04:05:00 PM
26876A,N,V,04/07/2026 05:35:55 PM
26876B,N,O,04/06/2026 09:40:59 PM
26877A,N,O,04/07/2026 05:34:11 PM
26877B,N,V,04/06/2026 09:09:19 AM
26878A,N,V,04/07/2026 04:40:56 PM
26878B,N,V,04/07/2026 03:25:06 PM
26879A,N,V,04/07/2026 04:08:13 PM
26879B,N,O,04/07/2026 08:56:28 AM
26880A,N,V,04/07/2026 04:06:08 PM
26880B,N,V,04/07/2026 04:23:50 PM
26881A,N,V,04/07/2026 04:15:13 PM
26881B,N,O,04/07/2026 04:49:32 PM
26882B,N,V,04/07/2026 04:10:58 PM
26883A,N,V,04/07/2026 04:05:13 PM
26883B,N,V,04/07/2026 04:05:13 PM
26884A,N,V,04/07/2026 04:11:42 PM
26884B,N,V,04/07/2026 05:19:08 PM
26885A,N,V,04/07/2026 03:19:09 PM
26885B,N,O,04/07/2026 05:36:19 PM
26886A,N,V,04/07/2026 10:13:37 AM
26886B,N,V,04/06/2026 10:58:58 AM
26887A,N,V,04/05/2026 08:40:44 PM
26887B,N,V,04/07/2026 04:49:59 PM
26888A,N,V,04/07/2026 03:39:03 PM
26888B,N,V,04/07/2026 05:29:31 PM
26889A,N,O,04/07/2026 04:46:08 PM
26889B,N,O,04/05/2026 08:12:27 PM
26890A,N,O,04/07/2026 08:59:47 AM
26890B,N,V,04/07/2026 02:51:15 PM
26891A,N,V,04/07/2026 10:09:12 AM
26891B,N,O,04/06/2026 09:50:42 PM
26892A,N,O,04/07/2026 11:20:35 AM
26892B,N,O,04/06/2026 09:11:51 PM
26893A,N,V,04/07/2026 11:27:19 AM
26893B,N,V,04/07/2026 10:18:05 AM
26894A,N,O,04/07/2026 05:15:23 PM
26895B,N,V,04/07/2026 11:58:03 AM
26896A,N,V,04/07/2026 05:15:47 PM
26896B,N,V,04/07/2026 01:10:40 PM
26897A,N,V,04/07/2026 04:55:54 PM
26897B,N,O,04/07/2026 08:57:42 AM
26898A,N,V,04/07/2026 10:10:59 AM
26898B,N,V,04/07/2026 10:49:10 AM
26899A,N,V,04/07/2026 01:40:41 PM
26899B,N,V,04/07/2026 04:09:25 PM
26900A,N,V,04/07/2026 04:08:49 PM
26900B,N,V,04/07/2026 03:51:24 PM
26901A,N,O,04/07/2026 05:36:17 PM
26901B,N,V,04/07/2026 04:00:50 PM
26902A,N,O,04/07/2026 02:28:16 PM
26902B,N,O,04/07/2026 03:06:39 PM
26903A,N,V,04/07/2026 05:27:08 PM
26903B,N,O,04/07/2026 08:56:48 AM
26904A,N,O,04/07/2026 04:45:08 PM
26905A,N,O,04/07/2026 02:59:24 PM
26905B,N,V,04/07/2026 05:32:58 PM
26906A,N,O,04/07/2026 05:21:01 PM
26906B,N,V,04/07/2026 05:34:26 PM
26907A,N,O,04/07/2026 04:18:59 PM
26907B,N,O,04/07/2026 05:17:37 PM
26908A,N,O,04/07/2026 05:10:45 PM
26908B,N,V,04/07/2026 05:28:29 PM
26909A,N,O,04/07/2026 03:01:29 PM
26909B,N,O,04/07/2026 04:16:23 PM
26910A,N,V,04/07/2026 05:25:20 PM
26910B,N,O,04/07/2026 05:26:12 PM
26911A,N,O,04/07/2026 01:08:37 PM
26911B,N,O,04/07/2026 04:10:56 PM
26912A,N,O,04/07/2026 05:11:02 PM
26912B,N,O,04/07/2026 01:36:08 PM
26913A,N,V,04/07/2026 05:35:38 PM
26913B,N,V,04/07/2026 04:07:25 PM
26914A,N,V,04/07/2026 05:25:34 PM
26914B,N,V,04/07/2026 05:24:18 PM
26915A,N,V,04/07/2026 05:11:26 PM
26915B,N,O,04/07/2026 05:32:55 PM
26916A,N,V,04/07/2026 05:16:02 PM
26916B,N,V,04/07/2026 05:11:30 PM
26917A,N,O,04/07/2026 05:01:19 PM
26917B,N,O,04/07/2026 05:10:28 PM
26918A,N,O,04/07/2026 02:31:59 PM
26918B,N,O,04/07/2026 04:56:19 PM
26919A,N,O,04/07/2026 11:07:08 AM
26919B,N,O,04/07/2026 08:55:42 AM
26920A,N,V,04/07/2026 05:31:50 PM
26920B,N,O,04/07/2026 02:20:41 PM
26921A,N,O,04/07/2026 10:37:52 AM
26921B,N,O,04/07/2026 05:19:27 PM
26922A,N,O,04/07/2026 01:39:18 PM
26922B,N,V,04/07/2026 03:41:04 PM
26923A,N,V,04/07/2026 04:33:19 PM
26923B,N,V,04/07/2026 04:33:34 PM
26924A,N,V,04/07/2026 04:23:00 PM
26924B,N,V,04/07/2026 04:23:30 PM
26925A,N,O,04/07/2026 05:28:37 PM
26925B,N,V,04/07/2026 05:31:51 PM
26926A,N,O,04/07/2026 02:35:35 PM
26926B,N,V,04/07/2026 04:52:13 PM
26927A,N,O,04/07/2026 10:23:21 AM
26928A,N,V,04/07/2026 04:08:16 PM
26928B,N,O,04/07/2026 03:53:57 PM
26929A,N,V,04/07/2026 05:22:39 PM
26929B,N,O,04/07/2026 04:53:59 PM
26930A,N,V,04/07/2026 04:56:55 PM
26930B,N,O,04/07/2026 03:56:34 PM
26931A,N,O,04/07/2026 03:44:16 PM
26931B,N,O,04/07/2026 05:11:52 PM
26932A,N,O,04/07/2026 04:57:02 PM
26932B,N,O,04/07/2026 04:15:22 PM
26933A,N,O,04/07/2026 08:56:43 AM
26933B,N,O,04/07/2026 05:07:18 PM
26934A,N,O,04/07/2026 05:02:35 PM
26934B,N,O,04/07/2026 03:19:59 PM
26935A,N,O,04/07/2026 05:20:38 PM
26935B,N,O,04/07/2026 04:25:20 PM
26936A,N,O,04/07/2026 11:02:13 AM
26936B,N,O,04/07/2026 08:58:50 AM
26937A,N,O,04/07/2026 10:34:08 AM
26937B,N,O,04/07/2026 04:46:15 PM
26938B,N,O,04/07/2026 03:37:02 PM
26939A,N,O,04/07/2026 03:53:01 PM
26939B,N,O,04/07/2026 05:36:35 PM
26941A,NU,V,03/17/2026 09:50:57 AM
26941B,NU,O,03/17/2026 09:59:32 AM
26942A,NU,V,03/16/2026 01:35:33 PM
26942B,NU,V,03/17/2026 09:58:03 AM
26943A,NU,V,03/17/2026 09:47:18 AM
26943B,NU,V,03/17/2026 08:23:00 AM
26944A,N,V,04/07/2026 05:13:36 PM
26944B,N,O,04/07/2026 08:55:44 AM
26945A,N,O,04/07/2026 08:59:46 AM
26945B,N,O,04/07/2026 09:34:56 AM
26946A,NU,O,03/17/2026 09:51:32 AM
26946B,NU,V,03/17/2026 09:54:59 AM
26947A,N,V,04/07/2026 05:35:57 PM
26947B,N,V,04/07/2026 05:36:25 PM
26948A,N,V,04/07/2026 05:36:14 PM
26948B,N,V,04/07/2026 05:30:19 PM
26949A,N,O,04/07/2026 04:32:05 PM
26949B,N,O,04/07/2026 04:21:09 PM
26950A,N,V,04/07/2026 05:06:03 PM
26950B,N,O,04/07/2026 03:21:31 PM
26951A,N,V,04/07/2026 05:04:28 PM
26951B,N,V,04/07/2026 05:24:47 PM
26952A,N,O,04/07/2026 04:53:46 PM
26952B,N,O,04/07/2026 08:57:49 AM
26953A,N,O,04/07/2026 08:56:45 AM
26953B,N,O,04/07/2026 08:56:45 AM
26B,NU,O,01/05/2026 10:58:48 AM
27001A,N,O,04/07/2026 09:58:46 AM
27003A,N,O,04/07/2026 02:30:28 PM
27003B,N,O,04/05/2026 02:24:39 PM
27004A,N,O,04/07/2026 09:55:49 AM
27004B,N,O,04/07/2026 09:55:56 AM
27005A,N,O,04/07/2026 09:59:41 AM
27005B,N,O,04/07/2026 05:27:10 PM
27006A,N,O,04/07/2026 09:58:46 AM
27006B,N,O,04/07/2026 04:36:18 PM
27007A,N,O,04/07/2026 09:58:50 AM
27007B,N,O,04/07/2026 09:58:50 AM
27008A,N,O,04/07/2026 09:56:57 AM
27008B,N,V,04/07/2026 04:44:25 PM
27011A,N,O,04/07/2026 02:27:45 PM
27011B,N,O,04/07/2026 09:58:48 AM
27012A,N,O,04/07/2026 09:57:54 AM
27012B,N,O,04/07/2026 09:57:50 AM
27013A,N,O,04/07/2026 09:56:51 AM
27013B,N,O,04/07/2026 09:56:51 AM
27014A,N,O,04/07/2026 10:18:29 AM
27014B,N,O,04/07/2026 09:55:42 AM
27015B,N,O,04/07/2026 09:59:38 AM
27016A,N,O,04/07/2026 09:59:04 AM
27016B,N,O,04/07/2026 09:58:57 AM
27017A,N,O,04/07/2026 09:57:44 AM
27017B,N,O,04/07/2026 09:57:48 AM
27018A,N,O,04/07/2026 09:56:43 AM
27018B,N,O,04/07/2026 09:56:43 AM
27020A,N,O,04/07/2026 09:59:45 AM
27020B,N,O,04/07/2026 03:38:20 PM
27021A,N,O,04/07/2026 05:25:44 PM
27021B,N,O,04/07/2026 09:58:59 AM
27022A,N,O,04/07/2026 10:30:55 AM
27022B,N,O,04/07/2026 10:28:57 AM
27023A,N,O,04/07/2026 11:20:03 AM
27023B,N,O,04/07/2026 11:04:52 AM
27024A,N,O,04/07/2026 08:55:52 AM
27025A,N,O,04/07/2026 02:07:31 PM
27025B,N,O,04/07/2026 02:10:13 PM
27026A,N,O,04/07/2026 08:58:39 AM
27026B,N,O,04/07/2026 02:04:10 PM
27027A,N,O,04/07/2026 11:22:28 AM
27027B,N,O,04/07/2026 10:16:15 AM
27028A,N,O,04/07/2026 05:25:16 PM
27028B,N,V,04/07/2026 05:35:50 PM
27029A,N,O,04/07/2026 05:33:23 PM
27029B,N,O,04/07/2026 09:45:10 AM
27030A,N,O,04/07/2026 08:59:52 AM
27030B,N,O,04/07/2026 05:11:42 PM
27031A,N,O,04/07/2026 05:11:42 PM
27031B,N,O,04/07/2026 02:45:46 PM
27032A,N,O,04/07/2026 01:49:12 PM
27032B,N,O,04/07/2026 08:57:49 AM
27033A,N,V,04/07/2026 05:36:22 PM
27033B,N,O,04/07/2026 10:51:05 AM
27034A,N,O,04/07/2026 08:55:45 AM
27034B,N,O,04/07/2026 10:45:23 AM
27035A,N,O,04/07/2026 08:59:47 AM
27035B,N,O,04/07/2026 08:59:40 AM
27036A,N,O,04/07/2026 04:12:30 PM
27036B,N,O,04/07/2026 11:50:27 AM
27037A,N,O,04/07/2026 04:18:26 PM
27037B,N,O,04/07/2026 04:17:58 PM
27038A,N,O,04/07/2026 10:26:55 AM
27038B,N,O,04/07/2026 04:32:17 PM
27039B,N,O,04/07/2026 03:38:59 PM
27040A,N,O,04/07/2026 01:23:59 PM
27040B,N,V,04/07/2026 03:26:04 PM
27041A,N,O,04/07/2026 04:41:14 PM
27041B,N,O,04/07/2026 03:27:48 PM
27042A,N,O,04/07/2026 11:06:07 AM
27042B,N,O,04/07/2026 01:24:09 PM
27043A,N,O,04/07/2026 12:56:26 PM
27043B,N,O,04/07/2026 03:37:33 PM
27044A,N,O,04/07/2026 01:27:16 PM
27044B,N,O,04/07/2026 05:20:49 PM
27045A,N,O,04/07/2026 05:29:34 PM
27046A,N,V,04/07/2026 04:42:34 PM
27046B,N,V,04/07/2026 04:45:00 PM
27047A,N,V,04/07/2026 10:59:12 AM
27047B,N,V,04/07/2026 04:20:05 PM
27048A,N,O,04/07/2026 02:26:25 PM
27048B,N,O,04/07/2026 02:25:37 PM
27049A,N,O,04/07/2026 04:36:31 PM
27049B,N,V,04/07/2026 05:36:24 PM
27050A,N,O,04/07/2026 09:00:11 AM
27050B,N,O,04/07/2026 04:26:53 PM
27051A,N,V,04/07/2026 02:16:45 PM
27051B,N,V,04/07/2026 04:46:11 PM
27052A,N,V,04/07/2026 12:03:56 PM
27052B,N,O,04/07/2026 08:57:50 AM
27053A,N,V,04/07/2026 05:12:11 PM
27053B,N,O,04/07/2026 02:59:19 PM
27054A,N,O,04/07/2026 05:31:32 PM
27054B,N,O,04/07/2026 05:29:58 PM
27055A,N,V,04/07/2026 05:30:14 PM
27055B,N,O,04/07/2026 03:55:13 PM
27056A,N,O,04/07/2026 02:58:22 PM
27057A,N,O,04/07/2026 04:50:03 PM
27057B,N,O,04/07/2026 04:42:20 PM
27058B,N,O,04/07/2026 04:19:58 PM
27060A,N,O,04/07/2026 05:21:24 PM
27060B,N,O,04/07/2026 04:28:46 PM
27061A,N,O,04/07/2026 12:19:49 PM
27061B,N,O,04/07/2026 04:34:13 PM
27062A,N,O,04/07/2026 02:12:05 PM
27062B,N,O,04/07/2026 04:15:46 PM
27063A,N,O,04/07/2026 09:56:52 AM
27063B,N,O,04/07/2026 09:56:52 AM
27064A,N,O,04/07/2026 12:24:02 PM
27065B,N,O,04/07/2026 05:17:55 PM
27066A,N,O,04/07/2026 05:33:34 PM
27066B,N,O,04/07/2026 03:43:29 PM
27067A,N,O,04/07/2026 10:06:51 AM
27067B,N,O,04/07/2026 02:20:27 PM
27068A,N,O,04/07/2026 11:01:12 AM
27068B,N,O,04/07/2026 04:49:43 PM
27069B,N,O,04/07/2026 04:55:18 PM
27070A,N,O,04/07/2026 09:59:47 AM
27070B,N,O,04/07/2026 12:53:05 PM
27071B,N,O,04/07/2026 04:50:29 PM
27072A,N,O,04/06/2026 08:57:48 AM
27072B,N,O,04/07/2026 08:57:50 AM
27073A,N,O,04/07/2026 05:34:09 PM
27073B,N,O,04/07/2026 10:27:04 AM
27074A,N,O,04/07/2026 05:03:54 PM
27074B,N,O,04/07/2026 11:58:58 AM
27075A,N,O,04/07/2026 10:29:47 AM
27075B,N,O,04/07/2026 05:08:13 PM
27076A,N,O,04/07/2026 04:06:26 PM
27076B,N,O,04/07/2026 05:04:26 PM
27077A,N,O,04/07/2026 01:52:19 PM
27078A,N,O,04/07/2026 09:56:46 AM
27078B,N,O,04/07/2026 01:52:27 PM
27079A,N,V,04/07/2026 04:51:34 PM
27079B,N,O,04/07/2026 05:34:37 PM
27080B,N,O,04/07/2026 10:21:53 AM
27081A,N,O,04/07/2026 08:58:44 AM
27082A,N,O,04/07/2026 01:27:12 PM
27082B,N,O,04/07/2026 04:30:49 PM
27083A,N,O,04/07/2026 04:32:15 PM
27083B,N,O,04/07/2026 04:57:21 PM
27084A,N,O,04/07/2026 08:55:44 AM
27084B,N,O,04/07/2026 08:55:47 AM
27085A,N,O,04/07/2026 02:12:06 PM
27085B,N,O,04/07/2026 02:11:00 PM
27086B,N,O,04/07/2026 08:58:44 AM
27087A,N,O,04/07/2026 01:47:07 PM
27087B,N,O,04/07/2026 04:04:45 PM
27088A,N,O,04/07/2026 04:47:43 PM
27088B,N,O,04/07/2026 05:36:08 PM
27089A,N,O,04/07/2026 09:55:45 AM
27089B,N,O,04/07/2026 04:17:49 PM
27090A,N,O,04/07/2026 04:36:06 PM
27090B,N,O,04/07/2026 04:27:58 PM
27091B,N,O,04/07/2026 05:36:04 PM
27092A,N,O,04/07/2026 10:39:42 AM
27092B,N,O,04/07/2026 09:57:42 AM
27093A,N,O,04/07/2026 03:38:43 PM
27093B,N,O,04/07/2026 05:11:45 PM
27094B,N,O,04/07/2026 08:55:47 AM
27095A,N,O,04/07/2026 05:30:53 PM
27096A,N,O,04/07/2026 02:46:34 PM
27096B,N,O,04/07/2026 04:58:28 PM
27097A,N,O,04/07/2026 02:09:42 PM
27097B,N,O,04/07/2026 02:07:11 PM
27098A,N,O,04/07/2026 05:25:47 PM
27099A,N,O,04/07/2026 01:32:20 PM
27099B,N,O,04/07/2026 01:11:31 PM
27100A,N,O,04/07/2026 02:25:28 PM
27100B,N,O,04/07/2026 12:13:42 PM
27101A,N,O,04/07/2026 09:58:57 AM
27101B,N,O,04/07/2026 09:58:50 AM
27102A,N,O,04/07/2026 10:03:13 AM
27102B,N,O,04/07/2026 09:57:38 AM
27103A,N,O,04/07/2026 09:56:44 AM
27103B,N,O,04/07/2026 09:57:03 AM
27104B,N,O,04/07/2026 05:15:17 PM
27105A,N,O,04/07/2026 04:36:56 PM
27105B,N,V,04/07/2026 04:09:19 PM
27106A,N,O,04/07/2026 02:56:54 PM
27106B,N,O,04/07/2026 04:29:13 PM
27107A,N,O,04/07/2026 02:47:37 PM
27107B,N,O,04/07/2026 04:43:10 PM
27108A,N,V,04/07/2026 05:35:48 PM
27109A,N,O,04/07/2026 01:40:54 PM
27109B,N,V,04/07/2026 11:19:05 AM
27110A,N,O,04/07/2026 05:09:13 PM
27110B,N,O,04/07/2026 08:59:39 AM
27111A,N,O,04/07/2026 03:16:43 PM
27111B,N,O,04/07/2026 04:35:57 PM
27112A,N,O,04/07/2026 01:49:18 PM
27112B,N,O,04/07/2026 03:12:30 PM
27113A,N,O,04/07/2026 03:23:55 PM
27113B,N,O,04/07/2026 01:22:21 PM
27114A,N,O,04/07/2026 04:18:29 PM
27114B,N,O,04/07/2026 11:56:10 AM
27115A,N,O,04/07/2026 11:10:11 AM
27116A,N,O,04/07/2026 12:15:11 PM
27116B,N,O,04/07/2026 05:29:36 PM
27117A,N,O,04/07/2026 08:57:58 AM
27117B,N,O,04/07/2026 04:11:48 PM
27118A,N,O,04/07/2026 04:45:18 PM
27118B,N,O,04/07/2026 03:53:24 PM
27119A,N,O,04/07/2026 05:08:30 PM
27119B,N,O,04/07/2026 12:41:30 PM
27120A,N,O,04/07/2026 08:59:42 AM
27120B,N,O,04/07/2026 04:34:46 PM
27121A,N,O,04/07/2026 03:30:54 PM
27121B,N,O,04/07/2026 04:09:05 PM
27122A,N,O,04/07/2026 08:57:45 AM
27122B,N,O,04/07/2026 04:38:39 PM
27123A,N,O,04/07/2026 04:40:06 PM
27123B,N,O,04/07/2026 03:51:18 PM
27124A,N,O,04/07/2026 03:11:13 PM
27124B,N,O,04/07/2026 10:17:16 AM
27125A,N,O,04/07/2026 02:00:43 PM
27125B,N,O,04/07/2026 04:07:13 PM
27126A,N,V,04/07/2026 01:11:13 PM
27126B,N,O,04/07/2026 08:58:41 AM
27127A,N,O,04/07/2026 05:04:30 PM
27127B,N,O,04/07/2026 05:34:38 PM
27128A,N,O,04/07/2026 05:18:46 PM
27128B,N,O,04/07/2026 04:35:49 PM
27129A,N,O,04/07/2026 08:55:52 AM
27129B,N,O,04/07/2026 08:55:48 AM
27130A,N,O,04/07/2026 01:27:59 PM
27130B,N,O,04/07/2026 05:34:06 PM
27131A,N,O,04/07/2026 05:25:31 PM
27131B,N,O,04/07/2026 04:40:32 PM
27132A,N,O,04/07/2026 08:57:43 AM
27132B,N,V,04/07/2026 05:36:00 PM
27133A,N,V,04/07/2026 05:12:28 PM
27133B,N,O,04/07/2026 12:56:51 PM
27134A,N,V,04/07/2026 05:13:04 PM
27134B,N,V,04/07/2026 05:27:16 PM
27135A,N,O,04/07/2026 03:07:50 PM
27135B,N,V,04/07/2026 05:13:19 PM
27136A,N,O,04/07/2026 08:58:50 AM
27136B,N,O,04/07/2026 03:06:11 PM
27137A,N,V,04/07/2026 05:16:48 PM
27137B,N,O,04/07/2026 08:57:53 AM
27138A,N,O,04/07/2026 05:30:02 PM
27138B,N,O,04/07/2026 08:56:51 AM
27139B,N,O,04/07/2026 04:29:25 PM
27140A,N,O,04/07/2026 05:25:34 PM
27140B,N,O,04/07/2026 04:14:12 PM
27141A,N,O,04/07/2026 08:58:51 AM
27141B,N,V,04/07/2026 05:27:30 PM
27142A,N,O,04/07/2026 04:55:24 PM
27142B,N,O,04/07/2026 03:20:14 PM
27143A,N,O,04/07/2026 05:02:25 PM
27143B,N,V,04/07/2026 03:43:28 PM
27144A,N,V,04/07/2026 04:54:45 PM
27144B,N,V,04/07/2026 05:27:24 PM
27145A,N,O,04/07/2026 05:36:00 PM
27145B,N,O,04/07/2026 02:40:48 PM
27146A,N,O,04/07/2026 04:58:11 PM
27146B,N,V,04/07/2026 04:13:16 PM
27147A,N,V,04/07/2026 05:36:39 PM
27147B,N,V,04/07/2026 04:24:55 PM
27148A,N,O,04/07/2026 04:47:07 PM
27148B,N,O,04/07/2026 05:13:43 PM
27149A,N,O,04/07/2026 04:38:26 PM
27149B,N,O,04/07/2026 05:14:16 PM
27150A,N,O,04/07/2026 05:17:59 PM
27150B,N,O,04/07/2026 05:35:38 PM
27151A,N,V,04/07/2026 05:11:39 PM
27151B,N,V,04/07/2026 04:55:08 PM
27152A,N,O,04/07/2026 05:32:35 PM
27152B,N,O,04/07/2026 05:08:13 PM
27153A,N,V,04/07/2026 05:04:22 PM
27153B,N,O,04/07/2026 03:38:03 PM
27154A,N,V,04/07/2026 05:36:15 PM
27154B,N,O,12/15/2025 03:02:28 PM
27155A,N,O,04/07/2026 04:32:47 PM
27155B,N,V,04/07/2026 05:21:09 PM
27158A,N,O,04/07/2026 08:56:38 AM
27158B,N,O,04/07/2026 02:31:45 PM
27159A,N,O,04/07/2026 05:21:58 PM
27159B,N,O,04/07/2026 05:16:57 PM
27160A,N,O,04/07/2026 09:59:48 AM
27160B,N,O,04/07/2026 05:25:29 PM
27161A,N,O,04/07/2026 02:11:27 PM
27161B,N,O,04/07/2026 02:36:52 PM
27162B,N,O,04/07/2026 05:16:53 PM
27165B,N,O,04/07/2026 08:00:17 AM
27166A,N,O,04/07/2026 08:00:17 AM
27166B,N,O,04/07/2026 04:03:47 PM
27167A,N,O,04/07/2026 04:15:27 PM
27167B,N,O,04/07/2026 10:07:40 AM
27168A,N,O,04/07/2026 04:34:14 PM
27168B,N,O,04/07/2026 04:51:16 PM
27169A,N,V,04/07/2026 03:46:08 PM
27169B,N,O,04/07/2026 03:49:14 PM
27170A,N,O,04/07/2026 01:43:29 PM
27170B,N,O,04/07/2026 02:54:03 PM
27171A,N,O,04/07/2026 02:30:50 PM
27171B,N,O,04/07/2026 01:33:53 PM
27172A,N,O,04/07/2026 02:39:23 PM
27172B,N,O,04/07/2026 03:39:05 PM
27173A,N,O,04/07/2026 10:08:57 AM
27173B,N,O,04/07/2026 03:01:47 PM
27176B,N,O,04/07/2026 11:08:35 AM
27177A,N,O,04/07/2026 10:02:19 AM
27177B,N,O,04/07/2026 08:00:16 AM
27178A,N,O,04/07/2026 08:00:20 AM
27178B,N,O,04/07/2026 08:11:57 AM
27179A,N,O,04/07/2026 12:41:52 PM
27179B,N,O,04/07/2026 08:00:17 AM
27180A,N,O,04/07/2026 03:37:55 PM
27180B,N,O,04/07/2026 12:07:56 PM
27181A,N,O,04/07/2026 08:00:17 AM
27181B,N,O,04/07/2026 08:00:17 AM
27182A,N,O,04/07/2026 03:34:47 PM
27182B,N,O,04/07/2026 01:55:33 PM
27183A,N,O,04/07/2026 05:25:04 PM
27183B,N,O,04/07/2026 04:17:05 PM
27184A,N,O,04/07/2026 08:00:17 AM
27184B,N,O,04/07/2026 04:18:15 PM
27185A,N,O,04/07/2026 02:20:20 PM
27185B,N,O,04/07/2026 01:05:41 PM
27186A,N,O,04/07/2026 05:28:50 PM
27186B,N,O,04/07/2026 05:01:48 PM
27187A,N,O,04/07/2026 08:00:16 AM
27187B,N,O,04/07/2026 04:38:34 PM
27188A,N,O,04/07/2026 04:23:42 PM
27188B,N,O,04/07/2026 05:07:33 PM
27189A,N,O,04/07/2026 12:24:55 PM
27189B,N,O,04/07/2026 01:22:50 PM
27190A,N,O,04/07/2026 03:40:03 PM
27190B,N,O,04/07/2026 08:00:17 AM
27191A,N,O,04/07/2026 03:09:02 PM
27191B,N,O,04/07/2026 08:00:21 AM
27192A,N,O,04/07/2026 09:00:17 AM
27192B,N,O,04/07/2026 02:57:15 PM
27193A,N,O,04/07/2026 03:11:35 PM
27193B,N,O,04/07/2026 04:29:46 PM
27194A,N,O,04/07/2026 04:01:37 PM
27194B,N,O,04/07/2026 04:43:59 PM
27195A,N,O,04/07/2026 09:00:25 AM
27196A,N,O,04/06/2026 06:05:32 PM
27196B,N,V,04/07/2026 05:31:37 PM
27197A,N,O,04/07/2026 04:43:58 PM
27197B,N,V,04/07/2026 05:20:09 PM
27198A,N,O,04/07/2026 03:55:14 PM
27198B,N,O,04/07/2026 03:05:05 PM
27199A,N,O,04/07/2026 03:38:02 PM
27199B,N,V,04/07/2026 05:35:10 PM
27200A,N,O,04/07/2026 04:56:20 PM
27201A,N,O,04/07/2026 04:58:19 PM
27201B,N,O,04/07/2026 04:45:26 PM
27202A,N,O,04/07/2026 05:34:06 PM
27205A,N,O,04/07/2026 04:47:23 PM
27205B,N,O,04/07/2026 05:00:53 PM
27206A,N,V,04/07/2026 02:42:40 PM
27206B,N,O,04/07/2026 02:41:13 PM
27209A,N,O,04/07/2026 08:56:10 AM
27209B,N,O,04/07/2026 08:55:54 AM
27210A,N,O,04/07/2026 08:59:55 AM
27210B,N,O,04/07/2026 08:59:48 AM
27211A,N,O,04/07/2026 08:58:52 AM
27211B,N,O,04/07/2026 08:58:52 AM
27212A,N,O,04/07/2026 08:57:54 AM
27212B,N,O,04/07/2026 12:44:23 PM
27213A,N,O,04/07/2026 08:57:01 AM
27213B,N,O,04/06/2026 05:09:36 PM
27214A,N,O,04/07/2026 12:45:02 PM
27215B,N,O,04/07/2026 10:37:42 AM
27216A,N,O,04/07/2026 03:29:12 PM
27216B,N,O,04/07/2026 08:58:53 AM
27217A,N,V,04/07/2026 05:23:34 PM
27217B,N,O,04/07/2026 01:39:55 PM
27218A,N,O,04/06/2026 08:44:12 PM
27218B,N,V,04/07/2026 05:25:05 PM
27219A,N,V,04/07/2026 03:13:54 PM
27219B,N,O,04/07/2026 05:25:02 PM
27220A,N,V,04/07/2026 02:12:01 PM
27220B,N,O,04/07/2026 09:00:08 AM
27221A,N,O,04/07/2026 02:46:42 PM
27221B,N,V,04/07/2026 02:08:23 PM
27222A,N,O,04/07/2026 08:57:43 AM
27222B,N,O,04/07/2026 03:59:25 PM
27223A,N,O,04/07/2026 04:26:37 PM
27223B,N,O,04/07/2026 04:26:15 PM
27224A,N,O,04/07/2026 11:50:08 AM
27224B,N,V,04/07/2026 12:16:30 PM
27225A,N,O,04/07/2026 12:08:19 PM
27225B,N,O,04/07/2026 03:49:48 PM
27226A,N,O,04/07/2026 04:55:45 PM
27226B,N,O,04/07/2026 04:38:50 PM
27227B,N,O,04/07/2026 10:06:51 AM
27228A,N,O,04/07/2026 05:10:23 PM
27228B,N,O,04/07/2026 03:54:12 PM
27230B,N,O,04/07/2026 04:58:11 PM
27231A,N,O,04/07/2026 05:31:38 PM
27231B,N,O,04/07/2026 04:52:43 PM
27232A,N,O,04/07/2026 05:33:19 PM
27232B,N,O,04/07/2026 04:26:06 PM
27233A,N,V,07/06/2025 09:33:12 AM
27233B,N,O,07/06/2025 09:25:15 AM
27234A,N,V,04/07/2026 01:05:10 PM
27234B,N,O,04/07/2026 05:17:02 PM
27235A,N,V,04/07/2026 10:26:41 AM
27235B,N,O,04/07/2026 05:18:19 PM
27236A,N,V,04/07/2026 08:59:02 AM
27236B,N,O,04/07/2026 04:41:20 PM
27238B,N,O,04/07/2026 11:19:26 AM
27239A,N,V,04/07/2026 05:12:27 PM
27239B,N,O,04/07/2026 03:09:54 PM
27240A,N,O,04/07/2026 05:12:36 PM
27241A,N,O,04/07/2026 04:04:14 PM
27241B,N,O,04/07/2026 04:16:03 PM
27242A,N,O,04/07/2026 03:21:21 PM
27242B,N,O,04/07/2026 05:35:57 PM
27243A,N,O,04/07/2026 05:00:07 PM
27243B,N,O,04/07/2026 05:15:34 PM
27244A,N,O,04/07/2026 04:56:33 PM
27244B,N,O,04/07/2026 04:56:44 PM
27245A,N,O,04/07/2026 05:02:07 PM
27245B,N,O,04/07/2026 04:08:45 PM
27246A,N,O,04/07/2026 05:18:45 PM
27246B,N,O,04/07/2026 05:23:33 PM
27247A,N,O,04/07/2026 03:49:26 PM
27247B,N,O,04/07/2026 02:47:05 PM
27248A,N,O,04/07/2026 02:24:00 PM
27248B,N,O,04/07/2026 10:28:15 AM
27249A,N,O,04/07/2026 12:52:19 PM
27249B,N,O,04/07/2026 05:33:25 PM
27250A,N,O,04/07/2026 01:26:00 PM
27250B,N,O,04/07/2026 05:35:06 PM
27251A,N,O,04/07/2026 04:18:46 PM
27251B,N,V,04/07/2026 05:32:24 PM
27252A,N,V,04/07/2026 04:54:12 PM
27252B,N,O,04/07/2026 04:34:44 PM
27253A,N,O,04/07/2026 04:36:12 PM
27253B,N,O,04/07/2026 03:08:58 PM
27254A,N,O,04/07/2026 02:34:58 PM
27254B,N,V,04/07/2026 02:36:37 PM
27255A,N,V,04/07/2026 05:09:49 PM
27255B,N,O,04/07/2026 05:26:46 PM
27256A,N,V,04/07/2026 05:01:39 PM
27256B,N,V,04/07/2026 04:52:33 PM
27257A,N,V,04/07/2026 04:06:43 PM
27257B,N,O,04/07/2026 05:17:19 PM
27258A,N,V,04/07/2026 04:54:32 PM
27258B,N,O,04/07/2026 04:41:37 PM
27259A,N,V,04/07/2026 04:55:09 PM
27259B,N,O,04/07/2026 04:38:55 PM
27260A,N,V,04/07/2026 05:30:02 PM
27260B,N,V,04/07/2026 05:11:24 PM
27261A,N,O,04/07/2026 05:36:19 PM
27261B,N,V,04/07/2026 04:55:02 PM
27262A,N,O,04/07/2026 04:27:53 PM
27262B,N,O,04/07/2026 04:12:44 PM
27263A,N,O,04/07/2026 03:30:39 PM
27263B,N,O,04/07/2026 04:49:49 PM
27264A,N,O,04/07/2026 05:36:21 PM
27264B,N,O,04/07/2026 05:04:54 PM
27265A,N,V,04/07/2026 04:37:59 PM
27265B,N,V,04/07/2026 05:19:45 PM
27266A,N,V,04/07/2026 04:58:48 PM
27266B,N,V,04/07/2026 05:16:31 PM
27267A,N,V,04/07/2026 05:03:39 PM
27267B,N,O,04/07/2026 02:33:26 PM
27268A,N,O,04/07/2026 03:59:32 PM
27268B,N,O,04/07/2026 05:13:37 PM
27270A,N,V,04/07/2026 04:58:56 PM
27270B,N,V,04/07/2026 04:48:03 PM
27271A,N,V,04/07/2026 05:34:04 PM
27271B,N,O,04/07/2026 04:54:07 PM
27272A,N,V,04/07/2026 02:35:04 PM
27272B,N,V,04/07/2026 04:43:16 PM
27273A,N,V,04/07/2026 02:50:31 PM
27273B,N,O,04/07/2026 02:34:21 PM
27274A,N,O,04/07/2026 04:12:13 PM
27274B,N,V,04/07/2026 05:11:24 PM
27275A,N,O,04/07/2026 08:59:44 AM
27275B,N,V,04/07/2026 12:43:53 PM
27276A,N,V,04/07/2026 03:38:53 PM
27276B,N,O,04/07/2026 02:15:55 PM
27277A,N,V,04/07/2026 05:24:14 PM
27277B,N,V,04/07/2026 05:24:14 PM
27278A,N,O,04/07/2026 05:17:43 PM
27278B,N,O,04/07/2026 05:30:13 PM
27279A,N,O,04/07/2026 05:19:25 PM
27279B,N,O,04/07/2026 05:21:18 PM
27280A,N,O,04/07/2026 09:00:02 AM
27280B,N,V,04/07/2026 05:11:10 PM
27281A,N,O,04/07/2026 02:57:22 PM
27281B,N,V,04/07/2026 02:28:45 PM
27282A,N,V,04/07/2026 04:36:02 PM
27282B,N,V,04/07/2026 02:43:07 PM
27283A,N,O,04/07/2026 08:56:48 AM
27283B,N,O,04/07/2026 11:46:59 AM
27284B,N,V,04/07/2026 02:42:33 PM
27288A,NU,O,04/05/2026 06:07:03 PM
27288B,NU,V,04/05/2026 06:48:17 PM
27289A,NU,V,04/06/2026 09:59:13 PM
27289B,NU,V,04/06/2026 07:57:45 PM
2728B,N,O,04/07/2026 12:59:21 PM
27290A,NU,V,04/05/2026 08:06:28 PM
27290B,NU,V,04/05/2026 08:24:37 PM
27291A,NU,V,04/05/2026 08:47:20 PM
27293A,NU,V,04/05/2026 09:58:40 PM
27293B,NU,O,04/05/2026 09:50:42 PM
27294A,NU,V,04/06/2026 06:03:41 PM
27294B,NU,O,04/03/2026 09:19:03 PM
27295A,NU,V,04/06/2026 07:50:18 PM
27295B,NU,V,04/06/2026 08:43:40 PM
27296A,NU,O,04/06/2026 06:34:49 PM
27296B,NU,V,04/06/2026 06:43:07 PM
27297A,NU,V,04/06/2026 09:50:27 PM
27297B,NU,V,04/06/2026 09:50:41 PM
27298A,NU,V,04/04/2026 07:53:51 PM
27298B,NU,V,04/05/2026 06:41:49 PM
27299A,NU,V,04/03/2026 07:28:56 PM
27299B,NU,V,04/06/2026 08:13:39 PM
2729A,N,O,04/07/2026 03:07:26 PM
2729B,N,O,04/07/2026 10:03:59 AM
27300A,NU,V,04/05/2026 07:12:55 PM
27300B,NU,V,04/06/2026 07:30:32 PM
27301A,N,O,04/07/2026 11:04:30 AM
27301B,N,O,04/07/2026 10:28:56 AM
27302A,N,O,04/07/2026 10:28:23 AM
27302B,N,O,04/07/2026 03:57:05 PM
27303A,N,O,04/07/2026 05:29:32 PM
27303B,N,O,04/07/2026 03:58:16 PM
27304A,N,O,04/07/2026 10:25:49 AM
27304B,N,O,04/07/2026 02:46:19 PM
27305A,N,O,04/07/2026 05:34:18 PM
27305B,N,V,04/07/2026 05:33:59 PM
27306A,N,O,04/07/2026 04:55:02 PM
27307A,N,O,04/07/2026 02:03:47 PM
27307B,N,O,04/07/2026 02:16:01 PM
27308A,N,O,04/07/2026 04:10:19 PM
27308B,N,O,04/07/2026 08:56:45 AM
27309A,N,O,04/07/2026 05:06:28 PM
27309B,N,V,04/07/2026 04:01:05 PM
2730A,N,O,04/07/2026 05:20:58 PM
2730B,N,O,04/07/2026 04:26:52 PM
27310A,N,O,04/07/2026 05:27:22 PM
27310B,N,O,04/07/2026 05:36:22 PM
27311A,N,O,04/07/2026 05:00:19 PM
27311B,N,O,04/07/2026 02:35:35 PM
27312A,N,O,04/07/2026 03:41:56 PM
27312B,N,V,04/07/2026 05:34:52 PM
27313A,N,O,04/07/2026 08:56:47 AM
27313B,N,O,04/07/2026 05:16:28 PM
27314A,N,O,04/07/2026 05:15:07 PM
27314B,N,O,04/07/2026 03:08:54 PM
27315A,N,O,04/07/2026 05:34:49 PM
27315B,N,O,04/07/2026 04:31:47 PM
27316A,N,O,04/07/2026 04:22:03 PM
27316B,N,O,04/07/2026 02:26:53 PM
27317A,N,O,04/07/2026 05:27:20 PM
27317B,N,O,04/07/2026 04:32:44 PM
27318A,N,O,04/07/2026 02:25:16 PM
27318B,N,O,04/07/2026 04:48:46 PM
27319B,N,O,04/07/2026 02:03:06 PM
2731A,N,O,04/07/2026 10:38:30 AM
2731B,N,O,04/07/2026 04:31:09 PM
27320A,N,O,04/07/2026 03:56:15 PM
27320B,N,O,04/07/2026 04:41:29 PM
27321A,N,V,04/07/2026 05:14:56 PM
27321B,N,O,04/07/2026 01:31:44 PM
27322A,N,O,04/07/2026 02:33:17 PM
27322B,N,O,04/07/2026 05:06:21 PM
27323A,N,V,04/07/2026 05:23:15 PM
27323B,N,O,04/07/2026 05:10:24 PM
27326A,N,O,04/07/2026 10:38:00 AM
27326B,N,O,04/07/2026 05:36:20 PM
27327A,NU,O,04/07/2026 08:57:51 AM
27327B,NU,V,04/07/2026 05:36:41 PM
27328A,N,O,04/07/2026 08:56:52 AM
27328B,N,O,04/07/2026 08:56:48 AM
27329A,N,O,04/07/2026 08:55:44 AM
27329B,N,O,04/07/2026 08:56:01 AM
2732A,N,O,04/07/2026 03:52:24 PM
2732B,N,O,04/07/2026 04:59:22 PM
27330A,N,O,04/07/2026 09:22:09 AM
27330B,N,O,04/07/2026 08:59:43 AM
27331A,N,O,04/07/2026 03:32:22 PM
27331B,N,O,04/06/2026 08:58:38 AM
27332A,N,O,04/07/2026 08:57:40 AM
27332B,N,O,04/07/2026 08:57:47 AM
27333A,N,O,04/07/2026 08:56:47 AM
27333B,N,O,04/07/2026 08:56:59 AM
27334A,N,O,04/06/2026 08:55:46 AM
27334B,N,O,04/07/2026 08:55:51 AM
27335A,N,O,04/07/2026 08:59:46 AM
27335B,N,O,04/07/2026 05:19:03 PM
27336A,N,O,04/07/2026 08:59:51 AM
27336B,N,O,04/07/2026 08:59:18 AM
27337A,N,V,04/07/2026 04:46:10 PM
27337B,N,O,04/07/2026 12:39:49 PM
27338A,N,V,04/07/2026 03:36:05 PM
27338B,N,V,07/29/2025 01:59:24 PM
27339A,N,V,04/07/2026 11:20:14 AM
27339B,N,O,04/07/2026 04:34:41 PM
2733A,N,O,04/07/2026 10:26:46 AM
2733B,N,O,04/07/2026 01:48:13 PM
27340A,N,O,04/07/2026 04:59:57 PM
27340B,N,O,04/07/2026 04:58:47 PM
27341A,N,V,04/05/2026 02:00:08 PM
27341B,N,O,04/07/2026 02:14:37 PM
27342A,N,O,04/07/2026 08:57:48 AM
27342B,N,O,04/07/2026 08:57:48 AM
27343A,N,V,04/07/2026 05:35:19 PM
27343B,N,V,04/06/2026 06:59:18 PM
27344A,N,O,04/07/2026 12:20:42 PM
27344B,N,O,04/05/2026 11:39:37 AM
27345A,N,O,04/07/2026 04:45:58 PM
27345B,N,O,04/06/2026 05:10:23 PM
27346A,N,O,04/07/2026 01:39:23 PM
27346B,N,O,04/07/2026 01:39:23 PM
27347A,N,V,04/07/2026 02:55:36 PM
27347B,N,O,04/07/2026 03:32:10 PM
27348A,N,O,04/06/2026 08:56:46 AM
27348B,N,O,04/07/2026 08:56:42 AM
27349A,N,O,04/07/2026 12:53:00 PM
27349B,N,O,04/07/2026 04:33:08 PM
27350A,N,O,04/07/2026 02:24:36 PM
27350B,N,O,04/07/2026 01:29:02 PM
27351A,N,V,04/07/2026 03:37:22 PM
27351B,N,V,04/07/2026 02:16:23 PM
27352A,N,O,04/07/2026 08:57:48 AM
27352B,N,O,04/07/2026 04:33:57 PM
27353A,N,V,04/07/2026 05:28:55 PM
27353B,N,V,02/12/2026 08:18:45 AM
27354A,N,O,04/07/2026 03:06:21 PM
27354B,N,V,04/07/2026 04:44:17 PM
27355A,N,V,04/07/2026 09:15:29 AM
27355B,N,V,04/07/2026 04:47:53 PM
27356A,N,V,04/06/2026 07:48:30 PM
27356B,N,V,04/07/2026 01:09:43 PM
27357A,N,O,04/07/2026 05:13:51 PM
27357B,N,V,04/07/2026 09:36:17 AM
27358A,N,O,04/07/2026 02:43:17 PM
27358B,N,O,04/07/2026 08:56:43 AM
27359A,N,V,04/07/2026 04:50:25 PM
27359B,N,O,04/07/2026 02:56:29 PM
27360A,N,V,04/07/2026 04:59:52 PM
27360B,N,V,04/07/2026 12:10:33 PM
27361A,N,O,04/07/2026 12:17:51 PM
27361B,N,V,04/07/2026 04:33:11 PM
27362A,N,O,04/07/2026 03:11:24 PM
27362B,N,V,04/07/2026 04:42:14 PM
27367A,N,O,04/07/2026 05:34:20 PM
27367B,N,V,04/07/2026 05:35:12 PM
27368A,N,O,04/07/2026 05:18:37 PM
27368B,N,O,04/07/2026 03:16:44 PM
27369A,N,O,04/07/2026 04:48:05 PM
27369B,N,V,04/07/2026 03:40:52 PM
27370A,N,O,04/07/2026 04:12:09 PM
27370B,N,V,04/07/2026 03:59:39 PM
27371A,N,V,04/07/2026 04:54:46 PM
27371B,N,O,04/07/2026 02:33:21 PM
27372A,N,O,04/07/2026 10:49:32 AM
27372B,N,O,04/07/2026 03:07:58 PM
27373A,N,V,04/07/2026 04:43:20 PM
27373B,N,O,04/07/2026 05:30:14 PM
27374A,N,O,04/07/2026 08:55:44 AM
27374B,N,O,04/07/2026 03:11:41 PM
27375A,N,O,04/07/2026 08:59:52 AM
27375B,N,O,04/07/2026 11:08:47 AM
27376A,N,O,04/07/2026 11:11:13 AM
27377A,N,O,04/07/2026 05:34:59 PM
27377B,N,V,04/07/2026 05:28:21 PM
27378A,N,V,04/07/2026 05:35:34 PM
27378B,N,O,04/07/2026 05:32:59 PM
27379A,N,V,04/07/2026 05:31:16 PM
27379B,N,O,04/07/2026 04:41:04 PM
2737A,N,O,04/07/2026 05:24:18 PM
27381B,N,O,04/07/2026 04:05:00 PM
27382A,N,V,04/07/2026 05:14:48 PM
27382B,N,O,04/07/2026 04:06:46 PM
27383A,N,O,04/07/2026 05:31:44 PM
27383B,N,V,04/07/2026 05:11:59 PM
27384A,N,V,04/07/2026 05:22:07 PM
27384B,N,O,04/07/2026 04:54:28 PM
27385A,N,O,04/07/2026 05:22:17 PM
27385B,N,O,04/07/2026 03:17:27 PM
27386A,N,O,04/07/2026 04:56:12 PM
27386B,N,O,04/07/2026 04:05:06 PM
27387A,N,V,04/07/2026 05:35:24 PM
27387B,N,O,04/07/2026 05:36:42 PM
27388A,N,V,04/07/2026 05:36:16 PM
27388B,N,O,04/07/2026 05:35:32 PM
27389A,N,O,04/07/2026 05:31:15 PM
27389B,N,V,04/07/2026 05:26:33 PM
2738A,N,O,04/07/2026 05:21:28 PM
2738B,N,O,04/07/2026 03:23:20 PM
27390B,N,O,04/07/2026 05:05:38 PM
27391A,N,V,04/02/2026 07:30:51 PM
27391B,N,V,04/02/2026 08:00:03 PM
27392A,N,O,04/02/2026 05:01:31 PM
27392B,N,O,04/02/2026 06:46:16 PM
27393A,N,O,04/02/2026 04:58:49 PM
27393B,N,O,04/02/2026 05:42:31 PM
27394A,N,V,04/02/2026 07:59:58 PM
27394B,N,O,04/02/2026 02:11:27 PM
27395A,N,O,04/02/2026 12:57:16 PM
27395B,N,O,04/02/2026 06:58:37 PM
27396A,N,O,04/02/2026 08:13:25 AM
27396B,N,O,04/02/2026 03:50:34 PM
27397A,N,V,04/02/2026 07:59:08 PM
27397B,N,O,04/02/2026 06:57:41 AM
27398A,N,O,04/02/2026 07:47:44 PM
27398B,N,O,04/02/2026 05:57:12 PM
27399B,N,O,04/02/2026 06:05:10 PM
2739A,N,O,04/07/2026 02:26:59 PM
2739B,N,O,04/07/2026 05:33:52 PM
27400A,N,O,04/02/2026 06:08:30 PM
27400B,N,O,04/02/2026 06:30:15 PM
27403B,N,O,04/07/2026 03:26:36 PM
27404A,N,O,04/07/2026 10:46:59 AM
27405B,N,O,04/07/2026 02:57:56 PM
27406A,N,O,04/07/2026 02:08:59 PM
27406B,N,O,04/07/2026 03:50:32 PM
27408B,N,O,04/07/2026 03:52:37 PM
27409A,N,O,04/07/2026 04:40:23 PM
27409B,N,O,04/07/2026 10:25:58 AM
2740A,N,O,04/07/2026 04:47:13 PM
2740B,N,O,04/07/2026 05:02:10 PM
27410A,N,O,04/07/2026 12:44:31 PM
27410B,N,O,04/07/2026 12:44:57 PM
27412B,N,V,04/07/2026 05:31:16 PM
27413B,N,O,04/07/2026 08:56:52 AM
27415B,N,O,04/07/2026 05:36:04 PM
27416A,N,O,04/07/2026 10:28:51 AM
27416B,N,O,04/07/2026 10:28:55 AM
27417A,N,O,04/07/2026 02:26:45 PM
27417B,N,O,04/07/2026 08:57:52 AM
27418B,N,O,04/07/2026 08:56:44 AM
27419A,N,O,04/07/2026 12:31:44 PM
27419B,N,O,04/07/2026 09:47:50 AM
2741A,N,O,04/07/2026 04:17:18 PM
2741B,N,O,04/07/2026 02:00:23 PM
27420A,N,O,04/07/2026 04:40:22 PM
27420B,N,O,04/07/2026 01:02:28 PM
27421A,N,O,04/07/2026 04:37:11 PM
27421B,N,O,04/07/2026 04:20:29 PM
27426B,N,O,04/07/2026 05:23:44 PM
27427A,N,O,04/07/2026 08:57:45 AM
27427B,N,O,04/07/2026 02:42:39 PM
27428A,N,O,04/07/2026 01:53:09 PM
27428B,N,O,04/07/2026 05:18:48 PM
27429A,N,O,04/07/2026 02:47:57 PM
27429B,N,O,04/07/2026 04:51:25 PM
2742A,N,O,04/07/2026 08:57:47 AM
2742B,N,O,04/07/2026 05:01:37 PM
27430A,N,O,04/07/2026 03:37:12 PM
27430B,N,V,04/07/2026 05:33:59 PM
27431A,N,O,04/07/2026 08:58:53 AM
27431B,N,O,04/07/2026 01:09:19 PM
27432A,N,O,04/07/2026 03:15:35 PM
27432B,N,O,04/07/2026 08:57:47 AM
27433A,N,O,04/07/2026 02:17:11 PM
27433B,N,O,04/07/2026 05:16:57 PM
27434A,N,O,04/07/2026 05:01:06 PM
27434B,N,O,04/07/2026 04:51:45 PM
27435A,N,O,04/07/2026 05:23:34 PM
27435B,N,O,04/07/2026 05:29:30 PM
27436A,N,O,04/07/2026 04:31:21 PM
27436B,N,O,04/07/2026 03:49:55 PM
27437A,N,O,04/07/2026 02:01:28 PM
27437B,N,O,04/07/2026 05:09:49 PM
27438A,N,O,04/07/2026 05:06:56 PM
27438B,N,O,04/07/2026 12:41:05 PM
27439A,N,O,04/07/2026 11:46:21 AM
27439B,N,V,04/07/2026 05:35:25 PM
27440A,N,V,04/07/2026 05:24:57 PM
27440B,N,O,04/07/2026 05:35:42 PM
27441A,N,O,04/07/2026 05:35:34 PM
27442B,N,O,04/07/2026 04:07:16 PM
27443A,N,O,04/07/2026 05:05:22 PM
27443B,N,O,04/07/2026 03:14:56 PM
27444A,N,O,04/07/2026 05:25:35 PM
27444B,N,O,04/07/2026 05:34:45 PM
27445A,N,O,04/07/2026 04:03:53 PM
27445B,N,O,04/07/2026 04:52:59 PM
27446A,N,O,04/07/2026 05:04:24 PM
27446B,N,O,04/07/2026 04:51:03 PM
27447A,N,O,04/07/2026 08:57:48 AM
27447B,N,O,04/07/2026 04:52:40 PM
27448A,N,O,04/07/2026 04:48:15 PM
27448B,N,O,04/07/2026 05:04:03 PM
27449A,N,O,04/07/2026 04:40:44 PM
27449B,N,O,04/07/2026 05:13:35 PM
27450A,N,O,04/07/2026 08:59:43 AM
27450B,N,O,04/07/2026 05:16:12 PM
27451A,N,O,04/07/2026 08:58:43 AM
27452A,N,O,04/07/2026 08:57:50 AM
27452B,N,O,04/07/2026 04:15:38 PM
27453A,N,V,04/07/2026 05:31:20 PM
27453B,N,V,04/07/2026 05:31:49 PM
27454A,N,V,04/07/2026 05:35:22 PM
27454B,N,O,04/07/2026 08:55:52 AM
27455A,N,O,04/07/2026 03:27:53 PM
27455B,N,O,04/07/2026 05:13:14 PM
27456A,N,V,04/07/2026 05:06:09 PM
27456B,N,O,04/07/2026 04:58:02 PM
27457A,N,V,04/07/2026 04:18:22 PM
27457B,N,V,04/07/2026 04:18:22 PM
27458A,N,V,04/07/2026 02:58:43 PM
27458B,N,V,04/07/2026 12:46:05 PM
27459A,N,V,04/07/2026 03:26:46 PM
27459B,N,V,04/06/2026 07:02:43 PM
27460A,N,V,04/07/2026 04:13:03 PM
27460B,N,V,04/07/2026 05:08:58 PM
27461A,N,O,04/07/2026 05:03:56 PM
27461B,N,V,04/07/2026 04:34:48 PM
27462A,N,O,04/04/2026 09:57:46 AM
27462B,N,O,04/07/2026 09:57:52 AM
27463A,N,O,04/07/2026 09:56:48 AM
27463B,N,O,04/07/2026 09:56:55 AM
27464A,N,O,04/07/2026 09:55:43 AM
27465A,N,O,04/07/2026 01:41:53 PM
27465B,N,O,04/07/2026 08:59:39 AM
27466A,N,O,04/07/2026 11:42:50 AM
27466B,N,O,04/07/2026 03:37:38 PM
27467A,N,O,04/07/2026 03:23:41 PM
27467B,N,O,04/07/2026 05:21:28 PM
27468A,N,O,04/07/2026 03:12:59 PM
27468B,N,O,04/07/2026 03:51:30 PM
27470B,N,O,04/07/2026 05:36:18 PM
27471A,N,O,04/07/2026 03:05:44 PM
27471B,N,O,04/07/2026 04:09:56 PM
27472A,N,V,04/07/2026 05:20:31 PM
27472B,N,O,04/07/2026 03:07:22 PM
27473A,N,V,04/07/2026 05:16:07 PM
27473B,N,V,04/07/2026 05:22:16 PM
27474A,N,O,04/07/2026 03:14:36 PM
27475A,N,V,04/07/2026 05:24:08 PM
27475B,N,O,04/07/2026 05:22:54 PM
27476A,N,O,04/07/2026 04:42:29 PM
27476B,N,O,04/07/2026 04:28:59 PM
27477A,N,V,04/07/2026 05:35:39 PM
27477B,N,O,04/07/2026 12:20:21 PM
27478A,N,O,04/07/2026 08:56:47 AM
27478B,N,V,04/07/2026 05:29:42 PM
27479A,N,V,04/07/2026 05:35:18 PM
27479B,N,O,04/07/2026 04:43:24 PM
27480A,N,O,04/07/2026 02:59:06 PM
27480B,N,O,04/07/2026 04:15:27 PM
27481B,N,V,04/07/2026 05:21:12 PM
27482A,N,O,04/07/2026 04:08:20 PM
27482B,N,O,04/07/2026 05:29:11 PM
27483A,N,O,04/07/2026 04:42:03 PM
27483B,N,O,04/07/2026 03:19:48 PM
27484A,N,O,04/07/2026 05:17:52 PM
27484B,N,O,04/07/2026 11:51:59 AM
27485A,N,O,04/07/2026 04:20:41 PM
27485B,N,O,04/07/2026 03:39:30 PM
27486A,N,O,04/07/2026 03:33:46 PM
27486B,N,O,04/07/2026 04:18:02 PM
27488A,N,V,04/06/2026 02:31:47 PM
27488B,N,V,04/07/2026 02:16:27 PM
27489A,N,O,04/07/2026 04:53:22 PM
27489B,N,V,04/07/2026 01:15:59 PM
27490A,N,V,04/07/2026 04:25:12 PM
27490B,N,V,04/06/2026 05:36:59 PM
27491A,N,V,04/06/2026 07:29:44 PM
27491B,N,V,04/07/2026 01:35:15 PM
27492A,N,V,04/07/2026 05:17:23 PM
27492B,N,V,04/07/2026 05:16:46 PM
27493A,N,V,04/07/2026 04:28:27 PM
27493B,N,V,04/07/2026 02:18:39 PM
27494A,N,V,04/06/2026 04:09:24 PM
27494B,N,V,04/06/2026 04:09:32 PM
27495A,N,V,04/07/2026 03:31:49 PM
27495B,N,V,04/07/2026 03:31:06 PM
27496B,N,V,04/06/2026 04:01:56 PM
27497A,N,V,04/07/2026 11:20:25 AM
27497B,N,V,04/07/2026 11:17:26 AM
27498A,N,V,04/07/2026 02:06:46 PM
27498B,N,V,04/06/2026 04:32:56 PM
27499A,N,V,04/07/2026 04:07:02 PM
27499B,N,O,04/07/2026 05:17:17 PM
27500B,N,V,04/07/2026 02:03:13 PM
27501A,N,O,04/07/2026 08:58:50 AM
27501B,N,O,04/07/2026 08:59:14 AM
27502A,N,V,04/07/2026 04:55:04 PM
27502B,N,O,04/07/2026 08:57:59 AM
27503A,N,O,04/07/2026 08:56:39 AM
27503B,N,O,04/07/2026 08:56:39 AM
27504A,N,O,04/07/2026 09:08:52 AM
27504B,N,O,04/07/2026 05:17:56 PM
27505A,N,O,04/07/2026 05:10:40 PM
27505B,N,O,04/07/2026 08:59:45 AM
27506A,N,V,04/07/2026 05:36:26 PM
27506B,N,V,04/07/2026 05:19:23 PM
27507A,N,O,04/07/2026 03:42:36 PM
27507B,N,O,04/07/2026 05:04:15 PM
27508A,N,O,04/07/2026 03:37:23 PM
27508B,N,O,04/07/2026 03:23:38 PM
27509A,N,O,04/07/2026 04:29:41 PM
27509B,N,V,04/07/2026 04:49:57 PM
27510A,N,O,04/07/2026 03:34:40 PM
27510B,N,O,04/07/2026 04:50:50 PM
27511A,N,V,04/07/2026 04:30:33 PM
27511B,N,O,04/07/2026 05:21:20 PM
27512A,N,O,04/07/2026 05:02:06 PM
27512B,N,V,04/07/2026 05:32:34 PM
27513A,N,O,04/07/2026 04:57:20 PM
27513B,N,V,04/07/2026 05:30:31 PM
27514A,N,O,04/07/2026 04:07:26 PM
27514B,N,O,04/07/2026 02:03:38 PM
27515A,N,O,04/07/2026 05:25:39 PM
27515B,N,O,04/07/2026 03:06:11 PM
27516A,N,O,04/07/2026 05:33:30 PM
27516B,N,O,04/07/2026 12:09:16 PM
27517A,N,O,04/07/2026 04:26:18 PM
27517B,N,O,04/07/2026 05:29:06 PM
27518A,N,V,04/07/2026 04:37:11 PM
27518B,N,O,04/07/2026 03:41:19 PM
27519A,N,O,04/07/2026 02:20:41 PM
2751A,N,O,04/07/2026 04:52:23 PM
27521B,N,O,04/07/2026 01:58:49 PM
27522A,N,V,04/07/2026 05:04:54 PM
27522B,N,V,04/07/2026 05:05:01 PM
27523A,N,V,04/07/2026 03:20:00 PM
27523B,N,V,04/07/2026 04:55:30 PM
27524A,N,V,04/07/2026 01:40:15 PM
27524B,N,V,04/07/2026 03:10:29 PM
27525A,N,V,04/07/2026 03:50:59 PM
27525B,N,V,04/07/2026 04:36:42 PM
27526A,N,O,04/06/2026 03:44:53 PM
27526B,N,V,04/07/2026 04:31:19 PM
27527A,N,V,04/07/2026 01:27:29 PM
27527B,N,V,04/07/2026 03:25:35 PM
27528A,N,V,04/07/2026 03:26:52 PM
27528B,N,V,04/07/2026 03:35:05 PM
27529A,N,V,04/07/2026 04:47:22 PM
27529B,N,V,04/07/2026 03:59:33 PM
2752A,N,O,04/07/2026 03:23:59 PM
2752B,N,O,04/07/2026 10:27:43 AM
27530A,N,O,04/07/2026 01:16:31 PM
27530B,N,V,04/07/2026 02:36:22 PM
27531A,N,V,04/07/2026 05:09:49 PM
27531B,N,V,04/07/2026 03:56:13 PM
27532A,N,O,04/07/2026 05:00:12 PM
27532B,N,V,04/07/2026 04:45:48 PM
27533A,N,O,04/07/2026 04:58:03 PM
27533B,N,O,04/07/2026 04:09:51 PM
27534A,N,O,04/07/2026 08:56:00 AM
27534B,N,O,04/07/2026 08:55:53 AM
27535A,N,O,04/07/2026 09:00:06 AM
27535B,N,O,04/07/2026 08:59:38 AM
27536A,N,O,04/07/2026 08:58:54 AM
27536B,N,O,04/07/2026 08:58:47 AM
27537A,N,O,04/07/2026 11:26:46 AM
27537B,N,O,04/07/2026 12:17:05 PM
27538A,N,O,04/07/2026 05:17:46 PM
27538B,N,O,04/07/2026 05:34:01 PM
27539A,N,O,04/07/2026 08:55:48 AM
27539B,N,O,04/07/2026 10:52:22 AM
2753A,N,O,04/07/2026 04:53:12 PM
2753B,N,O,04/07/2026 04:28:38 PM
27541B,N,O,04/07/2026 05:35:34 PM
27542A,N,O,04/07/2026 03:49:15 PM
27542B,N,O,04/07/2026 08:57:44 AM
27543A,N,O,04/07/2026 05:31:00 PM
27543B,N,O,04/07/2026 05:31:22 PM
27544A,N,O,04/07/2026 04:49:32 PM
27544B,N,O,04/07/2026 04:59:23 PM
27545A,N,O,04/07/2026 05:15:16 PM
27545B,N,V,04/07/2026 05:32:18 PM
27546A,N,O,04/07/2026 04:51:15 PM
27546B,N,O,04/07/2026 05:09:59 PM
27547A,N,O,04/07/2026 05:11:06 PM
27547B,N,O,04/07/2026 05:03:50 PM
27548B,N,V,04/07/2026 11:20:33 AM
27549A,N,O,04/07/2026 05:08:24 PM
27549B,N,V,04/07/2026 02:52:51 PM
2754A,N,O,04/07/2026 05:33:40 PM
2754B,N,O,04/07/2026 02:58:33 PM
27550A,N,V,04/07/2026 02:51:00 PM
27550B,N,V,04/07/2026 04:27:25 PM
27551A,N,O,04/07/2026 05:15:49 PM
27552A,N,O,04/06/2026 09:06:40 PM
27552B,N,V,04/06/2026 08:41:28 PM
27553A,N,V,04/07/2026 10:01:39 AM
27553B,N,V,04/07/2026 11:49:50 AM
27556A,N,V,04/07/2026 05:01:29 PM
27556B,N,V,04/07/2026 05:27:07 PM
27557A,N,V,04/07/2026 02:39:54 PM
27557B,N,O,04/07/2026 04:08:43 PM
27558A,N,V,04/07/2026 10:02:33 AM
27558B,N,O,04/07/2026 05:33:07 PM
27559A,N,O,04/07/2026 05:13:34 PM
27559B,N,V,04/06/2026 08:13:27 PM
2755A,N,O,04/07/2026 05:22:35 PM
2755B,N,O,04/07/2026 10:29:49 AM
27560A,N,V,04/07/2026 04:53:18 PM
27560B,N,O,04/07/2026 05:11:58 PM
27561A,N,O,04/07/2026 02:02:22 PM
27561B,N,O,04/07/2026 05:16:13 PM
27562A,N,V,04/07/2026 03:47:57 PM
27562B,N,V,04/07/2026 09:19:14 AM
27563A,N,V,04/07/2026 02:11:57 PM
27563B,N,O,04/07/2026 05:34:09 PM
27564A,N,V,04/07/2026 03:23:31 PM
27564B,N,O,04/07/2026 03:07:27 PM
27565A,N,V,04/07/2026 03:23:55 PM
27565B,N,O,04/07/2026 05:30:21 PM
27566A,N,V,04/07/2026 01:00:28 PM
27566B,N,O,04/07/2026 12:54:13 PM
27567A,N,V,04/07/2026 04:21:07 PM
27567B,N,O,04/07/2026 05:33:09 PM
27568A,N,V,04/07/2026 01:29:31 PM
27568B,N,V,04/07/2026 02:59:10 PM
27569B,N,V,04/07/2026 02:59:10 PM
2756A,N,V,04/07/2026 05:35:27 PM
2756B,N,O,04/07/2026 02:58:24 PM
27570A,N,O,04/07/2026 12:40:35 PM
27570B,N,O,04/07/2026 09:43:10 AM
27571A,N,O,04/07/2026 04:44:46 PM
27571B,N,O,04/07/2026 04:22:30 PM
27572A,N,O,04/07/2026 11:57:48 AM
27572B,N,O,04/07/2026 01:35:10 PM
27573A,N,O,04/07/2026 12:58:19 PM
27573B,N,O,04/07/2026 02:49:29 PM
27574B,N,O,04/07/2026 12:13:59 PM
27575A,N,O,04/07/2026 02:52:44 PM
27575B,N,V,04/07/2026 09:29:26 AM
27576A,N,V,04/07/2026 03:52:45 PM
27576B,N,V,04/07/2026 04:52:07 PM
27577A,N,O,04/07/2026 05:08:09 PM
27578A,N,O,04/07/2026 05:03:43 PM
27578B,N,V,04/07/2026 05:03:26 PM
27579A,N,V,04/07/2026 05:04:31 PM
27579B,N,V,04/07/2026 05:31:44 PM
27580A,N,O,04/07/2026 05:05:41 PM
27581A,N,O,04/07/2026 05:03:59 PM
27581B,N,O,04/07/2026 05:32:22 PM
27582A,N,O,04/07/2026 03:43:02 PM
27582B,N,O,04/07/2026 04:22:01 PM
27583A,N,O,04/07/2026 02:40:56 PM
27587A,N,O,04/07/2026 09:54:57 AM
27587B,N,O,04/07/2026 05:18:03 PM
27588A,N,O,04/07/2026 03:42:38 PM
27588B,N,O,04/07/2026 05:29:39 PM
27589A,N,V,04/07/2026 04:46:09 PM
2758A,N,O,04/07/2026 04:50:41 PM
2758B,N,V,04/07/2026 05:34:31 PM
27590A,N,O,04/07/2026 05:33:38 PM
27590B,N,O,04/06/2026 08:59:49 AM
27591A,N,O,04/07/2026 04:45:00 PM
27591B,N,O,04/07/2026 04:23:51 PM
27592A,N,O,04/07/2026 01:29:04 PM
27593A,N,O,04/07/2026 01:44:51 PM
27593B,N,O,04/07/2026 04:55:39 PM
27594A,N,O,04/07/2026 04:40:51 PM
27594B,N,O,04/07/2026 05:30:51 PM
27595A,N,V,04/07/2026 05:35:59 PM
27596A,N,O,04/07/2026 05:36:35 PM
27599B,N,O,04/07/2026 09:41:05 AM
2759A,N,O,04/07/2026 03:24:22 PM
2759B,N,V,04/07/2026 05:18:06 PM
27600A,N,V,04/07/2026 01:49:24 PM
27600B,N,O,04/07/2026 05:12:30 PM
27601A,N,O,04/07/2026 05:31:25 PM
27601B,N,O,04/07/2026 10:50:03 AM
27602A,N,O,04/07/2026 08:58:09 AM
27605A,N,V,04/07/2026 04:34:43 PM
27606B,N,V,04/07/2026 09:14:10 AM
27607A,N,O,04/07/2026 05:08:51 PM
27607B,N,O,04/07/2026 05:16:04 PM
27608A,N,O,04/07/2026 04:54:15 PM
27608B,N,O,04/07/2026 04:38:29 PM
27609A,N,O,04/07/2026 05:13:40 PM
27609B,N,O,04/07/2026 04:07:55 PM
2760B,N,O,04/07/2026 05:36:33 PM
27610A,N,O,04/07/2026 02:12:48 PM
27610B,N,O,04/07/2026 03:51:55 PM
27611A,N,O,04/07/2026 03:04:34 PM
27611B,N,O,04/07/2026 05:10:20 PM
27612A,N,O,04/07/2026 05:26:29 PM
27612B,N,O,04/07/2026 03:12:26 PM
27613A,N,O,04/07/2026 04:16:30 PM
27613B,N,O,04/07/2026 05:29:56 PM
27614A,N,O,04/07/2026 04:45:05 PM
27614B,N,O,04/07/2026 03:57:53 PM
27615A,N,O,04/07/2026 05:31:07 PM
27615B,N,V,04/07/2026 05:17:29 PM
27616A,N,V,04/07/2026 05:17:55 PM
27616B,N,V,04/07/2026 05:35:55 PM
27617A,N,O,04/07/2026 02:25:08 PM
27617B,N,O,04/07/2026 02:51:57 PM
27618B,N,O,04/07/2026 05:09:36 PM
27619A,N,O,04/07/2026 03:19:43 PM
27619B,N,O,04/07/2026 04:33:43 PM
2761B,N,O,04/07/2026 04:22:27 PM
27620B,N,O,04/07/2026 01:33:21 PM
27622A,N,O,04/07/2026 02:43:52 PM
27622B,N,O,04/07/2026 04:52:44 PM
27625A,N,O,04/07/2026 05:19:28 PM
27625B,N,O,04/07/2026 05:36:36 PM
27626A,N,V,04/07/2026 05:35:52 PM
27626B,N,O,04/07/2026 02:59:02 PM
27627A,N,O,04/07/2026 05:28:24 PM
27627B,N,O,04/07/2026 03:43:22 PM
27628A,N,O,04/07/2026 05:27:03 PM
27628B,N,O,04/07/2026 08:56:43 AM
27629A,N,O,04/07/2026 05:20:34 PM
27629B,N,V,04/07/2026 05:36:32 PM
2762A,N,O,04/07/2026 03:18:49 PM
2762B,N,O,04/07/2026 03:47:51 PM
27630A,N,O,04/07/2026 04:45:15 PM
27630B,N,O,04/07/2026 05:15:05 PM
27631A,N,O,04/07/2026 05:20:38 PM
27631B,N,V,04/07/2026 05:17:04 PM
27632A,N,V,04/07/2026 05:23:57 PM
27632B,N,O,04/07/2026 05:28:23 PM
27633A,N,O,04/07/2026 02:15:23 PM
27633B,N,O,04/07/2026 01:28:57 PM
27634B,N,O,04/06/2026 09:59:40 PM
27635A,N,O,04/07/2026 05:06:24 PM
27635B,N,O,04/07/2026 08:59:53 AM
27636A,N,O,04/07/2026 04:25:58 PM
27636B,N,O,04/07/2026 05:36:31 PM
27637A,N,O,04/07/2026 01:51:05 PM
27637B,N,O,04/07/2026 05:09:00 PM
27638A,N,O,04/07/2026 02:27:22 PM
27638B,N,V,04/07/2026 05:08:20 PM
27639A,N,V,04/07/2026 05:35:56 PM
27639B,N,O,04/07/2026 05:36:32 PM
2763A,N,V,04/07/2026 05:30:17 PM
2763B,N,O,04/07/2026 05:07:54 PM
27641A,N,O,04/07/2026 05:35:37 PM
27641B,N,O,04/07/2026 05:11:19 PM
27642A,N,O,04/07/2026 04:16:52 PM
27642B,N,V,04/07/2026 05:33:48 PM
27643A,N,O,04/07/2026 05:35:39 PM
27643B,N,O,04/07/2026 04:50:35 PM
27644A,N,O,04/07/2026 10:49:25 AM
27644B,N,O,04/07/2026 04:35:36 PM
27645A,N,O,04/07/2026 02:46:24 PM
27645B,N,O,04/07/2026 05:10:49 PM
2764A,N,O,04/07/2026 01:47:38 PM
2764B,N,O,04/07/2026 04:36:25 PM
27654B,N,O,04/07/2026 05:00:47 PM
27655A,N,O,04/07/2026 05:36:24 PM
27655B,N,O,04/07/2026 02:30:48 PM
27656A,N,O,04/07/2026 03:15:15 PM
27656B,N,V,04/07/2026 04:44:41 PM
27657A,N,O,04/07/2026 03:24:12 PM
27657B,N,O,04/07/2026 08:57:47 AM
27658A,N,V,04/07/2026 05:10:34 PM
27658B,N,V,04/07/2026 04:15:29 PM
27659A,N,V,04/07/2026 03:05:41 PM
27659B,N,O,04/07/2026 03:25:14 PM
2765A,N,O,04/07/2026 10:45:43 AM
2765B,N,O,04/07/2026 01:34:17 PM
27660A,N,O,04/07/2026 11:42:20 AM
27660B,N,V,04/07/2026 04:36:51 PM
27661A,N,O,04/07/2026 10:11:40 AM
27662A,N,O,04/07/2026 04:06:24 PM
27662B,N,O,04/07/2026 03:52:17 PM
27663B,N,O,04/07/2026 04:02:16 PM
27664A,N,O,04/07/2026 03:45:02 PM
27664B,N,O,04/07/2026 04:06:09 PM
27665A,N,O,04/07/2026 04:56:45 PM
27665B,N,O,04/07/2026 05:12:20 PM
27666A,N,O,04/07/2026 05:15:38 PM
27666B,N,O,04/07/2026 05:28:10 PM
27667A,N,O,04/07/2026 04:52:57 PM
27667B,N,O,04/07/2026 03:01:27 PM
27668A,N,O,04/07/2026 05:07:56 PM
27668B,N,O,04/07/2026 12:30:00 PM
27669A,N,O,04/07/2026 04:27:17 PM
27669B,N,O,04/07/2026 02:09:35 PM
2766A,N,O,04/07/2026 05:29:12 PM
2766B,N,O,04/07/2026 08:58:45 AM
27670A,N,O,04/07/2026 11:58:50 AM
27670B,N,V,04/07/2026 03:38:06 PM
27671A,N,O,04/07/2026 12:40:03 PM
27671B,N,O,04/07/2026 03:10:45 PM
27672A,N,O,04/07/2026 02:49:02 PM
27672B,N,O,04/07/2026 04:33:03 PM
27673B,N,O,04/07/2026 04:05:46 PM
27674A,N,O,04/07/2026 04:37:54 PM
27674B,N,O,04/07/2026 05:04:44 PM
27675A,N,O,04/07/2026 05:19:02 PM
27676A,N,O,04/07/2026 09:03:25 AM
27676B,N,O,04/07/2026 02:53:19 PM
27677A,N,O,04/07/2026 04:40:26 PM
27677B,N,O,04/07/2026 04:40:39 PM
27678A,N,O,04/07/2026 03:49:49 PM
27678B,N,O,04/07/2026 03:49:56 PM
27679A,N,O,04/07/2026 08:55:44 AM
27679B,N,O,04/07/2026 04:46:58 PM
2767A,N,O,04/07/2026 01:18:43 PM
2767B,N,O,04/07/2026 04:14:03 PM
27680A,N,O,04/07/2026 08:59:43 AM
27680B,N,O,04/07/2026 03:06:54 PM
27681A,N,O,04/07/2026 09:03:34 AM
27681B,N,O,04/07/2026 03:37:22 PM
27682B,N,O,04/07/2026 09:58:15 AM
27683A,N,O,04/07/2026 02:19:06 PM
27683B,N,V,04/07/2026 05:36:20 PM
27684A,N,O,04/07/2026 03:24:53 PM
27684B,N,O,03/16/2026 05:32:44 PM
27686A,N,O,04/07/2026 01:51:45 PM
27686B,N,O,04/07/2026 08:58:44 AM
27687A,N,O,04/07/2026 08:57:48 AM
27687B,N,O,04/07/2026 08:57:48 AM
27688A,N,O,04/06/2026 08:56:39 AM
27688B,N,O,04/07/2026 08:56:52 AM
27689A,N,O,04/07/2026 08:55:42 AM
27689B,N,O,04/07/2026 08:55:49 AM
2768A,N,O,04/07/2026 05:22:33 PM
2768B,N,O,04/07/2026 04:31:10 PM
27690A,N,O,04/06/2026 08:59:45 AM
27690B,N,O,04/07/2026 09:45:52 AM
27691A,N,V,04/07/2026 03:44:08 PM
27691B,N,V,04/07/2026 04:54:45 PM
27692A,N,V,04/07/2026 04:49:12 PM
27692B,N,V,04/07/2026 04:49:05 PM
27693A,N,V,04/07/2026 10:22:23 AM
27693B,N,V,04/07/2026 04:29:22 PM
27694A,N,V,04/07/2026 04:59:07 PM
27694B,N,V,04/07/2026 05:30:38 PM
27695A,N,V,04/07/2026 05:35:08 PM
27695B,N,V,04/07/2026 05:08:30 PM
27696A,N,V,04/07/2026 03:35:57 PM
27696B,N,V,04/07/2026 02:22:50 PM
27697A,N,V,04/07/2026 03:29:40 PM
27697B,N,V,04/07/2026 04:20:37 PM
2769A,N,O,04/07/2026 08:55:45 AM
2769B,N,O,04/07/2026 05:17:13 PM
27701A,N,O,04/07/2026 08:58:46 AM
27701B,N,O,04/07/2026 10:31:05 AM
27702A,N,O,04/07/2026 05:12:10 PM
27702B,N,O,04/07/2026 12:51:21 PM
27703A,N,O,04/07/2026 05:35:46 PM
27703B,N,O,04/07/2026 01:51:46 PM
27705A,N,O,04/07/2026 03:43:52 PM
27706B,N,O,04/07/2026 03:06:17 PM
27707A,N,O,04/07/2026 05:07:06 PM
27707B,N,O,04/07/2026 05:08:17 PM
27708A,N,V,04/07/2026 05:34:35 PM
27708B,N,O,04/07/2026 04:40:42 PM
27709A,N,O,04/07/2026 05:26:00 PM
27709B,N,V,04/07/2026 05:35:25 PM
27711B,N,O,04/07/2026 04:05:17 PM
27712A,N,O,04/07/2026 02:58:29 PM
27712B,N,O,04/07/2026 12:16:46 PM
27713A,N,O,04/07/2026 10:34:21 AM
27713B,N,O,04/07/2026 03:17:32 PM
27714A,N,V,04/07/2026 05:18:03 PM
27715A,N,O,04/07/2026 05:29:52 PM
27715B,N,O,04/07/2026 04:36:48 PM
27716A,N,O,04/07/2026 04:06:52 PM
27716B,N,O,04/07/2026 05:18:00 PM
27717B,N,O,04/07/2026 04:45:06 PM
27719A,N,V,04/07/2026 02:29:42 PM
27719B,N,V,04/07/2026 05:29:39 PM
2771A,N,O,04/07/2026 01:43:24 PM
2771B,N,O,04/07/2026 04:06:25 PM
27720A,N,V,04/07/2026 01:57:28 PM
27720B,N,V,04/07/2026 05:36:24 PM
27721A,N,V,04/07/2026 03:11:11 PM
27721B,N,V,04/07/2026 05:36:19 PM
27722A,N,V,04/07/2026 10:50:07 AM
27722B,N,O,04/07/2026 04:49:11 PM
27723A,N,V,04/07/2026 04:52:44 PM
27724A,N,O,04/07/2026 08:55:49 AM
27724B,N,O,04/07/2026 08:55:49 AM
27725A,N,V,04/05/2026 02:01:15 PM
27725B,N,O,04/07/2026 11:42:59 AM
27726A,N,V,04/06/2026 09:59:49 PM
27726B,N,V,04/07/2026 05:26:20 PM
27727A,N,V,04/07/2026 05:03:58 PM
27727B,N,O,04/07/2026 03:54:13 PM
27728A,N,V,04/07/2026 09:04:24 AM
27728B,N,V,04/07/2026 05:32:44 PM
27729A,N,O,04/07/2026 04:27:08 PM
27729B,N,V,04/07/2026 05:35:27 PM
2772A,N,V,04/07/2026 05:34:12 PM
2772B,N,O,04/07/2026 04:45:25 PM
27730A,N,V,04/07/2026 01:31:36 PM
27730B,N,O,04/07/2026 05:35:37 PM
27731A,N,V,04/06/2026 03:59:24 PM
27731B,N,V,04/04/2026 11:08:53 AM
27732A,N,V,04/05/2026 05:21:37 PM
27733A,N,V,04/07/2026 01:57:06 PM
27733B,N,V,04/07/2026 03:24:46 PM
27734A,N,V,04/07/2026 05:35:30 PM
27734B,N,O,04/07/2026 05:36:42 PM
27735A,N,V,04/07/2026 05:36:40 PM
27735B,N,O,04/07/2026 05:28:47 PM
27736A,N,V,04/07/2026 05:31:40 PM
27736B,N,O,04/07/2026 05:29:52 PM
27737A,N,O,04/07/2026 04:07:35 PM
27737B,N,V,04/07/2026 04:58:13 PM
27738A,N,O,04/07/2026 05:34:53 PM
27739A,N,V,04/07/2026 05:15:55 PM
27739B,N,V,04/07/2026 05:06:46 PM
27740A,N,O,04/07/2026 05:20:31 PM
27740B,N,O,04/07/2026 05:25:46 PM
27741A,N,V,04/07/2026 05:26:23 PM
27741B,N,V,04/07/2026 05:35:01 PM
27742A,N,V,04/07/2026 12:04:14 PM
27742B,N,V,04/07/2026 03:19:21 PM
27743A,N,V,04/07/2026 05:36:29 PM
27743B,N,O,04/07/2026 05:29:21 PM
27744A,N,V,04/07/2026 04:06:35 PM
27744B,N,V,04/07/2026 05:20:14 PM
27745A,N,V,04/07/2026 01:38:53 PM
27745B,N,V,04/07/2026 05:36:29 PM
27746A,N,O,04/07/2026 04:48:33 PM
27746B,N,V,04/07/2026 05:33:54 PM
27747A,N,V,04/04/2026 08:58:25 AM
27747B,N,V,04/07/2026 03:07:22 PM
27748A,N,V,04/07/2026 02:32:52 PM
27748B,N,V,04/07/2026 04:03:44 PM
27749A,N,O,04/07/2026 02:45:48 PM
2774A,N,O,04/07/2026 03:03:54 PM
2774B,N,O,04/07/2026 04:41:35 PM
27750A,N,O,04/07/2026 08:59:39 AM
27750B,N,V,04/07/2026 04:23:40 PM
27751A,N,O,04/07/2026 05:29:11 PM
27752A,N,V,04/07/2026 04:19:31 PM
27752B,N,V,04/07/2026 05:22:55 PM
27753A,N,V,04/07/2026 11:50:40 AM
27753B,N,O,04/07/2026 03:12:46 PM
27754A,N,V,04/06/2026 10:47:20 AM
27754B,N,V,04/07/2026 05:29:39 PM
27755A,N,V,04/07/2026 11:18:39 AM
27755B,N,O,04/06/2026 09:52:51 PM
27756A,N,V,04/03/2026 08:37:17 PM
27756B,N,V,04/06/2026 02:51:00 PM
27757A,N,V,04/04/2026 01:16:35 PM
27757B,N,V,04/04/2026 10:59:31 AM
27758A,N,V,04/04/2026 06:54:48 PM
27758B,N,V,04/05/2026 11:26:40 AM
27759A,N,V,04/05/2026 10:38:17 AM
27759B,N,V,04/05/2026 10:38:21 AM
2775B,N,O,04/07/2026 04:28:53 PM
27760A,N,V,04/07/2026 05:31:57 PM
27760B,N,V,04/05/2026 03:56:32 PM
27761A,N,V,04/05/2026 03:56:35 PM
27761B,N,V,04/07/2026 03:38:00 PM
27762A,N,V,04/07/2026 05:10:15 PM
27762B,N,V,04/07/2026 12:24:18 PM
27763A,N,O,04/07/2026 05:36:44 PM
27763B,N,V,04/07/2026 04:05:22 PM
27764A,N,V,04/05/2026 02:59:30 PM
27764B,N,V,04/06/2026 06:13:30 PM
27765A,N,V,04/07/2026 01:28:35 PM
27766A,N,O,04/07/2026 05:05:38 PM
27766B,N,V,04/07/2026 05:19:07 PM
27767A,N,O,04/07/2026 08:57:45 AM
27767B,N,O,04/07/2026 08:57:45 AM
27768A,N,O,04/07/2026 08:56:45 AM
27768B,N,O,04/07/2026 08:56:45 AM
27769A,N,O,04/07/2026 08:55:39 AM
27769B,N,O,04/07/2026 02:47:36 PM
27770A,N,O,04/07/2026 09:14:03 AM
27770B,N,O,04/07/2026 08:59:49 AM
27771A,N,O,04/07/2026 01:37:46 PM
27771B,N,O,04/07/2026 04:52:49 PM
27772A,N,O,04/07/2026 10:01:48 AM
27772B,N,O,04/07/2026 04:28:56 PM
27774A,N,O,04/07/2026 04:13:31 PM
27774B,N,O,04/07/2026 03:52:32 PM
27775A,N,O,04/07/2026 01:38:09 PM
27775B,N,O,04/07/2026 05:04:52 PM
27776A,N,O,04/07/2026 08:58:47 AM
27776B,N,O,04/07/2026 03:47:12 PM
27777A,N,O,04/07/2026 02:33:35 PM
27777B,N,O,04/07/2026 08:57:52 AM
27778A,N,O,04/07/2026 04:28:40 PM
27779A,N,O,04/07/2026 03:39:27 PM
27779B,N,O,04/07/2026 04:14:48 PM
2777A,N,O,04/07/2026 03:33:51 PM
27780A,N,O,04/07/2026 03:45:30 PM
27780B,N,O,04/07/2026 04:29:57 PM
27781A,N,O,04/07/2026 05:09:57 PM
27781B,N,V,04/07/2026 05:28:45 PM
27782A,N,O,04/07/2026 05:33:43 PM
27782B,N,V,04/07/2026 04:49:47 PM
27783A,N,O,04/07/2026 01:01:32 PM
27784A,N,V,04/07/2026 05:30:28 PM
27784B,N,V,04/07/2026 05:23:18 PM
27785A,N,V,04/07/2026 05:25:30 PM
27785B,N,V,04/07/2026 05:15:16 PM
27786A,N,V,04/07/2026 03:28:33 PM
27787A,N,O,04/07/2026 04:23:03 PM
27787B,N,V,04/07/2026 05:13:23 PM
27788A,N,V,04/07/2026 05:18:20 PM
27788B,N,O,04/07/2026 05:27:44 PM
27789A,N,V,04/07/2026 05:02:32 PM
27789B,N,O,04/07/2026 08:55:46 AM
27790A,N,O,04/07/2026 05:15:16 PM
27790B,N,V,04/07/2026 04:53:28 PM
27791A,N,V,04/07/2026 03:10:42 PM
27791B,N,O,04/07/2026 05:17:05 PM
27792A,N,O,04/07/2026 04:18:52 PM
27792B,N,O,04/07/2026 04:14:57 PM
27793A,N,V,04/07/2026 05:03:46 PM
27793B,N,V,04/07/2026 05:18:40 PM
27794A,N,V,04/07/2026 03:59:23 PM
27794B,N,V,04/07/2026 04:49:07 PM
27795A,N,V,04/05/2026 02:59:47 PM
27795B,N,V,04/07/2026 04:59:20 PM
27796A,N,V,04/07/2026 12:29:37 PM
27796B,N,V,04/07/2026 10:07:32 AM
27797A,N,V,04/07/2026 04:24:10 PM
27797B,N,V,04/07/2026 02:16:26 PM
27798A,N,O,04/07/2026 05:24:36 PM
27798B,N,V,04/06/2026 03:07:41 PM
27799A,N,O,04/07/2026 04:23:31 PM
27799B,N,V,04/07/2026 01:48:10 PM
2779A,N,O,04/07/2026 02:29:51 PM
2779B,N,O,04/07/2026 10:47:53 AM
27800A,N,V,04/07/2026 05:24:03 PM
27800B,N,V,04/07/2026 05:01:28 PM
27801A,N,V,04/07/2026 05:28:48 PM
27801B,N,V,04/07/2026 05:29:51 PM
27802A,N,V,04/07/2026 01:38:11 PM
27802B,N,V,04/07/2026 05:30:02 PM
27803A,N,V,04/07/2026 05:36:21 PM
27803B,N,O,04/07/2026 08:56:43 AM
27804A,N,O,04/07/2026 03:03:43 PM
27804B,N,V,04/07/2026 04:34:57 PM
27805A,N,V,04/07/2026 05:27:54 PM
27805B,N,V,04/07/2026 12:50:55 PM
27806A,N,V,04/07/2026 12:44:26 PM
27806B,N,V,04/06/2026 09:12:26 PM
27807A,N,V,04/07/2026 05:03:27 PM
27807B,N,V,04/06/2026 09:36:40 PM
27808A,N,V,04/07/2026 10:09:33 AM
27808B,N,V,04/07/2026 05:01:50 PM
27809A,N,V,04/06/2026 05:05:31 PM
27809B,N,V,04/06/2026 11:41:46 AM
2780A,N,O,04/07/2026 05:08:04 PM
2780B,N,O,04/07/2026 03:03:58 PM
27810A,N,V,04/07/2026 05:19:20 PM
27810B,N,V,04/06/2026 03:36:53 PM
27811A,N,V,04/07/2026 01:43:40 PM
27811B,N,V,04/07/2026 05:23:35 PM
27812A,N,O,04/06/2026 06:18:17 PM
27812B,N,V,04/05/2026 09:16:19 AM
27813A,N,V,04/07/2026 08:59:16 AM
27813B,N,V,04/07/2026 10:07:26 AM
27814A,N,O,04/07/2026 05:24:31 PM
27814B,N,V,04/07/2026 04:47:38 PM
27815A,N,O,04/07/2026 05:17:28 PM
27815B,N,V,04/07/2026 04:32:55 PM
27816B,N,O,04/07/2026 04:26:23 PM
27817A,N,V,04/07/2026 05:36:42 PM
27817B,N,O,04/07/2026 05:31:10 PM
27818A,N,O,04/07/2026 05:29:21 PM
27818B,N,O,04/07/2026 05:00:07 PM
27819A,N,O,04/07/2026 05:32:07 PM
27819B,N,O,04/07/2026 04:44:30 PM
2781A,N,O,04/07/2026 05:13:48 PM
2781B,N,O,04/07/2026 03:45:54 PM
27820A,N,O,04/07/2026 03:54:30 PM
27820B,N,V,04/07/2026 05:31:42 PM
27821A,N,V,04/07/2026 05:36:39 PM
27821B,N,O,04/07/2026 08:58:49 AM
27822A,N,V,04/07/2026 03:33:38 PM
27822B,N,O,04/07/2026 03:03:07 PM
27823A,N,O,04/06/2026 05:05:04 PM
27823B,N,O,04/07/2026 05:13:53 PM
27824A,N,O,04/07/2026 04:09:43 PM
27824B,N,V,04/07/2026 12:58:46 PM
27825A,N,O,04/07/2026 02:36:16 PM
27825B,N,O,04/06/2026 07:25:27 PM
27826A,N,V,04/07/2026 05:03:43 PM
27826B,N,V,04/07/2026 05:03:47 PM
27827A,N,V,04/07/2026 05:05:23 PM
27827B,N,V,04/07/2026 03:36:55 PM
27828A,N,O,04/07/2026 05:23:54 PM
27829B,N,O,04/07/2026 04:07:19 PM
27830A,N,V,04/07/2026 01:49:07 PM
27830B,N,V,04/07/2026 02:12:39 PM
27831A,N,O,04/07/2026 05:34:02 PM
27831B,N,V,04/07/2026 01:37:59 PM
27832A,N,V,04/07/2026 01:00:32 PM
27832B,N,V,04/07/2026 05:11:07 PM
27833A,N,O,04/07/2026 05:24:06 PM
27833B,N,O,04/07/2026 05:34:02 PM
27834A,N,O,04/07/2026 05:23:18 PM
27834B,N,V,04/07/2026 02:45:36 PM
27835A,N,V,04/07/2026 05:31:19 PM
27835B,N,O,04/07/2026 04:59:06 PM
27836A,N,O,04/07/2026 08:58:53 AM
27836B,N,O,04/07/2026 12:40:37 PM
27837A,N,O,04/07/2026 10:17:27 AM
27837B,N,O,04/07/2026 11:54:06 AM
27838A,N,O,04/07/2026 02:10:10 PM
27838B,N,O,04/07/2026 08:56:38 AM
27839A,N,O,04/07/2026 10:50:21 AM
27839B,N,O,04/07/2026 01:37:03 PM
2783A,N,O,04/07/2026 04:27:58 PM
2783B,N,V,04/07/2026 05:26:21 PM
27840A,N,O,04/07/2026 10:41:06 AM
27840B,N,O,04/07/2026 10:16:43 AM
27841A,N,O,04/07/2026 03:22:45 PM
27841B,N,O,04/07/2026 08:58:50 AM
27842B,N,O,04/07/2026 05:36:35 PM
27843A,N,V,04/07/2026 04:34:00 PM
27843B,N,O,04/07/2026 12:42:55 PM
27844A,N,O,04/07/2026 04:59:51 PM
27844B,N,V,04/07/2026 04:57:49 PM
27845A,N,O,03/07/2026 01:29:49 PM
27845B,N,V,03/07/2026 09:20:54 AM
27846A,N,V,04/07/2026 04:59:28 PM
27846B,N,V,04/07/2026 05:12:07 PM
27847A,N,O,04/07/2026 05:36:29 PM
27847B,N,V,04/07/2026 04:01:14 PM
27848A,N,V,04/07/2026 01:14:46 PM
27848B,N,O,04/07/2026 01:25:44 PM
27849A,N,V,04/06/2026 02:21:53 PM
27849B,N,O,04/07/2026 08:55:45 AM
2784A,N,V,04/07/2026 04:58:40 PM
2784B,N,O,04/07/2026 05:36:05 PM
27850A,N,O,04/07/2026 05:27:24 PM
27850B,N,O,04/07/2026 03:32:24 PM
27851A,N,O,04/07/2026 11:39:25 AM
27851B,N,O,04/07/2026 08:58:51 AM
27852A,N,V,04/07/2026 03:58:56 PM
27852B,N,O,04/07/2026 04:21:03 PM
27853A,N,V,04/07/2026 12:15:02 PM
27853B,N,V,04/07/2026 05:17:11 PM
27854A,N,V,04/07/2026 10:16:55 AM
27854B,N,O,04/07/2026 04:46:43 PM
27855A,N,V,04/07/2026 02:24:18 PM
27855B,N,V,04/07/2026 04:07:11 PM
27856A,N,O,04/06/2026 08:30:48 PM
27856B,N,O,04/07/2026 04:34:51 PM
27857A,N,O,04/07/2026 02:41:40 PM
27857B,N,V,04/07/2026 10:08:40 AM
27858A,N,V,04/07/2026 04:10:50 PM
27858B,N,V,04/07/2026 10:32:42 AM
27859A,N,V,04/07/2026 03:14:01 PM
27859B,N,V,04/07/2026 10:57:23 AM
27860A,N,V,04/07/2026 04:56:07 PM
27860B,N,V,04/07/2026 05:36:23 PM
27861A,N,V,01/09/2026 10:17:51 AM
27861B,N,V,01/09/2026 10:38:55 AM
27862A,N,V,04/07/2026 05:35:17 PM
27862B,N,O,04/07/2026 03:48:27 PM
27863A,N,V,04/07/2026 05:36:19 PM
27863B,N,O,04/07/2026 05:15:13 PM
27864A,N,O,04/07/2026 05:18:39 PM
27864B,N,V,04/07/2026 10:08:06 AM
27865A,N,V,04/07/2026 03:49:46 PM
27865B,N,O,04/07/2026 05:35:43 PM
27866A,N,V,04/07/2026 04:58:45 PM
27866B,N,V,04/07/2026 04:55:13 PM
27867A,N,O,04/07/2026 10:01:45 AM
27867B,N,O,04/07/2026 04:07:33 PM
27868A,N,O,04/07/2026 01:02:23 PM
27868B,N,O,04/07/2026 02:56:33 PM
27869A,N,V,04/07/2026 05:32:49 PM
27869B,N,V,04/07/2026 05:20:32 PM
27870A,N,V,04/07/2026 05:06:00 PM
27870B,N,V,04/07/2026 05:33:52 PM
27871A,N,O,04/07/2026 03:53:58 PM
27871B,N,O,04/07/2026 05:23:06 PM
27872A,N,O,04/07/2026 12:13:37 PM
27875B,N,O,04/07/2026 12:32:01 PM
27876A,N,O,04/07/2026 04:12:15 PM
27876B,N,O,04/07/2026 04:36:03 PM
27877A,N,O,04/07/2026 03:24:36 PM
27877B,N,O,04/07/2026 04:52:37 PM
27878B,N,O,04/07/2026 11:18:12 AM
27879A,N,O,04/07/2026 02:32:53 PM
27879B,N,O,04/07/2026 03:17:38 PM
27880A,N,O,04/07/2026 05:09:03 PM
27880B,N,O,04/07/2026 12:44:20 PM
27881A,N,O,04/07/2026 12:27:08 PM
27881B,N,O,04/07/2026 08:58:49 AM
27882A,N,O,04/07/2026 10:20:01 AM
27882B,N,O,04/07/2026 05:28:15 PM
27883B,N,O,04/07/2026 04:04:33 PM
27884B,N,O,04/07/2026 10:05:57 AM
27885A,N,O,04/07/2026 08:59:49 AM
27885B,N,O,04/07/2026 08:59:45 AM
27886A,N,O,04/07/2026 10:14:29 AM
27886B,N,O,04/07/2026 04:07:42 PM
27887A,N,O,04/07/2026 05:10:36 PM
27887B,N,V,04/07/2026 10:35:29 AM
27888A,N,O,04/07/2026 10:17:26 AM
27888B,N,O,04/07/2026 08:56:47 AM
27889A,N,O,04/07/2026 01:34:47 PM
2788B,N,O,04/07/2026 10:15:12 AM
27890A,N,O,04/07/2026 02:57:32 PM
27890B,N,O,04/07/2026 03:58:54 PM
27891A,N,O,04/07/2026 01:40:46 PM
27891B,N,O,04/07/2026 01:04:04 PM
27892A,N,O,04/07/2026 05:07:42 PM
27892B,N,O,04/07/2026 03:28:45 PM
27893A,N,O,04/07/2026 02:46:26 PM
27893B,N,O,04/07/2026 08:56:45 AM
27894A,N,O,04/07/2026 02:36:45 PM
27895A,NU,V,04/06/2026 06:36:38 PM
27895B,NU,O,04/06/2026 09:59:31 PM
27896A,NU,O,04/06/2026 09:21:12 PM
27896B,NU,V,04/06/2026 08:10:54 PM
27897A,NU,O,04/06/2026 09:59:51 PM
27897B,NU,V,04/04/2026 07:33:21 PM
27898A,NU,O,04/03/2026 09:25:07 PM
27898B,NU,O,04/06/2026 09:56:25 PM
27899A,NU,V,04/05/2026 06:12:44 PM
27899B,NU,V,04/05/2026 07:48:50 PM
2789A,N,O,04/07/2026 05:35:32 PM
2789B,N,O,04/07/2026 04:28:49 PM
27900A,NU,V,04/06/2026 09:58:44 PM
27900B,NU,O,04/06/2026 06:00:57 PM
27901A,N,O,04/07/2026 11:06:32 AM
27902A,N,O,04/07/2026 01:33:08 PM
27902B,N,V,04/07/2026 05:09:57 PM
27903A,N,V,04/07/2026 04:59:44 PM
27903B,N,O,04/07/2026 08:56:43 AM
27904A,N,O,04/07/2026 02:47:51 PM
27904B,N,O,04/07/2026 04:49:46 PM
27905A,N,O,04/07/2026 01:39:03 PM
27905B,N,V,04/07/2026 03:50:10 PM
27906A,N,O,04/07/2026 05:28:34 PM
27906B,N,V,04/07/2026 05:29:44 PM
27907B,N,O,04/07/2026 04:28:21 PM
27908B,N,O,04/07/2026 05:21:16 PM
27909A,N,O,04/07/2026 05:03:19 PM
27909B,N,V,04/07/2026 04:15:57 PM
2790A,N,O,04/07/2026 03:49:21 PM
27910A,N,O,04/07/2026 03:03:29 PM
27910B,N,O,04/07/2026 04:46:26 PM
27911A,N,O,04/07/2026 02:55:43 PM
27911B,N,O,04/07/2026 08:58:45 AM
27912A,N,O,04/07/2026 05:00:08 PM
27912B,N,O,04/07/2026 01:13:40 PM
27913A,N,O,04/07/2026 05:11:54 PM
27914A,N,O,04/07/2026 08:55:53 AM
27914B,N,O,04/07/2026 08:56:02 AM
27915A,N,V,04/07/2026 04:19:58 PM
27915B,N,O,04/07/2026 03:02:53 PM
27916A,N,V,04/07/2026 05:02:04 PM
27916B,N,V,04/07/2026 05:20:11 PM
27917A,N,V,04/07/2026 03:42:12 PM
27917B,N,V,04/07/2026 05:30:09 PM
27918A,N,O,04/07/2026 05:28:38 PM
27918B,N,O,04/07/2026 03:25:00 PM
27919B,N,O,04/07/2026 04:41:58 PM
2791A,N,O,04/07/2026 02:34:02 PM
2791B,N,V,04/07/2026 05:26:09 PM
27920A,N,V,04/07/2026 01:56:35 PM
27920B,N,O,04/07/2026 08:59:43 AM
27921B,N,O,04/07/2026 05:23:17 PM
27923A,N,O,04/07/2026 08:56:52 AM
27923B,N,O,04/07/2026 08:56:52 AM
27924A,N,O,04/07/2026 08:55:47 AM
27924B,N,O,04/07/2026 08:55:54 AM
27925A,N,O,04/07/2026 08:59:49 AM
27930A,NU,O,04/06/2026 06:01:18 PM
27931A,NU,V,04/06/2026 07:27:13 PM
27931B,NU,V,04/06/2026 08:30:24 PM
27932A,NU,V,04/06/2026 09:59:22 PM
27932B,NU,O,04/06/2026 06:00:50 PM
27933A,NU,O,04/06/2026 06:00:44 PM
27933B,NU,V,04/06/2026 06:44:03 PM
27934A,NU,O,04/06/2026 08:43:03 PM
27934B,NU,V,04/05/2026 07:41:44 PM
27935A,NU,V,04/06/2026 07:01:53 PM
27935B,NU,V,04/06/2026 06:52:53 PM
27936A,NU,V,04/05/2026 06:30:29 PM
27936B,NU,O,04/06/2026 06:00:53 PM
27937A,NU,O,04/06/2026 07:53:32 PM
27937B,NU,V,04/05/2026 09:09:40 PM
27938A,NU,O,04/06/2026 09:59:03 PM
27938B,NU,V,04/05/2026 09:09:52 PM
27939A,NU,V,04/06/2026 06:08:06 PM
27939B,NU,V,04/06/2026 06:08:33 PM
27940A,NU,V,04/06/2026 09:05:37 PM
27940B,NU,V,04/06/2026 09:07:59 PM
27941A,NU,O,04/06/2026 09:59:53 PM
27941B,NU,V,04/06/2026 08:37:16 PM
27942A,NU,O,04/06/2026 06:00:55 PM
27942B,NU,O,04/06/2026 06:00:50 PM
27943A,NU,O,04/06/2026 06:00:52 PM
27944A,NU,V,04/06/2026 09:18:55 PM
27944B,NU,V,04/06/2026 08:11:44 PM
27945A,NU,V,04/06/2026 08:19:32 PM
27945B,NU,V,04/06/2026 06:23:40 PM
27950A,N,O,04/07/2026 04:30:36 PM
27950B,N,O,04/07/2026 08:59:50 AM
27951A,N,O,04/07/2026 03:00:13 PM
27951B,N,O,04/07/2026 08:58:42 AM
27952A,N,O,04/07/2026 08:57:43 AM
27952B,N,O,04/07/2026 05:05:39 PM
27953A,N,O,04/07/2026 04:07:41 PM
27953B,N,V,04/07/2026 12:04:48 PM
27954A,N,O,04/07/2026 04:25:41 PM
27954B,N,O,04/06/2026 08:55:44 AM
27955A,N,O,04/07/2026 11:05:49 AM
27955B,N,O,04/07/2026 03:44:42 PM
27956A,N,V,04/07/2026 05:32:09 PM
27957B,N,O,04/07/2026 03:56:03 PM
27958A,N,O,04/07/2026 05:30:37 PM
27958B,N,O,04/07/2026 08:56:57 AM
27959A,N,O,04/07/2026 08:55:45 AM
27959B,N,O,04/07/2026 12:57:55 PM
27960A,N,O,04/07/2026 05:35:25 PM
27960B,N,O,04/07/2026 04:02:36 PM
27961A,N,O,04/07/2026 04:14:06 PM
27961B,N,O,04/07/2026 05:25:25 PM
27962A,N,O,04/07/2026 03:17:55 PM
27962B,N,O,04/06/2026 08:57:58 AM
27963A,N,O,04/07/2026 08:56:52 AM
28001A,N,O,04/07/2026 03:35:24 PM
28001B,N,O,04/07/2026 04:47:59 PM
28002A,N,O,04/07/2026 04:13:53 PM
28002B,N,O,04/07/2026 05:07:24 PM
28003A,N,O,04/07/2026 10:32:40 AM
28003B,N,O,04/07/2026 06:56:46 AM
28004A,N,V,04/07/2026 03:31:23 PM
28004B,N,O,04/07/2026 04:19:29 PM
28005A,N,O,04/07/2026 03:35:54 PM
28006A,N,O,04/07/2026 11:56:03 AM
28006B,N,O,04/07/2026 06:58:44 AM
28007A,N,O,04/07/2026 03:19:52 PM
28007B,N,O,04/07/2026 05:36:04 PM
28008A,N,O,04/07/2026 03:04:13 PM
28008B,N,O,04/07/2026 10:50:20 AM
28009B,N,O,04/07/2026 03:22:11 PM
2800B,N,O,04/07/2026 11:47:14 AM
28011A,N,O,04/07/2026 05:14:46 PM
28011B,N,O,04/07/2026 01:17:45 PM
28012A,N,O,04/07/2026 10:49:42 AM
28012B,N,O,04/07/2026 04:45:07 PM
28013A,N,O,04/07/2026 05:28:55 PM
28013B,N,O,04/07/2026 04:37:04 PM
28014A,N,O,04/07/2026 03:48:25 PM
28014B,N,O,04/07/2026 12:58:43 PM
28015A,N,O,04/07/2026 02:34:22 PM
28015B,N,O,04/07/2026 05:19:52 PM
28016A,N,O,04/07/2026 04:20:17 PM
28016B,N,O,04/07/2026 03:55:19 PM
28017B,N,O,04/07/2026 02:31:58 PM
28018A,N,O,04/07/2026 03:30:39 PM
2801A,N,O,04/07/2026 10:31:43 AM
2801B,N,O,04/07/2026 05:27:47 PM
28020B,N,O,04/07/2026 05:22:45 PM
28021A,N,O,04/07/2026 01:42:24 PM
28021B,N,O,04/07/2026 05:28:24 PM
28022A,N,O,04/07/2026 05:33:40 PM
28022B,N,O,04/07/2026 12:42:00 PM
28023A,N,O,04/07/2026 03:10:56 PM
28023B,N,O,04/07/2026 04:21:13 PM
28024A,N,O,04/07/2026 04:59:23 PM
28024B,N,O,04/07/2026 03:08:36 PM
28025A,N,O,04/07/2026 04:37:48 PM
28025B,N,O,04/07/2026 03:39:47 PM
28027A,N,O,04/07/2026 03:21:05 PM
28028A,N,V,04/07/2026 05:29:39 PM
28028B,N,V,04/07/2026 04:59:10 PM
28029A,N,V,04/07/2026 12:40:44 PM
28029B,N,O,04/07/2026 01:35:49 PM
28030A,N,V,04/07/2026 01:58:16 PM
28030B,N,V,04/07/2026 02:57:04 PM
28031A,N,V,04/06/2026 07:59:25 PM
28031B,N,O,04/07/2026 05:36:39 PM
28032A,N,V,04/07/2026 03:31:11 PM
28032B,N,O,04/07/2026 05:36:19 PM
28033A,N,O,04/07/2026 04:35:05 PM
28033B,N,O,04/07/2026 05:35:50 PM
28034A,N,V,04/07/2026 05:35:22 PM
28034B,N,O,04/07/2026 05:35:51 PM
28035A,N,V,04/07/2026 04:58:07 PM
28035B,N,O,04/06/2026 05:02:11 PM
28036A,N,O,04/07/2026 12:06:20 PM
28036B,N,O,04/07/2026 05:19:29 PM
28037A,N,O,07/20/2025 03:59:48 PM
28037B,N,V,07/18/2025 11:51:26 AM
28042B,N,O,04/07/2026 05:25:53 PM
28043A,N,V,04/07/2026 05:21:27 PM
28043B,N,O,04/07/2026 04:45:28 PM
28044A,N,O,04/07/2026 03:59:56 PM
28044B,N,O,04/07/2026 04:56:07 PM
28045A,N,O,04/07/2026 05:15:57 PM
28045B,N,O,04/07/2026 05:02:04 PM
28046A,N,O,04/07/2026 03:55:32 PM
28046B,N,O,04/07/2026 04:53:59 PM
28047A,N,O,04/07/2026 04:54:54 PM
28048A,N,O,04/07/2026 05:28:00 PM
28048B,N,O,04/07/2026 05:11:03 PM
28049A,N,O,04/07/2026 04:47:54 PM
28049B,N,O,04/07/2026 04:48:01 PM
28050A,N,O,04/07/2026 05:30:15 PM
28050B,N,O,04/07/2026 06:59:44 AM
28051A,N,O,04/07/2026 04:44:48 PM
28051B,N,O,04/07/2026 02:40:50 PM
28052A,N,O,04/07/2026 05:18:05 PM
28052B,N,O,04/07/2026 05:20:37 PM
28053A,N,O,04/07/2026 05:03:43 PM
28053B,N,O,04/07/2026 03:48:00 PM
28054A,N,O,04/07/2026 04:39:29 PM
28054B,N,O,04/07/2026 03:29:41 PM
28055A,N,O,04/07/2026 05:25:04 PM
28055B,N,O,04/07/2026 04:41:22 PM
28056B,N,O,04/07/2026 04:13:13 PM
28057A,N,O,04/07/2026 05:03:47 PM
28057B,N,O,04/07/2026 03:38:28 PM
28058A,N,O,04/07/2026 05:33:42 PM
28058B,N,O,04/07/2026 11:28:47 AM
28059A,N,O,04/07/2026 05:35:59 PM
28059B,N,O,04/07/2026 05:28:38 PM
28060A,N,O,04/07/2026 04:18:56 PM
28060B,N,O,04/07/2026 05:24:54 PM
28061A,N,O,04/07/2026 03:47:07 PM
28061B,N,O,04/07/2026 03:25:02 PM
28062A,N,O,04/07/2026 04:14:32 PM
28062B,N,O,04/07/2026 03:58:55 PM
28063A,N,O,04/07/2026 04:36:12 PM
28063B,N,O,04/07/2026 05:13:31 PM
28064A,N,O,04/07/2026 03:05:25 PM
28064B,N,O,04/07/2026 03:36:59 PM
28067B,N,O,04/07/2026 05:22:40 PM
28068B,N,O,04/07/2026 05:19:25 PM
28069A,N,O,04/07/2026 02:40:55 PM
28069B,N,O,04/07/2026 05:06:17 PM
28070A,N,O,04/07/2026 04:25:22 PM
28070B,N,O,04/07/2026 12:05:21 PM
28071A,N,O,04/07/2026 05:25:13 PM
28071B,N,O,04/07/2026 05:22:36 PM
28072B,N,O,04/07/2026 06:57:47 AM
28073A,N,V,04/07/2026 04:57:07 PM
28073B,N,O,04/07/2026 06:56:45 AM
28074A,N,V,04/07/2026 04:40:11 PM
28074B,N,V,04/07/2026 04:55:48 PM
28075A,N,O,04/07/2026 06:59:44 AM
28075B,N,O,04/07/2026 11:35:51 AM
28076A,N,O,04/07/2026 02:24:47 PM
28076B,N,O,04/07/2026 06:58:55 AM
28078B,N,O,04/07/2026 06:56:52 AM
28079A,N,O,04/07/2026 06:55:49 AM
28079B,N,O,04/07/2026 06:55:45 AM
2807A,N,V,04/07/2026 05:36:35 PM
2807B,N,O,04/07/2026 10:07:46 AM
28080A,N,O,04/07/2026 08:41:02 AM
28080B,N,O,04/07/2026 06:59:49 AM
28081A,N,O,04/07/2026 04:22:56 PM
28081B,N,O,04/07/2026 12:32:54 PM
28082A,N,O,04/07/2026 05:18:02 PM
28082B,N,V,04/07/2026 04:12:49 PM
28083A,N,O,04/07/2026 02:08:15 PM
28083B,N,O,04/07/2026 11:56:10 AM
28084A,N,O,04/07/2026 02:55:02 PM
28084B,N,O,04/07/2026 04:55:36 PM
28085A,N,O,04/07/2026 05:20:53 PM
28085B,N,O,04/07/2026 12:43:10 PM
28086A,N,O,04/07/2026 05:25:10 PM
28086B,N,O,04/07/2026 03:59:59 PM
28088A,N,O,04/07/2026 05:30:14 PM
28088B,N,O,04/07/2026 04:57:02 PM
28089A,N,O,04/07/2026 04:56:24 PM
28089B,N,O,04/07/2026 01:36:33 PM
2808B,N,O,04/07/2026 08:57:08 AM
28091B,N,O,04/07/2026 05:36:44 PM
28093A,N,O,04/07/2026 06:57:07 AM
28093B,N,O,04/07/2026 04:17:53 PM
28094A,N,O,04/07/2026 04:35:11 PM
28094B,N,O,04/07/2026 04:53:03 PM
28095A,N,O,04/07/2026 11:58:00 AM
28095B,N,O,04/07/2026 01:47:43 PM
28096A,N,O,04/07/2026 02:52:29 PM
28096B,N,O,04/07/2026 09:40:53 AM
28097B,N,O,04/07/2026 12:06:17 PM
28098A,N,V,04/07/2026 09:23:42 AM
280A,N,O,04/07/2026 02:37:21 PM
280B,N,O,04/07/2026 12:12:48 PM
28100A,N,V,04/02/2026 07:59:52 PM
28100B,N,O,04/02/2026 04:06:45 PM
28101A,N,V,04/02/2026 07:58:38 PM
28101B,N,O,04/02/2026 04:38:02 PM
28102A,N,O,04/02/2026 05:19:47 PM
28102B,N,O,04/02/2026 05:55:53 PM
28103A,N,O,04/02/2026 06:35:56 PM
28103B,N,O,04/02/2026 04:12:14 PM
28104A,N,O,04/02/2026 07:49:14 PM
28104B,N,O,04/02/2026 06:35:48 PM
28105A,N,O,04/02/2026 07:18:46 PM
28105B,N,O,04/02/2026 07:19:18 PM
28106A,N,O,04/02/2026 06:42:40 PM
28106B,N,O,04/02/2026 07:13:18 PM
28107A,N,O,04/02/2026 07:52:27 PM
28107B,N,O,04/02/2026 07:17:57 PM
28108A,N,V,04/02/2026 07:55:04 PM
28108B,N,O,04/02/2026 07:40:44 PM
28109A,N,O,04/02/2026 06:15:05 PM
28109B,N,V,04/02/2026 07:55:03 PM
28110A,N,O,04/02/2026 05:18:58 PM
28110B,N,O,04/02/2026 04:34:02 PM
28111A,N,V,04/07/2026 05:25:36 PM
28111B,N,V,04/07/2026 05:15:14 PM
28112A,N,O,04/07/2026 05:36:41 PM
28112B,N,V,04/07/2026 03:24:54 PM
28113A,N,O,04/07/2026 03:43:35 PM
28113B,N,O,04/07/2026 05:27:55 PM
28114A,N,O,04/07/2026 05:01:58 PM
28114B,N,V,04/07/2026 12:47:51 PM
28115A,N,O,04/07/2026 01:42:57 PM
28115B,N,O,04/07/2026 05:28:23 PM
28116A,N,O,04/07/2026 04:47:49 PM
28116B,N,V,04/07/2026 05:19:32 PM
28117A,N,O,04/07/2026 02:05:05 PM
28117B,N,O,04/07/2026 03:11:17 PM
28118B,N,O,04/07/2026 07:39:55 AM
28119A,N,V,04/07/2026 01:11:22 PM
28120A,N,V,04/07/2026 03:30:12 PM
28120B,N,V,04/07/2026 05:00:56 PM
28121A,N,O,04/07/2026 06:59:04 AM
28121B,N,O,04/07/2026 06:58:53 AM
28122B,N,V,04/07/2026 05:10:39 PM
28123A,N,O,04/07/2026 05:15:07 PM
28124A,N,V,04/07/2026 04:33:05 PM
28124B,N,O,04/07/2026 05:10:20 PM
28125A,N,O,04/07/2026 02:57:52 PM
28125B,N,O,04/07/2026 06:59:51 AM
28126A,N,O,04/07/2026 11:44:10 AM
28126B,N,V,04/07/2026 05:28:54 PM
28127A,N,O,04/07/2026 05:33:12 PM
28127B,N,V,04/07/2026 05:10:45 PM
28128A,N,V,04/07/2026 05:26:18 PM
28128B,N,V,04/07/2026 05:28:25 PM
28129A,N,O,04/07/2026 05:35:32 PM
28129B,N,V,04/07/2026 05:35:21 PM
28130A,N,V,04/07/2026 04:56:06 PM
28130B,N,V,04/07/2026 12:57:40 PM
28131A,N,V,04/07/2026 05:22:43 PM
28131B,N,V,04/07/2026 05:21:19 PM
28132A,N,V,04/07/2026 04:59:51 PM
28132B,N,V,04/07/2026 04:49:34 PM
28133A,N,V,04/07/2026 11:18:52 AM
28133B,N,O,04/07/2026 02:47:20 PM
28134A,N,O,04/07/2026 03:55:09 PM
28134B,N,V,04/07/2026 05:00:37 PM
28135A,N,V,04/05/2026 03:50:26 PM
28135B,N,V,04/07/2026 05:36:07 PM
28136A,N,V,04/07/2026 04:22:21 PM
28136B,N,V,04/07/2026 03:14:43 PM
28137A,N,O,04/07/2026 02:03:03 PM
28137B,N,V,04/07/2026 09:45:31 AM
28138A,N,O,04/07/2026 09:32:44 AM
28138B,N,O,04/07/2026 05:25:34 PM
28139A,N,O,04/07/2026 05:36:31 PM
28139B,N,O,04/07/2026 05:30:53 PM
2813A,N,O,04/07/2026 12:17:42 PM
2813B,N,O,04/07/2026 05:30:18 PM
28140A,N,O,04/07/2026 04:57:32 PM
28140B,N,O,04/07/2026 03:54:37 PM
28141A,N,O,04/07/2026 02:46:51 PM
28141B,N,V,04/07/2026 05:05:35 PM
28142A,N,O,04/07/2026 02:30:26 PM
28142B,N,V,04/07/2026 04:36:06 PM
28143A,N,V,04/06/2026 04:33:38 PM
28143B,N,V,04/05/2026 02:34:01 PM
28144A,N,V,04/07/2026 04:04:58 PM
28144B,N,V,04/07/2026 05:27:14 PM
28145A,N,O,04/07/2026 04:24:55 PM
28145B,N,V,04/07/2026 05:09:17 PM
28146A,N,O,04/07/2026 03:28:18 PM
28146B,N,V,04/07/2026 05:16:35 PM
28147A,N,V,04/07/2026 03:54:50 PM
28148B,N,O,04/07/2026 05:19:50 PM
28149A,N,O,04/07/2026 06:55:45 AM
28149B,N,O,04/07/2026 08:17:28 AM
2814A,N,O,04/07/2026 05:30:08 PM
2814B,N,O,04/07/2026 05:33:40 PM
28150A,N,V,04/07/2026 05:36:31 PM
28150B,N,O,04/07/2026 04:36:31 PM
28151A,NU,O,04/06/2026 02:12:48 PM
28151B,NU,V,04/06/2026 02:05:19 PM
28152A,N,V,04/07/2026 11:17:41 AM
28152B,N,V,04/07/2026 05:25:28 PM
28153A,N,V,04/07/2026 05:29:58 PM
28153B,N,V,04/07/2026 05:35:52 PM
28154A,N,O,04/07/2026 05:36:43 PM
28154B,N,V,04/07/2026 03:00:06 PM
28155A,N,O,04/07/2026 03:46:20 PM
28155B,N,O,04/07/2026 01:30:05 PM
28156A,N,O,04/07/2026 05:35:13 PM
28156B,N,O,04/07/2026 06:58:48 AM
28158A,N,O,04/07/2026 04:54:47 PM
28158B,N,O,04/07/2026 06:56:50 AM
28159A,N,V,04/07/2026 05:05:44 PM
28159B,N,O,04/07/2026 04:54:38 PM
28160A,N,V,04/06/2026 05:41:39 PM
28160B,N,V,04/07/2026 03:42:29 PM
28161A,N,V,04/07/2026 04:15:52 PM
28161B,N,V,04/07/2026 04:16:32 PM
28162A,N,V,04/07/2026 09:36:57 AM
28162B,N,V,04/04/2026 10:45:30 AM
28163A,N,V,04/07/2026 09:30:42 AM
28163B,N,O,04/07/2026 05:22:52 PM
28164A,N,V,04/07/2026 03:25:04 PM
28164B,N,V,04/07/2026 04:30:38 PM
28165A,N,O,04/02/2026 05:36:26 PM
28165B,N,O,04/02/2026 05:12:59 PM
28166A,N,O,04/02/2026 03:47:59 PM
28166B,N,O,04/02/2026 04:30:04 PM
28167A,N,O,04/02/2026 07:57:45 AM
28167B,N,O,04/02/2026 01:32:36 PM
28168A,N,O,04/02/2026 12:19:12 PM
28168B,N,O,04/02/2026 03:44:58 PM
28169A,N,O,04/02/2026 07:55:49 AM
28169B,N,O,04/02/2026 07:56:29 AM
28170A,N,O,04/07/2026 04:41:47 PM
28170B,N,O,04/07/2026 04:16:59 PM
28171A,N,O,04/07/2026 05:20:58 PM
28171B,N,V,04/07/2026 04:52:02 PM
28172A,N,O,04/07/2026 03:41:34 PM
28172B,N,O,04/07/2026 05:16:45 PM
28173A,N,O,04/07/2026 03:50:03 PM
28173B,N,O,04/07/2026 04:55:06 PM
28174A,N,O,04/07/2026 11:34:08 AM
28174B,N,O,04/07/2026 03:15:06 PM
28175A,N,O,04/07/2026 03:14:23 PM
28175B,N,O,04/07/2026 03:40:21 PM
28176A,N,O,04/07/2026 05:26:52 PM
28176B,N,O,04/07/2026 03:24:43 PM
28177A,N,O,04/07/2026 01:51:23 PM
28177B,N,O,04/07/2026 04:50:31 PM
28178A,N,O,04/07/2026 03:43:55 PM
28178B,N,O,04/07/2026 02:05:07 PM
28179A,N,O,04/07/2026 04:26:53 PM
28179B,N,O,04/07/2026 05:02:37 PM
28180A,N,O,04/07/2026 05:24:29 PM
28180B,N,O,04/07/2026 04:22:00 PM
28181A,N,V,04/07/2026 05:33:46 PM
28181B,N,O,04/07/2026 04:42:23 PM
28182A,N,O,04/07/2026 11:46:19 AM
28183A,N,O,04/07/2026 03:46:41 PM
28183B,N,O,04/07/2026 01:23:37 PM
28184A,N,O,04/07/2026 04:04:29 PM
28184B,N,O,04/07/2026 05:32:50 PM
28185A,N,O,04/07/2026 04:55:56 PM
28185B,N,O,04/07/2026 05:07:55 PM
28186A,N,O,04/07/2026 04:05:40 PM
28186B,N,O,04/07/2026 04:21:44 PM
28187A,N,O,04/07/2026 05:31:05 PM
28187B,N,O,04/07/2026 12:44:32 PM
28188B,N,O,04/07/2026 11:30:37 AM
28190B,N,O,04/07/2026 02:35:15 PM
28191A,N,O,04/07/2026 02:35:15 PM
28191B,N,O,04/07/2026 03:12:15 PM
28192A,N,O,04/07/2026 01:19:57 PM
28192B,N,O,04/07/2026 01:52:20 PM
28193A,N,O,04/07/2026 10:54:36 AM
28193B,N,O,04/07/2026 02:07:35 PM
28194A,NU,O,04/07/2026 12:48:43 PM
28195A,N,V,04/07/2026 04:46:04 PM
28195B,N,V,04/07/2026 05:35:20 PM
28196A,N,V,04/07/2026 05:29:08 PM
28196B,N,V,04/07/2026 04:55:15 PM
28197A,N,O,04/07/2026 05:18:12 PM
28197B,N,V,04/07/2026 05:28:05 PM
28198A,N,O,04/07/2026 04:45:10 PM
28198B,N,O,04/07/2026 01:01:48 PM
28199A,N,O,04/07/2026 01:30:52 PM
28199B,N,O,04/07/2026 05:36:31 PM
2819A,N,O,04/07/2026 04:23:50 PM
2819B,N,O,04/07/2026 04:45:28 PM
281B,N,O,04/07/2026 05:18:53 PM
28200B,N,O,04/07/2026 03:48:49 PM
28201A,N,O,04/07/2026 06:58:45 AM
28201B,N,O,04/07/2026 04:27:24 PM
28202A,N,O,04/07/2026 05:07:01 PM
28202B,N,V,04/07/2026 05:09:37 PM
28203A,N,V,04/07/2026 04:28:08 PM
28203B,N,O,04/07/2026 03:33:03 PM
28204A,N,V,04/07/2026 03:05:06 PM
28204B,N,O,04/07/2026 02:32:11 PM
28205A,N,V,04/07/2026 05:32:06 PM
28205B,N,O,04/07/2026 05:26:46 PM
28206A,N,O,04/07/2026 05:14:59 PM
28206B,N,O,04/07/2026 04:59:55 PM
28207A,N,V,04/07/2026 05:18:53 PM
28209A,N,O,04/07/2026 04:57:32 PM
2820A,N,O,04/07/2026 05:14:48 PM
2820B,N,O,04/07/2026 05:18:51 PM
28210A,N,O,04/07/2026 04:51:04 PM
28210B,N,O,04/07/2026 02:19:10 PM
28211A,N,O,04/07/2026 03:07:14 PM
28211B,N,V,04/07/2026 05:36:38 PM
28212A,N,V,04/06/2026 12:17:32 PM
28212B,N,V,04/06/2026 12:18:36 PM
28213A,N,V,04/02/2026 11:55:06 AM
28213B,N,V,03/17/2026 07:12:20 AM
28214A,N,V,04/07/2026 03:46:38 PM
28215B,N,O,04/07/2026 05:36:40 PM
28216A,N,V,04/07/2026 04:06:25 PM
28216B,N,V,04/07/2026 04:07:04 PM
28217A,N,V,04/07/2026 03:18:58 PM
28217B,N,V,04/07/2026 04:19:31 PM
28218A,N,V,04/07/2026 04:10:29 PM
28218B,N,V,04/07/2026 05:00:00 PM
28219A,NU,O,03/26/2026 06:01:33 PM
28219B,NU,O,03/26/2026 07:25:08 PM
2821A,N,O,04/07/2026 05:05:42 PM
2821B,N,O,04/07/2026 09:37:13 AM
28220A,N,O,04/06/2026 09:03:34 AM
28220B,N,O,04/07/2026 02:03:42 PM
28221A,N,V,04/07/2026 03:14:46 PM
28221B,N,O,04/07/2026 02:08:02 PM
28222A,N,V,04/07/2026 05:34:30 PM
28222B,N,V,04/07/2026 07:40:25 AM
28223A,N,V,04/07/2026 02:25:17 PM
28223B,N,V,04/07/2026 01:05:13 PM
28224A,N,O,04/06/2026 02:28:04 PM
28224B,N,V,04/07/2026 04:19:08 PM
28225A,N,V,04/07/2026 10:30:18 AM
28225B,N,V,04/07/2026 02:44:51 PM
28226A,N,V,04/06/2026 07:59:53 PM
28226B,N,V,04/07/2026 03:17:57 PM
28227A,N,V,04/07/2026 05:33:33 PM
28227B,N,V,04/07/2026 05:18:02 PM
28228A,N,V,04/07/2026 05:28:41 PM
28228B,N,O,04/07/2026 05:33:41 PM
28229A,N,V,04/07/2026 04:29:20 PM
28229B,N,V,04/07/2026 04:29:43 PM
28230A,N,O,04/07/2026 05:25:14 PM
28230B,N,V,04/07/2026 03:52:09 PM
28231A,N,O,04/07/2026 01:42:58 PM
28231B,N,V,04/07/2026 05:25:54 PM
28232A,N,V,04/07/2026 05:28:14 PM
28232B,N,V,04/07/2026 05:31:33 PM
28233A,N,V,04/07/2026 05:36:09 PM
28234B,N,O,04/07/2026 04:35:34 PM
28235A,N,O,04/07/2026 04:23:02 PM
28235B,N,O,04/07/2026 04:14:24 PM
28236B,N,O,04/07/2026 02:18:37 PM
28237A,N,O,04/07/2026 04:37:50 PM
28237B,N,O,04/07/2026 05:07:19 PM
28238A,N,O,04/07/2026 05:12:34 PM
28238B,N,O,04/07/2026 03:17:55 PM
28239A,N,O,09/04/2025 06:16:09 PM
28239B,N,O,04/07/2026 04:53:50 PM
28240A,N,O,04/07/2026 05:33:52 PM
28240B,N,V,04/07/2026 05:31:50 PM
28241A,N,V,04/07/2026 11:44:52 AM
28241B,N,V,04/07/2026 05:32:46 PM
28242A,N,O,04/07/2026 08:16:08 AM
28242B,N,O,04/07/2026 04:28:58 PM
28243A,N,O,04/06/2026 08:12:43 AM
28243B,N,O,04/07/2026 09:57:58 AM
28244B,N,O,04/07/2026 05:18:15 PM
28245A,N,O,04/07/2026 04:03:44 PM
28246A,N,O,04/07/2026 02:07:51 PM
28246B,N,V,04/07/2026 05:33:29 PM
28247A,N,V,10/17/2025 04:27:17 PM
28247B,N,O,10/17/2025 04:34:20 PM
28248B,N,V,04/07/2026 05:13:48 PM
28249A,N,O,04/07/2026 04:53:05 PM
28249B,N,O,04/07/2026 05:36:02 PM
28250A,N,O,04/07/2026 04:01:28 PM
28250B,N,V,04/07/2026 04:30:36 PM
28251A,N,O,04/07/2026 04:35:42 PM
28251B,N,V,04/07/2026 05:33:12 PM
28252A,N,V,04/07/2026 05:36:45 PM
28252B,N,V,04/07/2026 04:00:03 PM
28253A,N,V,04/04/2026 09:08:11 AM
28253B,N,V,04/07/2026 11:48:44 AM
28254A,N,V,04/07/2026 04:37:33 PM
28254B,N,V,04/06/2026 09:54:38 AM
28255A,N,V,04/07/2026 05:20:45 PM
28255B,N,O,04/07/2026 05:19:25 PM
28256A,N,O,04/07/2026 04:40:05 PM
28256B,N,O,04/07/2026 05:32:18 PM
28257A,N,O,04/07/2026 04:25:32 PM
28257B,N,V,04/07/2026 03:25:06 PM
28258A,N,V,04/07/2026 04:54:56 PM
28258B,N,V,04/07/2026 10:32:15 AM
28259A,N,O,04/07/2026 05:12:11 PM
28260A,N,V,04/07/2026 05:35:36 PM
28261A,N,V,04/07/2026 05:24:53 PM
28262A,N,V,04/07/2026 05:23:03 PM
28263A,N,V,04/07/2026 04:36:15 PM
28263B,N,V,04/04/2026 07:35:55 AM
28264A,N,V,04/07/2026 04:49:48 PM
28264B,N,V,04/07/2026 04:49:21 PM
28265A,N,V,04/05/2026 06:31:14 PM
28265B,N,V,04/05/2026 10:20:55 AM
28266A,N,V,04/05/2026 03:38:42 PM
28266B,N,V,04/07/2026 07:57:50 AM
28267A,N,V,04/07/2026 05:22:23 PM
28267B,N,V,04/07/2026 08:01:46 AM
28269A,N,V,04/07/2026 08:58:30 AM
28269B,N,V,04/07/2026 05:17:56 PM
28270A,N,V,04/06/2026 05:48:46 PM
28270B,N,V,04/07/2026 05:36:08 PM
28271A,N,V,04/06/2026 08:14:58 AM
28271B,N,V,04/03/2026 05:45:44 PM
28272A,N,V,04/07/2026 11:41:06 AM
28272B,N,V,04/03/2026 11:48:38 AM
28273A,N,V,04/05/2026 06:39:14 PM
28273B,N,V,04/06/2026 05:42:06 PM
28274A,N,V,04/01/2026 01:33:54 PM
28274B,N,V,04/02/2026 02:05:15 PM
28275A,N,V,04/05/2026 05:10:08 PM
28275B,N,V,04/06/2026 11:47:36 AM
28276A,N,V,04/07/2026 05:20:48 PM
28276B,N,V,04/07/2026 02:32:33 PM
28277A,N,O,04/07/2026 03:21:20 PM
28277B,N,V,04/07/2026 10:57:35 AM
28278A,N,V,04/07/2026 03:35:58 PM
28278B,N,O,04/07/2026 05:35:48 PM
28279A,N,O,04/07/2026 05:36:07 PM
28279B,N,V,04/07/2026 05:30:42 PM
2827A,N,V,04/07/2026 04:13:12 PM
2827B,N,O,04/07/2026 03:32:39 PM
28280A,N,V,04/07/2026 12:22:02 PM
28280B,N,V,04/07/2026 12:22:09 PM
28281A,N,V,04/07/2026 05:20:31 PM
28281B,N,O,04/07/2026 05:30:43 PM
28282A,N,V,04/07/2026 01:06:00 PM
28282B,N,V,04/07/2026 04:38:34 PM
28283A,N,V,04/05/2026 06:37:57 PM
28283B,N,V,04/05/2026 06:36:25 PM
28284A,N,V,04/07/2026 04:26:42 PM
28284B,N,V,04/07/2026 03:56:08 PM
28285A,N,V,04/05/2026 04:52:03 PM
28285B,N,V,04/06/2026 09:52:38 AM
28287B,N,V,04/07/2026 05:33:31 PM
28288A,N,O,04/07/2026 11:02:44 AM
28289A,N,O,04/07/2026 05:15:15 PM
28289B,N,V,04/07/2026 05:35:02 PM
2828A,N,V,04/07/2026 05:35:09 PM
2828B,N,O,04/07/2026 05:36:35 PM
28290A,N,O,04/07/2026 09:01:42 AM
28290B,N,O,04/07/2026 03:48:10 PM
28291B,N,O,04/07/2026 03:04:17 PM
28292A,N,V,04/07/2026 05:31:23 PM
28292B,N,V,04/07/2026 04:58:28 PM
28293A,N,O,04/07/2026 05:33:08 PM
28293B,N,O,04/07/2026 05:32:12 PM
28294A,N,O,04/07/2026 05:24:42 PM
28294B,N,V,04/07/2026 05:29:03 PM
28295A,N,O,04/07/2026 04:57:54 PM
28295B,N,V,04/07/2026 05:27:36 PM
28296A,N,O,04/07/2026 05:27:05 PM
28296B,N,V,04/07/2026 05:27:52 PM
28297A,N,O,04/07/2026 05:28:23 PM
28297B,N,V,04/07/2026 05:26:42 PM
28298A,N,O,04/07/2026 03:56:16 PM
28298B,N,V,04/07/2026 05:17:28 PM
28299A,N,O,04/07/2026 05:00:42 PM
28299B,N,V,04/07/2026 05:04:23 PM
2829A,N,V,04/07/2026 05:02:23 PM
28300A,N,O,04/07/2026 05:06:08 PM
28300B,N,O,04/07/2026 11:28:30 AM
28301A,N,O,04/07/2026 03:18:26 PM
28301B,N,O,04/07/2026 10:46:26 AM
28302A,N,O,04/07/2026 02:47:33 PM
28302B,N,O,04/07/2026 10:17:33 AM
28303A,N,O,04/07/2026 02:43:26 PM
28303B,N,O,04/07/2026 04:05:29 PM
28304A,N,O,04/07/2026 01:35:33 PM
28304B,N,O,04/07/2026 10:18:36 AM
28306A,N,V,04/07/2026 04:45:15 PM
28306B,N,V,04/07/2026 03:30:20 PM
28307A,N,O,04/07/2026 05:02:16 PM
28307B,N,O,04/07/2026 05:31:55 PM
28308A,N,V,04/07/2026 05:03:45 PM
28308B,N,O,04/07/2026 05:28:32 PM
28309A,N,O,04/07/2026 05:25:35 PM
28309B,N,O,04/07/2026 06:55:46 AM
2830B,N,O,04/07/2026 05:35:06 PM
28310A,N,V,04/07/2026 05:22:19 PM
28311A,N,O,04/07/2026 04:34:33 PM
28311B,N,V,04/07/2026 05:28:51 PM
28312A,N,V,04/04/2026 07:21:15 PM
28312B,N,V,04/07/2026 09:39:28 AM
28313A,N,V,04/07/2026 05:17:41 PM
28314A,N,V,04/07/2026 02:36:20 PM
28315A,N,V,04/07/2026 01:57:50 PM
28315B,N,V,04/07/2026 01:57:19 PM
28316A,N,V,04/07/2026 12:39:35 PM
28316B,N,V,04/07/2026 05:34:42 PM
28317A,N,V,04/07/2026 05:19:33 PM
28317B,N,V,04/07/2026 05:19:17 PM
28318A,N,V,04/06/2026 03:32:53 PM
28318B,N,V,04/05/2026 02:14:17 PM
28319A,N,V,04/06/2026 03:33:10 PM
28319B,N,V,04/05/2026 02:20:31 PM
2831A,N,V,04/07/2026 04:53:16 PM
2831B,N,O,04/07/2026 01:31:02 PM
28320A,N,V,04/05/2026 12:53:25 PM
28320B,N,V,04/07/2026 12:30:59 PM
28321A,N,V,03/30/2026 03:15:51 PM
28321B,N,O,04/07/2026 06:58:45 AM
28322A,N,V,04/05/2026 02:13:26 PM
28322B,N,V,04/05/2026 02:20:05 PM
28323A,N,V,04/03/2026 03:05:35 PM
28323B,N,V,04/07/2026 11:37:48 AM
28324A,N,V,04/04/2026 02:10:51 PM
28324B,N,V,04/05/2026 02:13:31 PM
28325A,N,V,04/07/2026 05:36:19 PM
28325B,N,V,04/07/2026 04:28:16 PM
28326A,N,V,04/05/2026 02:51:02 PM
28326B,N,O,04/07/2026 05:34:08 PM
28327A,N,V,04/07/2026 09:50:46 AM
28327B,N,V,04/07/2026 11:55:23 AM
28328A,N,V,04/07/2026 01:32:27 PM
28328B,N,V,04/07/2026 04:34:20 PM
28329A,N,V,04/07/2026 04:14:33 PM
28329B,N,V,04/06/2026 03:46:22 PM
2832A,N,V,04/07/2026 05:35:45 PM
2832B,N,V,04/07/2026 04:44:44 PM
28331A,N,V,04/07/2026 02:45:25 PM
28331B,N,O,04/07/2026 04:21:13 PM
28332A,N,O,04/07/2026 05:26:42 PM
28332B,N,V,04/05/2026 05:35:58 PM
28333A,N,V,04/07/2026 02:10:47 PM
28333B,N,V,04/05/2026 06:25:21 PM
28334A,N,V,04/05/2026 09:18:11 AM
28334B,N,V,04/07/2026 04:35:44 PM
28335A,N,V,04/07/2026 04:59:40 PM
28335B,N,V,04/07/2026 05:06:28 PM
28336A,N,O,04/06/2026 05:27:03 PM
28336B,N,O,04/07/2026 05:36:36 PM
28337A,N,V,04/07/2026 03:50:19 PM
28337B,N,O,04/07/2026 05:25:16 PM
28338A,N,V,04/06/2026 06:59:21 PM
28338B,N,O,04/07/2026 04:36:18 PM
28339B,N,O,04/07/2026 05:36:37 PM
2833A,N,O,04/07/2026 05:36:44 PM
2833B,N,V,04/07/2026 02:48:21 PM
28340A,N,V,04/07/2026 04:25:16 PM
28340B,N,V,04/07/2026 02:52:32 PM
28341A,N,V,04/07/2026 05:22:41 PM
28341B,N,V,04/07/2026 05:25:31 PM
28342A,N,V,04/07/2026 05:02:47 PM
28342B,N,V,04/07/2026 05:36:08 PM
28343A,N,V,04/07/2026 04:57:56 PM
28343B,N,V,04/07/2026 04:16:50 PM
28344A,N,V,04/07/2026 04:08:41 PM
28344B,N,V,04/07/2026 04:44:04 PM
28345A,N,V,04/07/2026 04:57:19 PM
28345B,N,V,04/07/2026 04:48:02 PM
28346A,N,V,04/07/2026 04:40:26 PM
28346B,N,V,04/07/2026 04:52:17 PM
28347A,N,V,04/07/2026 04:43:08 PM
28347B,N,V,04/07/2026 03:15:55 PM
28348A,N,O,04/07/2026 08:33:13 AM
28348B,N,O,04/07/2026 03:40:18 PM
28349A,N,O,04/07/2026 05:18:48 PM
28349B,N,O,04/07/2026 06:55:44 AM
2834A,N,O,04/07/2026 05:07:25 PM
2834B,N,V,04/07/2026 03:04:08 PM
28350A,N,V,04/07/2026 10:29:03 AM
28350B,N,V,04/07/2026 04:59:18 PM
28351A,N,O,04/07/2026 05:31:29 PM
28351B,N,V,04/07/2026 04:58:33 PM
28352A,N,V,04/07/2026 09:21:53 AM
28352B,N,V,04/07/2026 01:48:58 PM
28353A,N,V,04/06/2026 05:40:44 PM
28353B,N,V,04/07/2026 09:48:25 AM
28354A,N,V,04/06/2026 06:48:37 PM
28354B,N,V,04/07/2026 02:12:13 PM
28355A,N,V,04/07/2026 02:40:39 PM
28355B,N,V,04/04/2026 06:57:06 PM
28356A,N,V,04/07/2026 02:57:55 PM
28356B,N,V,04/04/2026 06:55:30 PM
28357A,N,V,04/07/2026 04:21:39 PM
28357B,N,V,04/07/2026 04:20:50 PM
28358A,N,V,04/07/2026 02:54:08 PM
28358B,N,V,04/07/2026 05:16:42 PM
28359A,N,V,09/29/2025 12:19:57 PM
28359B,N,V,04/06/2026 09:34:54 AM
2835A,N,O,04/07/2026 08:59:40 AM
2835B,N,V,04/07/2026 04:32:10 PM
28361A,N,V,04/07/2026 05:16:21 PM
28361B,N,O,04/07/2026 05:11:48 PM
28362A,N,V,04/07/2026 05:02:32 PM
28362B,N,O,04/07/2026 05:00:24 PM
28363A,N,V,04/07/2026 03:20:07 PM
28363B,N,V,04/07/2026 03:56:31 PM
28364A,N,O,04/07/2026 06:55:42 AM
28364B,N,O,04/07/2026 05:17:39 PM
28365A,N,O,04/07/2026 12:00:56 PM
28366A,N,O,04/07/2026 12:00:08 PM
28366B,N,O,04/07/2026 04:05:18 PM
28367A,N,O,04/07/2026 03:34:19 PM
28367B,N,O,04/07/2026 02:39:18 PM
28369A,N,O,04/07/2026 03:26:44 PM
28369B,N,O,04/07/2026 04:30:02 PM
2836A,NU,O,03/31/2026 11:59:55 PM
2836B,NU,O,03/31/2026 11:45:02 PM
28370A,N,O,04/07/2026 04:43:54 PM
28370B,N,O,04/07/2026 12:48:57 PM
28371A,N,O,04/07/2026 04:00:01 PM
28371B,N,V,04/07/2026 05:06:16 PM
28372A,N,O,04/07/2026 05:36:38 PM
28372B,N,V,04/07/2026 12:41:07 PM
28373A,N,O,04/07/2026 05:33:16 PM
28373B,N,V,04/07/2026 04:44:02 PM
28374A,N,O,04/07/2026 04:31:22 PM
28374B,N,V,04/07/2026 05:35:28 PM
28375A,N,V,04/07/2026 01:44:28 PM
28375B,N,V,04/07/2026 08:13:49 AM
28376A,N,O,04/06/2026 07:58:04 PM
28376B,N,V,04/07/2026 02:31:03 PM
28377A,N,O,04/07/2026 05:14:42 PM
28377B,N,V,04/07/2026 12:17:07 PM
28378A,NU,O,04/07/2026 12:46:43 PM
28378B,NU,V,04/07/2026 08:22:29 AM
28379A,N,O,04/07/2026 05:32:46 PM
2837A,N,O,04/07/2026 05:36:02 PM
2837B,N,V,04/07/2026 05:05:17 PM
28380A,N,V,04/07/2026 09:20:23 AM
28380B,N,V,04/05/2026 02:09:10 PM
28381A,N,V,04/07/2026 12:11:41 PM
28381B,N,V,04/07/2026 10:59:57 AM
28382A,N,V,04/06/2026 05:21:32 PM
28382B,N,O,04/07/2026 03:18:49 PM
28383A,N,V,04/06/2026 07:59:39 PM
28383B,N,O,04/06/2026 07:55:14 PM
28384A,N,V,04/07/2026 02:50:05 PM
28384B,N,O,04/07/2026 03:09:37 PM
28385A,N,V,04/04/2026 05:03:23 PM
28385B,N,V,04/05/2026 02:10:04 PM
28386A,N,O,04/07/2026 02:48:59 PM
28386B,N,V,04/06/2026 01:11:32 PM
28387A,N,V,04/07/2026 07:00:32 AM
28387B,N,O,04/05/2026 07:44:55 PM
28388A,N,V,04/07/2026 10:58:46 AM
28388B,N,V,04/06/2026 01:37:32 PM
2838A,N,O,04/07/2026 08:56:42 AM
2838B,N,V,04/07/2026 02:57:13 PM
28390B,N,V,04/07/2026 04:44:15 PM
28391A,N,V,04/07/2026 11:16:51 AM
28391B,N,V,04/06/2026 09:15:02 AM
28392A,N,V,04/07/2026 05:35:57 PM
28392B,N,V,04/07/2026 03:48:01 PM
28393A,N,V,04/07/2026 04:39:57 PM
28393B,N,O,04/07/2026 06:56:43 AM
28394A,N,O,04/07/2026 05:30:41 PM
28394B,N,V,04/07/2026 04:38:22 PM
28395A,N,V,04/07/2026 05:09:58 PM
28395B,N,O,04/07/2026 05:28:26 PM
28396A,N,O,04/07/2026 12:41:50 PM
28396B,N,V,04/07/2026 03:29:43 PM
28397A,N,O,04/07/2026 05:07:09 PM
28397B,N,O,04/07/2026 10:16:22 AM
28398A,N,V,04/07/2026 05:27:24 PM
28398B,N,O,04/07/2026 05:36:20 PM
28399A,N,V,04/07/2026 05:35:39 PM
28399B,N,V,04/07/2026 05:31:47 PM
2839A,N,O,04/07/2026 03:05:57 PM
2839B,N,O,04/07/2026 05:36:16 PM
28400B,N,O,04/07/2026 06:59:49 AM
28401A,N,O,04/07/2026 12:29:35 PM
28401B,N,V,04/07/2026 03:40:56 PM
28403B,N,V,04/06/2026 11:33:33 AM
28404A,N,V,04/07/2026 02:47:16 PM
28404B,N,V,04/07/2026 02:47:08 PM
28405A,N,V,04/07/2026 04:04:21 PM
28405B,N,O,04/07/2026 05:32:51 PM
28406A,N,V,04/07/2026 05:36:29 PM
28406B,N,O,09/26/2025 01:35:41 PM
28407A,N,V,04/07/2026 01:25:22 PM
28407B,N,V,04/07/2026 04:22:02 PM
28408A,N,V,04/07/2026 03:19:42 PM
28408B,N,O,04/07/2026 03:19:02 PM
28409A,N,V,04/07/2026 05:21:13 PM
28409B,N,V,04/07/2026 04:09:39 PM
2840B,N,O,04/07/2026 05:22:10 PM
28410A,N,O,04/07/2026 05:36:04 PM
28410B,N,V,04/07/2026 05:13:42 PM
28411A,N,V,04/07/2026 05:33:17 PM
28411B,N,O,04/07/2026 04:57:33 PM
28412A,N,V,04/07/2026 05:25:29 PM
28412B,N,V,04/07/2026 05:03:34 PM
28413A,N,V,04/07/2026 03:59:22 PM
28413B,N,V,04/07/2026 01:56:38 PM
28414A,N,O,08/28/2025 04:14:18 PM
28414B,N,V,04/07/2026 04:55:53 PM
28415A,N,V,04/07/2026 04:43:28 PM
28415B,N,V,04/07/2026 11:39:07 AM
28416A,N,V,04/07/2026 05:25:53 PM
28416B,N,O,04/07/2026 05:36:21 PM
28417A,N,V,04/07/2026 01:24:14 PM
28417B,N,V,04/07/2026 05:32:39 PM
28418A,N,O,04/07/2026 03:38:38 PM
28418B,N,O,04/07/2026 01:50:25 PM
28419A,N,V,04/07/2026 03:38:26 PM
28419B,N,O,04/07/2026 06:55:56 AM
28420A,N,V,04/07/2026 04:26:38 PM
28420B,N,V,04/07/2026 04:43:00 PM
28421A,N,V,04/07/2026 04:21:48 PM
28421B,N,O,04/07/2026 04:26:06 PM
28422A,N,V,04/07/2026 04:39:02 PM
28422B,N,V,04/07/2026 01:23:58 PM
28423A,N,O,04/07/2026 03:04:53 PM
28423B,N,V,04/07/2026 04:44:31 PM
28424A,N,V,04/07/2026 04:23:47 PM
28424B,N,O,04/07/2026 01:18:45 PM
28425A,N,O,04/07/2026 01:17:05 PM
28426A,N,O,04/07/2026 04:34:13 PM
28427A,N,V,04/07/2026 05:15:31 PM
28427B,N,O,04/07/2026 04:37:18 PM
28428A,N,O,04/07/2026 04:04:45 PM
28428B,N,V,04/07/2026 05:13:25 PM
28429A,N,O,04/07/2026 04:39:41 PM
28429B,N,V,04/07/2026 05:12:35 PM
28430A,N,V,04/07/2026 05:07:35 PM
28430B,N,V,04/07/2026 05:28:15 PM
28431A,N,V,04/07/2026 04:48:41 PM
28431B,N,V,04/07/2026 04:50:20 PM
28432A,N,O,04/07/2026 05:04:46 PM
28432B,N,O,04/07/2026 01:37:22 PM
28433A,N,V,04/07/2026 05:36:39 PM
28433B,N,V,04/07/2026 05:35:11 PM
28434A,N,O,04/07/2026 02:49:48 PM
28434B,N,O,04/07/2026 03:22:07 PM
28435A,N,V,04/07/2026 05:33:43 PM
28435B,N,V,04/07/2026 04:48:54 PM
28436A,N,V,04/07/2026 05:30:45 PM
28436B,N,O,04/07/2026 03:17:29 PM
28437A,N,O,04/07/2026 04:31:09 PM
28437B,N,V,04/07/2026 05:14:39 PM
28438A,N,O,04/07/2026 03:07:12 PM
28438B,N,O,04/07/2026 04:02:27 PM
28439A,N,V,04/07/2026 05:13:24 PM
28439B,N,O,04/07/2026 03:59:14 PM
28440A,N,V,04/07/2026 05:36:18 PM
28440B,N,V,04/07/2026 05:36:38 PM
28441A,N,V,04/07/2026 04:56:10 PM
28441B,N,O,04/07/2026 04:11:17 PM
28442A,N,O,04/07/2026 03:59:24 PM
28442B,N,O,04/07/2026 02:46:19 PM
28443A,N,V,04/07/2026 05:34:38 PM
28443B,N,O,04/07/2026 04:05:33 PM
28444A,N,O,04/07/2026 03:53:02 PM
28444B,N,O,04/07/2026 02:24:47 PM
28445A,N,O,04/07/2026 05:36:15 PM
28445B,N,O,04/07/2026 02:37:08 PM
28446A,N,O,04/07/2026 01:10:38 PM
28446B,N,O,04/07/2026 03:28:19 PM
28447A,N,O,04/07/2026 05:15:12 PM
28447B,N,O,04/07/2026 05:15:12 PM
28448B,N,O,04/07/2026 03:14:42 PM
28449A,N,O,04/07/2026 02:16:29 PM
28449B,N,V,04/07/2026 05:33:34 PM
28450A,N,O,04/07/2026 04:41:14 PM
28450B,N,O,04/07/2026 10:00:51 AM
28451A,N,V,04/07/2026 03:56:31 PM
28451B,N,V,04/07/2026 05:27:03 PM
28452A,N,V,04/05/2026 05:30:53 PM
28452B,N,V,04/05/2026 05:52:14 PM
28453A,N,V,04/07/2026 05:26:36 PM
28453B,N,V,04/07/2026 05:13:56 PM
28454A,N,V,04/07/2026 05:36:20 PM
28454B,N,O,04/07/2026 05:23:51 PM
28455A,N,V,04/07/2026 05:29:49 PM
28455B,N,V,04/07/2026 03:52:40 PM
28456A,N,V,04/07/2026 02:31:43 PM
28456B,N,V,04/04/2026 01:04:34 PM
28457A,N,O,04/07/2026 05:09:14 PM
28457B,N,O,04/07/2026 04:56:01 PM
28458A,N,V,04/07/2026 05:36:00 PM
28458B,N,O,04/07/2026 04:50:30 PM
28459A,N,V,04/07/2026 05:16:59 PM
28459B,N,V,04/07/2026 05:17:07 PM
28460B,N,O,04/07/2026 04:54:10 PM
28461A,N,O,04/07/2026 05:35:21 PM
28461B,N,O,04/07/2026 05:03:49 PM
28462A,N,O,04/07/2026 05:05:30 PM
28462B,N,V,04/07/2026 02:41:52 PM
28463A,N,V,04/07/2026 05:13:36 PM
28463B,N,V,04/07/2026 01:40:13 PM
28464A,N,V,04/07/2026 04:03:11 PM
28464B,N,O,04/07/2026 05:36:05 PM
28465A,N,V,04/07/2026 04:00:52 PM
28465B,N,V,04/07/2026 11:08:03 AM
28466A,N,V,04/07/2026 08:53:22 AM
28467A,N,V,04/01/2026 06:16:11 PM
28467B,N,V,04/07/2026 03:48:13 PM
28468A,N,V,04/07/2026 03:37:36 PM
28468B,N,V,04/07/2026 03:37:59 PM
28469A,N,V,04/07/2026 04:33:38 PM
28469B,N,V,04/07/2026 04:29:31 PM
28470A,N,V,04/07/2026 05:36:36 PM
28470B,N,V,04/07/2026 05:31:32 PM
28471A,N,O,04/07/2026 05:21:41 PM
28471B,N,V,04/07/2026 05:23:58 PM
28472A,N,V,04/07/2026 05:33:28 PM
28472B,N,O,04/07/2026 05:34:48 PM
28473A,N,V,04/07/2026 05:35:28 PM
28473B,N,V,04/07/2026 05:36:34 PM
28474A,N,V,04/07/2026 05:27:35 PM
28474B,N,V,04/07/2026 05:34:43 PM
28475A,N,O,04/07/2026 05:35:32 PM
28475B,N,O,04/07/2026 04:59:13 PM
28476A,N,V,04/07/2026 05:36:37 PM
28476B,N,V,04/07/2026 05:23:30 PM
28477A,N,O,04/07/2026 05:21:22 PM
28477B,N,O,04/07/2026 05:34:49 PM
28478A,N,V,04/07/2026 03:26:32 PM
28478B,N,V,04/07/2026 05:29:43 PM
28479B,N,V,04/07/2026 05:17:12 PM
2847A,N,O,04/07/2026 05:22:39 PM
2847B,N,V,04/07/2026 05:25:51 PM
28480A,N,O,04/07/2026 04:32:07 PM
28480B,N,V,04/07/2026 04:00:11 PM
28481A,N,V,04/07/2026 05:22:49 PM
28481B,N,O,04/07/2026 03:21:45 PM
28482A,N,V,04/07/2026 03:55:35 PM
28482B,N,V,04/04/2026 10:11:44 AM
28483A,N,V,04/07/2026 10:41:30 AM
28483B,N,O,04/07/2026 03:39:39 PM
28484A,N,V,04/07/2026 03:02:49 PM
28484B,N,O,04/07/2026 04:39:18 PM
28485A,N,O,04/07/2026 03:06:32 PM
28485B,N,V,04/07/2026 03:17:46 PM
28486A,N,O,04/07/2026 04:49:52 PM
28486B,N,V,04/07/2026 05:33:25 PM
28487A,N,V,04/07/2026 05:18:48 PM
28487B,N,O,04/07/2026 04:28:12 PM
28488A,N,V,04/07/2026 05:07:27 PM
28488B,N,V,04/06/2026 05:04:39 PM
28489A,N,O,04/07/2026 03:02:33 PM
28489B,N,V,04/07/2026 04:55:06 PM
2848A,N,O,04/07/2026 03:23:03 PM
2848B,N,O,04/07/2026 05:32:57 PM
28490A,N,O,04/07/2026 03:28:17 PM
28490B,N,V,04/07/2026 05:10:18 PM
28491A,N,O,04/07/2026 05:36:41 PM
28491B,N,O,04/07/2026 07:04:49 AM
28492A,N,O,04/07/2026 04:53:30 PM
28492B,N,V,04/07/2026 05:36:19 PM
28493A,N,V,04/07/2026 04:31:13 PM
28493B,N,V,04/07/2026 12:50:24 PM
28494A,N,V,04/07/2026 03:28:02 PM
28494B,N,O,04/07/2026 05:21:41 PM
28497A,N,O,04/07/2026 04:24:44 PM
28497B,N,O,04/07/2026 04:53:30 PM
28498A,N,O,04/07/2026 05:35:08 PM
28498B,N,O,04/07/2026 03:15:02 PM
28499A,N,O,04/07/2026 04:41:33 PM
28499B,N,V,04/07/2026 05:15:48 PM
2849A,N,O,04/07/2026 03:41:21 PM
2849B,N,V,04/07/2026 12:24:04 PM
284A,N,O,04/07/2026 05:27:31 PM
284B,N,O,04/07/2026 05:15:31 PM
28500B,N,O,04/07/2026 03:14:27 PM
28501A,N,V,04/05/2026 05:20:45 PM
28501B,N,O,04/07/2026 05:06:43 PM
28502A,N,V,04/07/2026 04:41:54 PM
28502B,N,V,04/06/2026 11:44:28 AM
28503A,N,V,04/03/2026 06:09:35 PM
28503B,N,V,04/07/2026 04:22:42 PM
28504A,N,V,04/07/2026 04:42:31 PM
28504B,N,V,04/07/2026 04:43:02 PM
28505A,N,V,04/07/2026 05:28:54 PM
28505B,N,V,04/07/2026 04:42:17 PM
28506A,N,V,04/07/2026 05:35:26 PM
28506B,N,V,04/06/2026 06:08:29 PM
28507A,N,V,04/04/2026 04:41:02 PM
28507B,N,V,04/07/2026 02:50:56 PM
28508A,N,V,04/07/2026 05:24:45 PM
28508B,N,V,04/07/2026 02:21:23 PM
28509A,N,O,04/07/2026 12:27:30 PM
28509B,N,V,04/07/2026 04:46:48 PM
28510A,N,O,04/07/2026 02:35:55 PM
28510B,N,V,04/07/2026 02:50:43 PM
28511A,N,O,04/06/2026 07:07:03 PM
28511B,N,V,04/05/2026 02:24:33 PM
28512A,N,V,04/07/2026 09:52:23 AM
28512B,N,O,04/07/2026 09:50:41 AM
28513A,N,V,04/07/2026 01:50:29 PM
28513B,N,V,04/07/2026 04:51:59 PM
28514A,N,V,04/06/2026 08:22:36 AM
28515B,N,V,04/07/2026 05:00:29 PM
28516A,N,V,04/06/2026 01:39:53 PM
28516B,N,O,04/07/2026 02:18:18 PM
28517A,N,V,04/07/2026 02:29:07 PM
28517B,N,V,04/07/2026 02:29:31 PM
28518A,N,V,04/07/2026 11:58:01 AM
28518B,N,O,04/07/2026 11:51:50 AM
28521A,N,V,04/07/2026 02:21:30 PM
28521B,N,V,04/07/2026 04:32:51 PM
28522A,N,V,04/07/2026 03:50:48 PM
28522B,N,O,04/07/2026 01:38:54 PM
28523A,N,V,04/07/2026 04:16:37 PM
28523B,N,V,04/07/2026 04:31:57 PM
28524A,N,V,04/07/2026 01:26:34 PM
28524B,N,O,04/07/2026 04:23:22 PM
28525A,N,V,01/10/2026 12:18:44 PM
28525B,N,V,04/07/2026 05:02:11 PM
28526A,N,V,04/07/2026 04:32:50 PM
28526B,N,V,04/07/2026 04:32:23 PM
28527A,N,O,04/07/2026 03:53:40 PM
28527B,N,O,04/07/2026 04:24:54 PM
28528A,N,O,04/07/2026 06:56:40 AM
28528B,N,O,04/07/2026 09:18:43 AM
28529A,N,O,04/07/2026 03:46:52 PM
28529B,N,V,04/07/2026 05:35:13 PM
2852A,N,O,04/07/2026 02:03:07 PM
2852B,N,O,04/07/2026 12:50:59 PM
28530A,N,O,04/07/2026 05:14:38 PM
28530B,N,V,04/07/2026 04:05:55 PM
28531A,N,O,04/07/2026 05:31:14 PM
28531B,N,V,04/07/2026 02:41:43 PM
28532A,N,V,04/06/2026 04:47:30 PM
28532B,N,V,04/07/2026 04:19:22 PM
28533A,N,V,04/07/2026 04:14:42 PM
28533B,N,V,04/06/2026 05:04:40 PM
28534A,N,O,04/07/2026 04:38:49 PM
28534B,N,V,04/07/2026 02:47:54 PM
28535A,N,V,04/06/2026 04:50:13 PM
28535B,N,O,04/07/2026 04:43:02 PM
28536A,N,V,04/07/2026 08:59:23 AM
28536B,N,V,04/07/2026 05:09:39 PM
28537A,N,V,04/07/2026 01:00:27 PM
28537B,N,V,04/07/2026 04:49:20 PM
28538A,N,V,04/07/2026 01:43:31 PM
28538B,N,V,04/07/2026 03:37:08 PM
28539A,N,V,04/07/2026 05:16:18 PM
28539B,N,O,04/07/2026 03:42:07 PM
2853A,N,O,04/07/2026 01:00:29 PM
28540A,N,V,04/07/2026 03:36:12 PM
28540B,N,O,04/07/2026 11:36:52 AM
28541A,N,V,04/07/2026 05:29:51 PM
28541B,N,V,04/07/2026 05:09:28 PM
28542A,N,V,04/07/2026 05:03:09 PM
28542B,N,V,04/07/2026 05:03:09 PM
28543A,N,V,04/07/2026 04:44:34 PM
28543B,N,V,04/07/2026 04:48:02 PM
28544A,N,V,04/07/2026 05:25:03 PM
28544B,N,V,04/06/2026 05:17:02 PM
28545A,N,O,04/07/2026 04:29:39 PM
28545B,N,V,04/06/2026 05:25:52 PM
28546A,N,O,04/07/2026 04:26:36 PM
28546B,N,V,04/07/2026 04:23:15 PM
28547A,N,V,04/07/2026 04:58:41 PM
28547B,N,V,04/07/2026 05:23:43 PM
28548A,N,V,04/07/2026 02:52:36 PM
28548B,N,O,04/07/2026 04:17:22 PM
28549B,N,V,04/07/2026 04:51:18 PM
28550A,N,V,04/07/2026 05:35:24 PM
28550B,N,O,04/07/2026 05:32:53 PM
28551A,N,O,04/07/2026 05:27:23 PM
28551B,N,O,04/07/2026 06:58:45 AM
28552A,N,O,04/07/2026 05:15:49 PM
28552B,N,O,04/07/2026 06:57:44 AM
28553A,N,O,04/07/2026 05:34:34 PM
28553B,N,O,04/07/2026 09:16:12 AM
28554A,N,V,04/06/2026 01:21:14 PM
28554B,N,V,04/05/2026 02:18:32 PM
28555A,N,V,04/07/2026 03:33:57 PM
28555B,N,V,04/07/2026 02:04:37 PM
28556A,N,V,04/07/2026 05:25:56 PM
28556B,N,O,04/07/2026 05:36:20 PM
28557A,N,V,04/07/2026 03:03:38 PM
28557B,N,V,04/07/2026 05:06:05 PM
28558A,N,V,04/07/2026 12:22:33 PM
28558B,N,V,04/05/2026 02:23:44 PM
28559A,N,V,04/07/2026 12:11:37 PM
28559B,N,V,04/07/2026 05:35:00 PM
28560A,N,O,04/07/2026 05:35:19 PM
28560B,N,V,04/07/2026 05:34:42 PM
28561A,N,V,04/07/2026 04:07:26 PM
28561B,N,V,04/07/2026 05:31:55 PM
28562A,N,V,04/07/2026 04:43:46 PM
28562B,N,V,04/06/2026 04:05:01 PM
28563A,N,O,04/07/2026 03:02:12 PM
28563B,N,V,04/07/2026 05:35:42 PM
28564A,N,V,04/07/2026 01:20:24 PM
28564B,N,V,04/07/2026 02:13:53 PM
28565A,N,O,04/07/2026 01:12:22 PM
28565B,N,O,04/07/2026 05:35:54 PM
28566A,N,O,04/07/2026 05:36:44 PM
28566B,N,V,04/05/2026 12:41:25 PM
28567A,N,V,04/07/2026 02:58:45 PM
28567B,N,V,04/05/2026 02:21:02 PM
28568A,N,V,04/07/2026 09:36:03 AM
28568B,N,O,04/06/2026 03:09:54 PM
28569B,N,V,04/07/2026 03:43:58 PM
28570A,N,V,04/07/2026 05:35:43 PM
28570B,N,V,04/07/2026 05:14:34 PM
28571A,N,V,04/07/2026 02:56:30 PM
28571B,N,V,04/07/2026 01:46:09 PM
28572A,N,V,04/07/2026 02:31:23 PM
28572B,N,V,04/07/2026 04:30:51 PM
28573A,N,O,04/07/2026 05:34:00 PM
28573B,N,O,04/07/2026 05:36:19 PM
28574A,N,V,04/07/2026 04:55:43 PM
28574B,N,V,04/07/2026 05:25:09 PM
28575A,N,V,04/07/2026 12:45:48 PM
28575B,N,V,04/07/2026 01:36:55 PM
28576A,N,V,04/07/2026 03:31:39 PM
28576B,N,V,04/07/2026 03:14:35 PM
28577A,N,V,04/07/2026 05:35:40 PM
28577B,N,V,04/07/2026 11:37:05 AM
28578A,N,V,04/07/2026 04:39:45 PM
28578B,N,V,04/07/2026 05:36:28 PM
28579A,N,O,04/07/2026 05:36:24 PM
28579B,N,O,04/06/2026 12:44:07 PM
2857A,N,O,04/07/2026 04:35:19 PM
2857B,N,O,04/07/2026 02:45:25 PM
28580A,N,V,04/07/2026 02:53:10 PM
28580B,N,V,04/07/2026 04:39:38 PM
28581A,N,O,04/07/2026 05:26:10 PM
28581B,N,V,04/07/2026 11:16:41 AM
28582A,N,V,04/07/2026 05:03:43 PM
28582B,N,V,04/07/2026 04:52:52 PM
28583A,N,O,04/07/2026 05:32:29 PM
28583B,N,V,04/07/2026 03:31:08 PM
28584A,N,V,04/07/2026 05:17:03 PM
28585A,N,V,04/07/2026 03:44:49 PM
28585B,N,O,04/07/2026 01:09:27 PM
28586A,N,V,04/07/2026 04:49:46 PM
28586B,N,O,04/07/2026 05:04:02 PM
28587A,N,O,04/07/2026 05:10:54 PM
28587B,N,V,04/07/2026 05:33:46 PM
28588B,N,V,04/07/2026 05:12:02 PM
28589A,N,O,04/07/2026 05:27:20 PM
28589B,N,V,04/07/2026 05:33:48 PM
2858A,N,O,04/07/2026 05:09:26 PM
2858B,N,O,04/07/2026 12:44:58 PM
28590A,N,O,04/07/2026 03:28:35 PM
28590B,N,O,04/07/2026 02:36:36 PM
28591A,N,V,04/07/2026 05:17:06 PM
28591B,N,O,04/07/2026 05:04:27 PM
28592A,N,O,04/07/2026 06:57:47 AM
28592B,N,O,04/07/2026 05:14:40 PM
28594A,N,V,04/07/2026 04:38:37 PM
28594B,N,O,04/07/2026 05:29:54 PM
28595A,N,O,04/07/2026 12:42:21 PM
28595B,N,O,04/07/2026 12:46:06 PM
28596A,N,V,04/07/2026 01:58:20 PM
28596B,N,O,04/07/2026 12:42:19 PM
28597A,N,V,04/07/2026 05:13:43 PM
28597B,N,V,04/07/2026 12:10:22 PM
28598A,N,V,04/07/2026 05:29:31 PM
28598B,N,V,04/06/2026 07:23:10 AM
28599A,N,V,04/06/2026 04:59:37 PM
28599B,N,V,04/05/2026 05:20:08 PM
2859A,N,O,04/07/2026 04:39:37 PM
2859B,N,O,04/07/2026 01:56:42 PM
285A,N,O,04/07/2026 05:12:16 PM
285B,N,V,04/07/2026 05:26:21 PM
28600A,N,V,04/06/2026 07:55:09 PM
28600B,N,O,04/07/2026 04:21:53 PM
28601A,N,O,04/07/2026 04:39:52 PM
28601B,N,O,04/07/2026 03:42:19 PM
28602A,N,V,04/07/2026 05:35:20 PM
28602B,N,V,04/07/2026 05:22:22 PM
28603A,N,V,04/07/2026 04:10:47 PM
28603B,N,O,04/07/2026 03:05:04 PM
28604A,N,V,04/07/2026 04:42:02 PM
28604B,N,V,04/07/2026 05:26:23 PM
28605A,N,O,04/07/2026 04:49:55 PM
28605B,N,V,04/07/2026 05:32:23 PM
28606A,N,O,04/07/2026 05:20:37 PM
28606B,N,V,04/07/2026 04:52:43 PM
28607A,N,O,04/07/2026 05:36:08 PM
28607B,N,V,04/07/2026 05:31:48 PM
28608A,N,V,04/07/2026 05:12:12 PM
28608B,N,V,04/07/2026 04:47:10 PM
28609A,N,V,04/07/2026 05:16:52 PM
28609B,N,V,04/07/2026 02:59:44 PM
2860B,N,O,04/07/2026 05:20:49 PM
28610A,N,V,04/07/2026 05:26:12 PM
28610B,N,V,04/07/2026 05:24:32 PM
28611A,N,V,04/07/2026 05:36:07 PM
28611B,N,V,04/07/2026 05:36:07 PM
28612A,N,V,04/07/2026 05:32:38 PM
28612B,N,V,04/07/2026 05:28:34 PM
28613A,N,O,04/07/2026 04:12:33 PM
28613B,N,O,04/07/2026 05:07:37 PM
28614A,N,O,04/07/2026 01:40:23 PM
28614B,N,O,04/07/2026 12:32:46 PM
28615A,N,V,04/07/2026 05:26:12 PM
28615B,N,V,04/07/2026 05:29:20 PM
28616A,N,V,04/07/2026 03:39:05 PM
28616B,N,O,04/07/2026 04:39:50 PM
28617A,N,V,04/07/2026 02:52:37 PM
28617B,N,V,04/07/2026 05:23:41 PM
28618A,N,V,04/07/2026 05:26:59 PM
28618B,N,V,04/07/2026 05:26:47 PM
28619A,N,V,04/07/2026 03:41:58 PM
28619B,N,V,04/07/2026 05:21:58 PM
2861A,N,O,04/07/2026 02:08:29 PM
2861B,N,O,04/07/2026 03:11:06 PM
28620A,N,V,04/07/2026 05:02:38 PM
28620B,N,O,04/07/2026 05:27:47 PM
28621A,N,V,04/07/2026 12:40:56 PM
28622A,N,V,04/07/2026 04:56:47 PM
28622B,N,V,04/07/2026 04:13:12 PM
28623A,N,V,04/07/2026 03:38:33 PM
28623B,N,V,04/07/2026 04:59:04 PM
28624A,N,V,04/07/2026 05:17:35 PM
28624B,N,V,04/07/2026 03:43:46 PM
28625A,N,V,04/07/2026 05:15:25 PM
28625B,N,O,04/07/2026 05:19:58 PM
28626A,N,O,04/07/2026 04:30:45 PM
28626B,N,O,04/07/2026 08:58:43 AM
28627A,N,O,04/07/2026 04:35:16 PM
28627B,N,V,04/07/2026 05:32:20 PM
28628A,N,O,04/07/2026 04:14:00 PM
28628B,N,O,04/07/2026 04:20:27 PM
28629A,N,O,04/07/2026 08:55:45 AM
28629B,N,O,04/07/2026 02:49:56 PM
2862A,N,O,04/07/2026 05:35:08 PM
2862B,N,O,04/07/2026 03:02:56 PM
28631A,N,V,04/07/2026 05:03:55 PM
28631B,N,V,04/07/2026 05:07:39 PM
28632A,N,V,04/07/2026 04:14:29 PM
28632B,N,V,04/07/2026 01:50:04 PM
28633A,N,V,04/07/2026 05:35:16 PM
28633B,N,O,04/07/2026 04:40:29 PM
28634A,N,V,04/07/2026 04:25:30 PM
28634B,N,V,04/07/2026 04:49:58 PM
28635A,N,V,04/07/2026 03:46:31 PM
28636A,N,V,04/07/2026 04:49:28 PM
28636B,N,V,04/06/2026 03:59:43 PM
28637A,N,V,04/07/2026 04:44:51 PM
28637B,N,V,04/07/2026 04:17:53 PM
28638A,N,O,04/07/2026 05:21:45 PM
28638B,N,V,04/07/2026 04:14:11 PM
28639A,N,V,04/07/2026 05:03:10 PM
28640A,N,V,04/07/2026 05:33:19 PM
28640B,N,V,04/07/2026 05:00:08 PM
28641A,N,V,04/07/2026 04:30:37 PM
28641B,N,V,04/07/2026 01:05:18 PM
28642A,N,V,04/07/2026 05:35:59 PM
28657A,N,V,04/07/2026 12:08:08 PM
28657B,N,O,04/07/2026 12:56:33 PM
28658A,N,V,04/07/2026 03:44:21 PM
28658B,N,O,04/07/2026 05:36:29 PM
28659B,N,O,04/07/2026 05:28:25 PM
28660A,N,V,04/07/2026 04:28:10 PM
28660B,N,V,04/06/2026 06:53:08 PM
28661A,N,V,04/07/2026 03:41:32 PM
28661B,N,V,04/07/2026 05:31:39 PM
28662A,N,V,04/07/2026 05:32:15 PM
28662B,N,V,04/07/2026 04:03:43 PM
28663A,N,O,04/07/2026 05:32:54 PM
28663B,N,V,04/07/2026 01:10:37 PM
28664B,N,O,04/07/2026 05:35:20 PM
28665A,N,V,04/07/2026 05:02:19 PM
28665B,N,V,04/07/2026 05:18:51 PM
28666A,N,V,04/07/2026 05:36:21 PM
28666B,N,O,04/07/2026 05:32:47 PM
28667A,N,O,04/07/2026 05:35:10 PM
28667B,N,O,04/07/2026 12:40:12 PM
28668A,N,V,04/06/2026 07:15:17 PM
28668B,N,O,04/07/2026 03:21:11 PM
28669A,N,V,04/07/2026 05:28:34 PM
28669B,N,V,04/07/2026 05:34:50 PM
28670A,N,V,04/07/2026 05:16:06 PM
28670B,N,O,04/07/2026 07:00:32 AM
28671A,N,O,04/07/2026 05:26:23 PM
28671B,N,O,04/07/2026 03:54:36 PM
28672A,N,O,12/12/2025 05:11:09 PM
28672B,N,V,04/07/2026 05:24:29 PM
28673A,N,O,04/07/2026 12:17:02 PM
28673B,N,O,04/07/2026 12:30:19 PM
28674A,N,O,04/07/2026 03:46:58 PM
28674B,N,V,04/07/2026 05:16:16 PM
28676A,N,V,04/07/2026 01:22:52 PM
28677A,N,V,04/07/2026 01:14:25 PM
28677B,N,V,04/04/2026 07:56:04 AM
28678A,N,V,04/07/2026 05:10:40 PM
28678B,N,V,04/05/2026 08:23:23 AM
28679A,N,V,04/07/2026 03:43:26 PM
28679B,N,V,04/07/2026 04:45:15 PM
28680A,NU,V,04/05/2026 06:34:06 PM
28680B,NU,V,04/05/2026 07:27:12 AM
28681A,N,V,04/07/2026 04:53:03 PM
28681B,N,V,04/07/2026 01:36:17 PM
28682A,N,V,04/07/2026 05:17:56 PM
28682B,N,V,04/07/2026 05:24:15 PM
28683A,N,V,04/07/2026 05:06:20 PM
28683B,N,V,04/07/2026 03:35:17 PM
28684A,N,V,04/07/2026 04:07:16 PM
28684B,N,V,04/07/2026 02:43:10 PM
28685A,N,V,04/07/2026 03:10:03 PM
28685B,N,V,04/07/2026 05:20:45 PM
28686A,N,V,04/07/2026 01:38:52 PM
28686B,N,V,04/07/2026 04:03:19 PM
28687A,N,V,04/07/2026 01:59:56 PM
28687B,N,V,04/07/2026 01:52:19 PM
28688A,N,O,04/07/2026 05:10:00 PM
28688B,N,V,04/07/2026 05:13:43 PM
28689A,N,O,04/07/2026 04:41:39 PM
28689B,N,V,04/07/2026 03:46:37 PM
2868A,N,O,04/07/2026 04:27:53 PM
2868B,N,O,04/07/2026 05:34:17 PM
28690A,N,V,04/07/2026 04:39:40 PM
28690B,N,V,04/07/2026 02:00:17 PM
28691A,N,V,04/07/2026 04:40:19 PM
28691B,N,V,04/07/2026 03:30:19 PM
28692A,N,V,04/07/2026 02:42:24 PM
28692B,N,V,04/07/2026 01:08:38 PM
28693A,N,V,04/07/2026 03:46:48 PM
28693B,N,V,04/07/2026 05:30:57 PM
28694A,N,V,04/07/2026 05:05:04 PM
28694B,N,V,04/07/2026 04:51:11 PM
28695A,N,V,04/05/2026 03:03:09 PM
28695B,N,V,04/07/2026 05:07:25 PM
28696A,N,V,04/07/2026 05:13:58 PM
28696B,N,O,04/07/2026 05:11:23 PM
28697A,N,V,04/04/2026 10:36:33 AM
28697B,N,V,04/07/2026 05:14:46 PM
28698A,N,V,04/07/2026 12:13:17 PM
28698B,N,O,04/07/2026 04:50:42 PM
28699B,N,V,04/07/2026 05:12:12 PM
2869A,N,O,04/07/2026 02:54:55 PM
2869B,N,O,04/07/2026 08:55:54 AM
286A,N,V,04/07/2026 05:23:02 PM
286B,N,O,04/07/2026 05:36:31 PM
28700A,N,V,04/07/2026 04:38:05 PM
28700B,N,V,04/07/2026 10:01:35 AM
28701A,N,V,04/07/2026 03:40:23 PM
28701B,N,V,04/07/2026 04:59:50 PM
28702A,N,V,04/07/2026 05:36:43 PM
28702B,N,O,04/07/2026 05:36:37 PM
28703A,N,V,04/07/2026 05:21:36 PM
28703B,N,V,04/07/2026 04:56:34 PM
28704A,N,V,04/07/2026 05:07:03 PM
28704B,N,V,04/07/2026 04:35:00 PM
28705A,N,V,04/07/2026 05:12:42 PM
28705B,N,V,04/07/2026 05:12:34 PM
28706A,N,O,04/07/2026 05:36:19 PM
28706B,N,V,04/07/2026 03:56:05 PM
28707A,N,V,04/07/2026 05:27:45 PM
28707B,N,V,04/07/2026 05:00:08 PM
28708A,N,V,04/07/2026 05:19:23 PM
28708B,N,V,04/07/2026 04:23:29 PM
2870A,N,O,04/07/2026 09:00:14 AM
28710A,N,V,04/07/2026 09:00:53 AM
28710B,N,V,04/05/2026 07:14:33 PM
28711A,N,V,04/06/2026 12:50:29 PM
28711B,N,V,04/07/2026 03:53:16 PM
28712A,N,O,04/07/2026 03:52:43 PM
28712B,N,V,04/07/2026 03:27:13 PM
28713A,N,V,04/07/2026 03:41:18 PM
28714A,N,V,04/07/2026 05:32:53 PM
28714B,N,O,04/07/2026 05:20:35 PM
28715A,N,V,04/07/2026 01:47:35 PM
28715B,N,O,04/07/2026 04:03:32 PM
28716A,N,V,04/07/2026 03:03:33 PM
28716B,N,O,04/07/2026 04:02:29 PM
28717A,N,V,04/07/2026 05:26:12 PM
28717B,N,V,04/07/2026 04:47:22 PM
28718A,N,O,04/07/2026 05:13:58 PM
28718B,N,O,04/07/2026 10:43:28 AM
28719A,N,V,04/07/2026 05:32:45 PM
28719B,N,V,04/07/2026 05:24:06 PM
2871A,N,O,04/07/2026 09:43:38 AM
2871B,N,O,04/07/2026 04:36:32 PM
28720A,N,V,04/07/2026 05:33:33 PM
28720B,N,O,04/07/2026 11:18:10 AM
28721A,N,O,04/07/2026 10:51:06 AM
28721B,N,V,04/07/2026 05:27:43 PM
28722A,N,V,04/07/2026 05:08:37 PM
28722B,N,V,04/07/2026 04:43:43 PM
28723A,N,O,04/07/2026 05:08:31 PM
28723B,N,V,04/07/2026 04:59:21 PM
28724A,N,V,04/07/2026 05:18:51 PM
28724B,N,O,04/07/2026 05:35:32 PM
28725A,N,V,04/07/2026 05:23:43 PM
28725B,N,V,04/07/2026 05:17:31 PM
28726A,N,O,04/07/2026 04:41:04 PM
28726B,N,O,04/07/2026 04:25:44 PM
28727A,N,O,04/07/2026 02:30:22 PM
28727B,N,O,04/07/2026 04:47:46 PM
28728A,N,V,04/07/2026 05:36:23 PM
28728B,N,O,04/07/2026 03:07:07 PM
28729A,N,O,04/07/2026 02:47:19 PM
28729B,N,V,04/07/2026 05:25:12 PM
2872A,N,O,04/07/2026 05:15:50 PM
2872B,N,O,04/07/2026 09:09:07 AM
28730A,N,O,04/07/2026 04:24:10 PM
28730B,N,O,04/07/2026 02:26:53 PM
28731A,N,V,04/07/2026 05:35:37 PM
28731B,N,O,04/07/2026 03:55:58 PM
28732A,N,V,04/06/2026 05:51:59 PM
28732B,N,O,04/07/2026 04:33:03 PM
28733A,N,V,04/07/2026 04:49:33 PM
28733B,N,O,04/07/2026 03:31:20 PM
28734A,N,V,04/07/2026 04:46:12 PM
28734B,N,V,04/07/2026 05:18:08 PM
28735A,N,V,04/07/2026 09:01:31 AM
28735B,N,V,04/06/2026 05:48:50 PM
28736A,N,V,04/07/2026 05:23:46 PM
28736B,N,V,04/07/2026 05:23:12 PM
28737A,N,V,04/07/2026 03:23:12 PM
28737B,N,V,04/07/2026 01:17:43 PM
28738A,N,V,04/07/2026 04:01:46 PM
28738B,N,V,04/07/2026 10:59:55 AM
28739A,N,V,04/07/2026 04:11:01 PM
28739B,N,V,04/07/2026 05:16:32 PM
28740A,N,V,04/07/2026 05:25:56 PM
28740B,N,V,04/07/2026 04:38:49 PM
28741A,N,O,04/07/2026 03:49:01 PM
28741B,N,V,04/07/2026 03:07:49 PM
28742A,N,V,04/07/2026 12:15:03 PM
28742B,N,V,04/07/2026 03:34:06 PM
28743A,N,O,04/07/2026 04:14:14 PM
28743B,N,O,04/07/2026 04:11:46 PM
28744B,N,V,04/07/2026 03:10:32 PM
28745A,N,V,04/07/2026 05:16:47 PM
28745B,N,V,04/07/2026 10:40:34 AM
28746A,N,V,04/07/2026 04:58:20 PM
28746B,N,O,04/07/2026 05:03:53 PM
28747A,N,V,04/07/2026 03:17:23 PM
28747B,N,O,04/07/2026 03:28:21 PM
28748A,N,O,04/07/2026 05:24:29 PM
28748B,N,O,04/07/2026 05:18:14 PM
28749A,N,V,04/07/2026 05:13:27 PM
28749B,N,V,04/07/2026 05:17:12 PM
28750A,N,V,04/07/2026 04:56:14 PM
28750B,N,O,04/07/2026 04:59:03 PM
28751A,N,O,04/07/2026 03:58:28 PM
28751B,N,V,04/07/2026 04:02:59 PM
28752A,N,O,04/07/2026 04:36:18 PM
28752B,N,V,04/07/2026 04:55:41 PM
28753A,N,V,04/07/2026 05:25:58 PM
28753B,N,V,04/07/2026 05:08:59 PM
28754A,N,O,04/07/2026 03:31:33 PM
28754B,N,O,04/07/2026 03:30:16 PM
28755A,N,O,04/07/2026 03:37:54 PM
28755B,N,O,04/07/2026 05:29:28 PM
28756A,N,O,04/07/2026 04:26:31 PM
28756B,N,V,04/07/2026 05:33:37 PM
28760A,N,O,04/07/2026 05:11:41 PM
28760B,N,V,04/07/2026 05:03:24 PM
28761A,N,O,04/07/2026 02:56:07 PM
28761B,N,O,04/07/2026 04:15:18 PM
28762A,N,O,04/07/2026 03:28:03 PM
28762B,N,O,04/07/2026 02:45:45 PM
28763A,N,O,04/07/2026 05:05:25 PM
28763B,N,O,04/07/2026 04:24:04 PM
28764A,N,O,04/07/2026 05:28:24 PM
28764B,N,O,04/07/2026 03:26:39 PM
28765A,N,O,04/07/2026 05:21:49 PM
28765B,N,O,04/07/2026 05:31:10 PM
28766A,N,O,04/07/2026 01:41:34 PM
28766B,N,O,04/07/2026 05:01:04 PM
28767A,N,V,04/07/2026 02:39:15 PM
28767B,N,V,04/07/2026 04:22:46 PM
28768A,N,V,04/07/2026 02:58:00 PM
28768B,N,V,04/07/2026 04:05:02 PM
28769A,N,V,04/07/2026 04:17:52 PM
28769B,N,V,04/07/2026 03:29:16 PM
28770A,N,V,04/07/2026 04:26:20 PM
28770B,N,V,04/07/2026 05:01:08 PM
28771A,N,V,04/07/2026 04:25:56 PM
28771B,N,V,04/07/2026 05:01:05 PM
28772A,N,V,04/07/2026 03:21:45 PM
28772B,N,V,04/07/2026 03:21:49 PM
28773A,N,V,04/07/2026 04:25:15 PM
28773B,N,V,04/07/2026 03:43:17 PM
28774A,N,V,04/07/2026 03:02:31 PM
28774B,N,V,04/07/2026 12:57:17 PM
28775A,N,V,04/07/2026 03:02:15 PM
28775B,N,V,04/07/2026 05:35:49 PM
28776A,N,V,04/07/2026 03:38:15 PM
28776B,N,V,04/07/2026 02:41:27 PM
28777A,N,V,04/07/2026 03:37:07 PM
28777B,N,V,04/07/2026 05:24:17 PM
28778A,N,V,04/07/2026 04:42:11 PM
28778B,N,V,04/07/2026 04:42:23 PM
2877A,N,O,04/07/2026 05:31:06 PM
28780B,N,O,04/07/2026 10:13:40 AM
28781A,N,O,04/07/2026 04:50:46 PM
28781B,N,O,04/07/2026 04:19:47 PM
28782A,N,V,04/07/2026 12:09:43 PM
28782B,N,O,04/07/2026 03:52:38 PM
28783A,N,O,04/07/2026 02:28:43 PM
28783B,N,V,04/07/2026 10:37:47 AM
28784A,N,O,04/07/2026 06:55:44 AM
28784B,N,O,04/07/2026 05:36:04 PM
28785A,N,O,04/07/2026 05:33:26 PM
28786A,N,O,04/07/2026 01:50:19 PM
28786B,N,O,04/07/2026 02:31:52 PM
28787A,N,O,04/07/2026 11:47:21 AM
28787B,N,O,04/07/2026 01:49:42 PM
28788A,N,V,04/07/2026 05:11:15 PM
28788B,N,O,04/07/2026 06:56:44 AM
28789A,N,O,04/07/2026 04:07:33 PM
28789B,N,O,04/07/2026 06:55:44 AM
28790A,N,O,04/06/2026 04:15:04 PM
28790B,N,V,04/07/2026 01:59:24 PM
28791A,N,O,04/07/2026 05:07:37 PM
28791B,N,V,04/07/2026 10:25:11 AM
28792A,N,V,04/07/2026 05:34:56 PM
28792B,N,O,04/07/2026 04:57:49 PM
28793A,N,O,04/07/2026 04:57:00 PM
28793B,N,O,04/07/2026 12:25:48 PM
28794A,N,O,04/07/2026 12:25:34 PM
28794B,N,O,04/07/2026 04:52:57 PM
28795A,N,O,04/07/2026 04:52:52 PM
28796A,N,V,04/07/2026 02:28:52 PM
28796B,N,V,04/07/2026 04:25:00 PM
28797A,N,V,04/07/2026 05:30:39 PM
28797B,N,V,04/07/2026 05:27:08 PM
28798A,N,O,04/07/2026 04:02:59 PM
28798B,N,O,04/07/2026 12:11:04 PM
28799A,N,V,04/07/2026 05:17:18 PM
28799B,N,V,04/07/2026 03:11:58 PM
287A,N,O,04/07/2026 05:33:17 PM
287B,N,O,04/07/2026 05:33:26 PM
28800A,N,O,04/07/2026 02:27:45 PM
28800B,N,V,04/07/2026 05:31:23 PM
28801A,N,V,04/07/2026 05:01:52 PM
28801B,N,O,04/07/2026 10:08:17 AM
28802A,N,O,04/07/2026 02:52:30 PM
28802B,N,V,04/07/2026 05:02:59 PM
28803A,N,O,04/07/2026 09:04:33 AM
28804A,N,O,04/07/2026 09:09:07 AM
28804B,N,V,04/07/2026 04:58:45 PM
28805A,N,V,04/07/2026 05:27:30 PM
28805B,N,O,04/07/2026 05:22:52 PM
28806A,N,V,04/07/2026 05:00:02 PM
28806B,N,O,04/07/2026 03:36:38 PM
28807A,N,V,04/07/2026 04:23:06 PM
28807B,N,V,04/07/2026 04:39:57 PM
28808A,N,O,04/07/2026 04:16:27 PM
28808B,N,V,04/07/2026 05:25:04 PM
28809A,N,V,04/07/2026 08:43:45 AM
28809B,N,V,04/07/2026 08:03:19 AM
28810A,N,V,04/07/2026 05:35:26 PM
28810B,N,O,04/07/2026 09:55:50 AM
28811A,N,V,04/07/2026 02:57:47 PM
28811B,N,V,04/07/2026 05:20:17 PM
28812A,N,O,04/07/2026 05:31:13 PM
28812B,N,O,04/07/2026 05:36:31 PM
28813A,N,V,04/07/2026 11:23:56 AM
28813B,N,V,04/07/2026 05:32:40 PM
28814A,N,O,04/07/2026 05:20:57 PM
28814B,N,O,04/07/2026 05:33:57 PM
28815A,N,V,04/07/2026 05:29:28 PM
28815B,N,O,04/07/2026 05:36:23 PM
28816A,N,O,04/07/2026 05:28:50 PM
28816B,N,O,04/07/2026 05:29:59 PM
28817A,N,V,04/07/2026 05:30:45 PM
28817B,N,O,04/07/2026 05:35:55 PM
28820A,N,O,04/07/2026 04:45:04 PM
28820B,N,O,04/07/2026 12:47:20 PM
28821A,N,O,04/07/2026 05:24:42 PM
28821B,N,O,04/07/2026 04:59:12 PM
28822A,N,O,04/07/2026 04:30:13 PM
28822B,N,O,04/07/2026 04:08:38 PM
28823A,N,O,04/07/2026 05:16:04 PM
28823B,N,O,04/07/2026 02:37:31 PM
28824A,N,O,04/07/2026 05:29:46 PM
28824B,N,O,04/07/2026 04:41:34 PM
28825A,N,O,04/07/2026 05:24:44 PM
28825B,N,O,04/07/2026 03:51:14 PM
28826A,N,O,04/07/2026 11:55:08 AM
28826B,N,O,04/07/2026 05:21:24 PM
28827B,N,O,04/07/2026 12:37:19 PM
28828A,N,O,04/07/2026 10:24:50 AM
28828B,N,O,04/07/2026 10:02:46 AM
28829A,N,O,04/07/2026 05:01:06 PM
28829B,N,O,04/07/2026 03:59:58 PM
28830A,N,O,04/07/2026 05:33:31 PM
28830B,N,O,04/07/2026 01:03:42 PM
28831A,N,V,04/07/2026 05:33:12 PM
28831B,N,O,04/07/2026 01:12:15 PM
28832A,N,O,04/07/2026 04:32:37 PM
28832B,N,O,04/07/2026 03:19:19 PM
28833A,N,O,04/07/2026 04:17:29 PM
28833B,N,O,04/07/2026 04:37:44 PM
28835B,N,O,04/07/2026 06:59:47 AM
28836A,N,V,04/07/2026 04:22:42 PM
28836B,N,V,04/07/2026 05:26:36 PM
28837A,N,V,04/07/2026 05:23:36 PM
28837B,N,V,04/07/2026 05:26:26 PM
28838A,N,O,04/07/2026 05:34:56 PM
28838B,N,O,04/07/2026 05:36:36 PM
28839A,N,V,04/06/2026 02:34:40 PM
28839B,N,V,04/07/2026 05:20:53 PM
28840A,N,V,04/07/2026 05:09:40 PM
28840B,N,O,04/07/2026 06:59:46 AM
28841A,N,O,04/06/2026 07:38:32 PM
28841B,N,V,04/07/2026 05:21:56 PM
28842A,N,O,04/06/2026 05:42:39 PM
28842B,N,V,04/06/2026 01:38:11 PM
28843A,N,V,04/07/2026 07:06:12 AM
28843B,N,V,04/07/2026 10:23:29 AM
28844A,N,V,04/07/2026 03:36:43 PM
28844B,N,O,04/07/2026 03:36:59 PM
28845A,N,V,04/05/2026 04:31:42 PM
28845B,N,V,04/07/2026 09:13:02 AM
28846A,N,V,04/07/2026 05:20:14 PM
28846B,N,V,04/07/2026 05:20:14 PM
28847A,N,V,04/07/2026 11:49:15 AM
28847B,N,O,04/07/2026 05:10:11 PM
28848A,N,V,04/07/2026 01:08:43 PM
28848B,N,V,04/07/2026 05:19:09 PM
28849A,N,O,04/07/2026 05:36:03 PM
28849B,N,O,04/07/2026 11:59:17 AM
28850A,N,O,04/07/2026 05:01:51 PM
28850B,N,V,04/07/2026 05:01:51 PM
28851A,N,V,04/07/2026 05:36:31 PM
28852A,N,O,04/07/2026 02:31:31 PM
28852B,N,V,04/07/2026 05:08:59 PM
28853A,N,O,04/07/2026 04:21:23 PM
28853B,N,O,04/07/2026 02:27:41 PM
28854A,N,O,04/07/2026 08:55:45 AM
2889A,N,O,04/07/2026 04:29:29 PM
2890B,N,O,04/07/2026 04:14:32 PM
2894B,N,O,04/07/2026 08:55:51 AM
2896A,N,O,04/07/2026 03:23:23 PM
2897A,N,O,04/07/2026 02:13:49 PM
2897B,N,O,04/07/2026 02:39:50 PM
2899A,N,O,04/07/2026 05:31:59 PM
2899B,N,O,04/07/2026 02:31:55 PM
29002A,N,O,04/07/2026 04:57:18 PM
29002B,N,O,04/07/2026 05:35:58 PM
29003A,N,V,07/28/2025 10:53:03 AM
29003B,N,O,04/07/2026 04:55:08 PM
29004A,N,O,04/07/2026 04:47:34 PM
29004B,N,O,04/07/2026 04:37:43 PM
29005A,N,O,04/07/2026 05:23:03 PM
29005B,N,O,04/07/2026 05:31:59 PM
29006A,N,O,04/07/2026 05:24:14 PM
29006B,N,O,04/07/2026 02:06:46 PM
29007A,N,V,04/07/2026 02:16:47 PM
29007B,N,O,04/07/2026 05:32:37 PM
29008A,N,O,04/07/2026 01:24:30 PM
29008B,N,O,04/07/2026 01:53:03 PM
29009A,N,O,04/07/2026 04:32:07 PM
29009B,N,O,04/07/2026 04:33:15 PM
29011A,N,O,04/07/2026 01:53:53 PM
29011B,N,O,04/06/2026 06:58:44 AM
29012A,N,O,04/07/2026 06:57:49 AM
29012B,N,O,04/06/2026 06:57:48 AM
29013A,N,O,04/07/2026 06:57:00 AM
29013B,N,O,04/07/2026 05:00:27 PM
29014A,N,O,04/07/2026 03:31:33 PM
29014B,N,O,04/07/2026 12:53:00 PM
29015A,N,V,04/07/2026 12:28:34 PM
29015B,N,V,04/07/2026 12:28:34 PM
29016A,N,O,04/07/2026 06:58:48 AM
29016B,N,O,04/07/2026 05:36:36 PM
29017A,N,O,04/07/2026 06:57:47 AM
29018A,N,O,04/07/2026 05:17:59 PM
29018B,N,O,04/07/2026 05:36:22 PM
29019A,N,O,04/07/2026 05:11:55 PM
29019B,N,O,04/07/2026 03:36:10 PM
29020A,N,O,04/07/2026 05:15:46 PM
29020B,N,V,04/07/2026 05:34:57 PM
29021A,N,O,04/07/2026 05:16:13 PM
29021B,N,O,04/07/2026 04:53:08 PM
29022A,N,O,04/07/2026 03:04:40 PM
29022B,N,O,04/07/2026 05:32:57 PM
29023A,N,O,04/07/2026 05:10:32 PM
29024A,N,O,04/07/2026 04:39:53 PM
29024B,N,O,04/07/2026 04:58:44 PM
29025A,N,O,04/07/2026 04:06:50 PM
29025B,N,O,04/07/2026 05:07:19 PM
29026A,N,O,04/07/2026 04:54:13 PM
29026B,N,O,04/07/2026 06:58:54 AM
29027A,N,O,04/07/2026 04:21:52 PM
29027B,N,V,04/07/2026 04:54:34 PM
29028A,N,O,04/07/2026 02:13:56 PM
29028B,N,O,04/07/2026 02:04:51 PM
29029A,N,O,04/07/2026 04:45:57 PM
29029B,N,O,04/07/2026 05:18:15 PM
29030A,N,O,04/07/2026 03:52:14 PM
29030B,N,O,04/07/2026 05:19:38 PM
29031A,N,O,04/07/2026 05:20:38 PM
29031B,N,O,04/07/2026 05:03:02 PM
29032A,N,O,04/07/2026 04:52:03 PM
29032B,N,O,04/07/2026 04:43:35 PM
29033B,N,O,04/07/2026 05:28:32 PM
29034A,N,O,04/07/2026 01:00:28 PM
29034B,N,O,04/06/2026 06:55:45 AM
29035A,N,V,04/07/2026 07:51:45 AM
29035B,N,O,04/07/2026 02:41:31 PM
29036A,N,O,04/07/2026 02:27:50 PM
29036B,N,O,04/07/2026 07:01:19 AM
29046A,N,V,04/07/2026 08:16:30 AM
29046B,N,V,04/07/2026 04:27:30 PM
29047A,N,O,04/07/2026 03:35:19 PM
29047B,N,O,04/07/2026 04:42:18 PM
29048A,N,O,04/07/2026 04:41:12 PM
29048B,N,O,04/07/2026 03:43:19 PM
29049A,N,O,04/07/2026 05:35:42 PM
29049B,N,O,04/07/2026 05:27:17 PM
29050A,N,V,04/07/2026 01:41:28 PM
29050B,N,O,04/07/2026 05:21:39 PM
29051B,N,V,04/07/2026 05:36:03 PM
29052A,N,O,04/07/2026 05:32:16 PM
29053A,N,O,04/07/2026 04:38:58 PM
29053B,N,V,04/07/2026 08:05:10 AM
29054A,N,O,04/07/2026 03:22:05 PM
29054B,N,O,04/07/2026 05:33:06 PM
29055A,N,O,04/07/2026 03:30:50 PM
29055B,N,O,04/07/2026 05:31:22 PM
29056A,N,O,04/07/2026 05:13:25 PM
29056B,N,O,04/07/2026 04:01:56 PM
29057A,N,O,04/07/2026 03:29:46 PM
29057B,N,O,04/07/2026 05:33:32 PM
29058A,N,O,04/07/2026 06:56:50 AM
29059A,N,O,04/07/2026 06:55:48 AM
29059B,N,O,04/07/2026 11:45:27 AM
2905A,N,O,04/07/2026 08:59:40 AM
2905B,N,O,04/07/2026 11:29:52 AM
29060A,N,O,04/07/2026 03:08:53 PM
29060B,N,O,04/07/2026 03:02:58 PM
29061A,N,O,04/07/2026 01:58:20 PM
29061B,N,O,04/07/2026 04:31:53 PM
29062A,N,O,04/07/2026 03:56:11 PM
29062B,N,O,04/07/2026 02:44:42 PM
29063A,N,O,04/07/2026 06:56:51 AM
29063B,N,O,04/07/2026 06:56:51 AM
29064B,N,O,04/07/2026 06:55:49 AM
29065A,N,O,04/07/2026 04:11:45 PM
29065B,N,O,04/07/2026 05:33:50 PM
29066A,N,V,04/07/2026 03:48:48 PM
29066B,NU,O,03/24/2026 04:30:50 PM
29067A,NU,O,03/23/2026 09:36:54 AM
29067B,NU,V,03/23/2026 09:59:48 AM
29068A,NU,V,03/23/2026 09:59:45 AM
29068B,NU,O,03/23/2026 09:43:12 AM
29069A,N,O,04/07/2026 04:38:06 PM
29069B,N,O,04/07/2026 05:03:38 PM
29070A,N,O,04/07/2026 05:32:39 PM
29070B,N,O,04/07/2026 05:28:41 PM
29071A,N,O,04/07/2026 04:59:53 PM
29072A,N,O,04/07/2026 05:10:22 PM
29072B,N,O,04/07/2026 04:18:11 PM
29073A,N,V,04/07/2026 05:36:46 PM
29073B,N,O,04/07/2026 04:53:38 PM
29074A,N,O,04/07/2026 04:22:20 PM
29074B,N,V,04/07/2026 01:53:45 PM
29075A,N,O,04/07/2026 04:43:20 PM
29075B,N,O,04/07/2026 04:56:43 PM
29076B,N,O,04/07/2026 05:36:36 PM
29077A,N,V,04/07/2026 08:19:19 AM
29077B,N,V,04/05/2026 06:18:47 PM
29078A,N,V,04/06/2026 08:19:17 AM
29078B,N,O,04/07/2026 05:36:29 PM
29079A,N,V,04/07/2026 04:05:08 PM
29079B,N,O,04/07/2026 02:26:43 PM
2907A,N,O,04/07/2026 05:08:10 PM
2907B,N,O,04/07/2026 05:10:20 PM
29080A,N,V,04/07/2026 04:39:41 PM
29080B,N,O,04/07/2026 03:41:55 PM
29081A,N,V,04/07/2026 03:07:30 PM
29081B,N,V,04/07/2026 03:08:29 PM
29082A,N,V,04/07/2026 01:48:48 PM
29082B,N,O,04/07/2026 11:18:32 AM
29083A,N,V,04/07/2026 01:49:47 PM
29083B,N,O,04/07/2026 06:56:46 AM
29084A,N,O,04/07/2026 07:51:29 AM
29084B,N,O,04/07/2026 06:55:48 AM
29085A,N,O,04/07/2026 06:59:48 AM
29085B,N,O,04/07/2026 07:00:19 AM
29086A,NU,V,07/11/2025 03:54:12 PM
29086B,NU,V,07/11/2025 03:54:12 PM
29087A,N,O,04/07/2026 06:57:51 AM
29087B,N,O,04/06/2026 07:11:29 PM
29088A,N,O,04/07/2026 06:57:12 AM
29088B,N,O,04/07/2026 03:14:30 PM
29089A,N,O,04/07/2026 06:55:59 AM
29089B,N,O,04/07/2026 06:55:52 AM
2908A,N,O,04/07/2026 11:13:54 AM
2908B,N,V,04/07/2026 05:25:01 PM
29090A,N,O,04/07/2026 06:59:46 AM
29090B,N,O,04/07/2026 05:34:56 PM
29091A,N,O,04/07/2026 06:59:05 AM
29091B,N,O,04/07/2026 06:59:09 AM
29092A,N,O,04/07/2026 06:57:52 AM
29092B,N,V,04/07/2026 05:29:34 PM
29093A,N,O,04/07/2026 05:17:17 PM
29093B,N,O,04/07/2026 06:57:01 AM
29094A,N,O,04/07/2026 06:55:45 AM
29094B,N,O,04/07/2026 06:55:45 AM
29095A,N,O,04/07/2026 05:36:25 PM
29095B,N,V,04/07/2026 05:22:48 PM
29096A,N,O,04/07/2026 04:55:15 PM
29096B,N,O,04/07/2026 05:36:01 PM
29097A,N,O,04/07/2026 05:35:45 PM
29097B,N,O,04/07/2026 03:47:16 PM
29098A,N,V,04/07/2026 05:36:39 PM
29099A,N,O,04/07/2026 11:38:02 AM
29099B,N,O,04/07/2026 05:24:53 PM
2909A,N,V,04/07/2026 05:32:52 PM
2909B,N,V,04/07/2026 05:26:06 PM
290A,N,O,04/07/2026 02:37:08 PM
29100A,N,O,04/07/2026 01:42:55 PM
29100B,N,O,04/07/2026 01:52:59 PM
29101A,N,O,04/07/2026 06:58:39 AM
29101B,N,O,04/07/2026 06:58:39 AM
29102A,N,V,04/07/2026 05:04:54 PM
29102B,N,V,04/07/2026 05:27:20 PM
29103A,N,V,04/07/2026 11:17:37 AM
29103B,N,V,04/07/2026 05:35:35 PM
29104A,N,O,04/07/2026 03:43:20 PM
29105A,N,O,04/07/2026 06:59:45 AM
29105B,N,V,04/07/2026 04:18:42 PM
29106A,N,V,04/07/2026 04:55:48 PM
29106B,N,V,04/07/2026 04:36:00 PM
29107A,N,O,04/07/2026 04:45:29 PM
29107B,N,V,04/07/2026 02:56:42 PM
29108A,N,V,04/07/2026 10:28:18 AM
29108B,N,V,04/07/2026 10:12:41 AM
29109B,N,O,04/07/2026 12:46:29 PM
29111B,N,O,04/07/2026 04:04:37 PM
29112A,N,O,04/07/2026 05:00:56 PM
29112B,N,O,04/07/2026 05:27:42 PM
29113A,N,V,04/07/2026 05:33:59 PM
29113B,N,V,04/07/2026 03:45:29 PM
29114A,N,V,04/07/2026 05:25:16 PM
29114B,N,V,04/07/2026 05:36:13 PM
29115A,N,V,04/07/2026 04:38:26 PM
29115B,N,V,04/07/2026 05:09:45 PM
29116A,N,O,04/07/2026 05:36:02 PM
29116B,N,V,04/07/2026 05:33:05 PM
29117A,N,V,04/07/2026 02:35:09 PM
29117B,N,O,04/07/2026 04:08:03 PM
29118A,N,V,04/07/2026 05:06:18 PM
29118B,N,O,04/07/2026 05:32:38 PM
29121A,N,O,04/07/2026 04:01:55 PM
29122A,N,O,04/07/2026 11:59:40 AM
29122B,N,O,04/07/2026 03:48:07 PM
29123A,N,O,04/07/2026 04:23:39 PM
29123B,N,O,04/07/2026 04:30:45 PM
29124A,N,O,04/07/2026 03:18:41 PM
29124B,N,O,04/07/2026 04:29:10 PM
2912A,N,O,04/07/2026 04:57:48 PM
2912B,N,O,04/07/2026 03:19:49 PM
29139B,N,O,04/07/2026 04:31:48 PM
2913A,N,O,04/07/2026 02:04:50 PM
2913B,N,O,04/07/2026 04:15:17 PM
29140A,N,O,04/07/2026 04:19:12 PM
29140B,N,O,04/07/2026 05:34:06 PM
29141A,N,O,04/07/2026 05:33:56 PM
29141B,N,V,04/07/2026 05:02:14 PM
29142A,N,V,04/07/2026 05:33:37 PM
29142B,N,O,04/07/2026 04:49:03 PM
29143A,N,O,04/07/2026 04:49:04 PM
29143B,N,O,04/07/2026 05:23:36 PM
29144A,N,O,04/07/2026 05:23:37 PM
29144B,N,V,04/07/2026 04:50:27 PM
29145A,N,O,04/07/2026 04:55:08 PM
29145B,N,O,04/07/2026 05:34:09 PM
29146A,N,V,04/07/2026 04:23:32 PM
29146B,N,O,04/07/2026 07:01:52 AM
29147A,N,O,04/07/2026 05:13:45 PM
29147B,N,V,04/07/2026 04:51:48 PM
29148A,N,O,04/07/2026 04:19:58 PM
29148B,N,V,04/07/2026 01:17:08 PM
29149A,N,O,04/07/2026 05:10:01 PM
29149B,N,O,04/07/2026 05:34:40 PM
2914A,N,O,04/07/2026 03:48:33 PM
2914B,N,O,04/07/2026 08:55:50 AM
29150A,N,O,04/07/2026 05:01:37 PM
29150B,N,V,04/07/2026 05:35:16 PM
29151A,N,O,04/07/2026 04:09:35 PM
29151B,N,V,04/07/2026 05:31:15 PM
29152A,N,O,04/07/2026 05:26:14 PM
29152B,N,O,04/07/2026 05:08:21 PM
29153A,N,O,04/07/2026 06:56:56 AM
29153B,N,O,04/07/2026 04:31:50 PM
29154B,N,V,04/07/2026 02:27:18 PM
29155A,N,O,04/07/2026 04:38:32 PM
29155B,N,O,04/07/2026 03:18:15 PM
29159A,N,V,04/07/2026 05:30:59 PM
29159B,N,V,04/07/2026 09:38:47 AM
29160A,N,V,04/07/2026 05:35:18 PM
29161A,N,O,04/07/2026 03:16:59 PM
29161B,N,O,04/06/2026 06:58:59 AM
29162A,N,O,04/07/2026 03:37:47 PM
29162B,N,V,04/05/2026 02:12:47 PM
29163A,N,O,04/07/2026 05:34:56 PM
29164A,N,O,04/07/2026 06:55:48 AM
29164B,N,O,04/07/2026 06:55:48 AM
29165A,N,O,04/07/2026 06:59:56 AM
29165B,N,O,04/07/2026 06:59:49 AM
29166A,N,O,04/07/2026 06:58:51 AM
29166B,N,O,04/07/2026 12:48:26 PM
29167A,N,O,04/07/2026 06:57:49 AM
29167B,N,O,04/06/2026 06:57:47 AM
29168A,N,V,04/07/2026 07:25:35 AM
29168B,N,V,04/06/2026 03:40:02 PM
29169A,N,V,04/06/2026 08:01:57 AM
29169B,N,O,04/07/2026 05:35:17 PM
29170A,N,V,04/07/2026 05:30:22 PM
29170B,N,V,04/07/2026 10:01:02 AM
29171A,N,O,04/07/2026 05:32:18 PM
29171B,N,O,04/07/2026 02:21:34 PM
29172A,N,O,04/07/2026 05:25:00 PM
29173A,N,V,04/07/2026 12:21:55 PM
29173B,N,V,04/07/2026 05:06:03 PM
29174A,N,V,04/07/2026 10:55:51 AM
29174B,N,V,04/07/2026 08:24:57 AM
29175A,N,V,04/07/2026 05:36:42 PM
29175B,N,V,04/07/2026 05:26:17 PM
29176A,N,V,04/07/2026 05:36:38 PM
29176B,N,V,04/07/2026 05:36:03 PM
29177A,N,V,04/07/2026 01:37:11 PM
29177B,N,V,04/07/2026 03:32:13 PM
29178A,N,V,04/07/2026 01:19:00 PM
29178B,N,O,04/07/2026 06:56:54 AM
29179A,N,V,04/07/2026 08:03:39 AM
29179B,N,V,04/07/2026 04:51:32 PM
29181A,N,O,04/07/2026 04:38:16 PM
29181B,N,O,04/07/2026 02:09:56 PM
29182A,N,O,04/07/2026 02:28:47 PM
29182B,N,O,04/07/2026 03:06:02 PM
29183B,N,V,04/07/2026 05:35:28 PM
29184A,N,V,04/07/2026 10:04:35 AM
29184B,N,V,04/07/2026 05:36:45 PM
29185A,N,O,04/07/2026 08:01:32 AM
29185B,N,O,04/07/2026 05:34:51 PM
29186A,N,O,04/07/2026 06:58:52 AM
29186B,N,O,04/07/2026 06:58:52 AM
29187A,N,O,04/07/2026 08:16:38 AM
29188A,N,O,04/07/2026 02:53:23 PM
29188B,N,O,04/07/2026 02:17:19 PM
29189A,N,O,04/07/2026 01:28:11 PM
29189B,N,O,04/07/2026 02:59:04 PM
29190A,N,O,04/07/2026 04:38:02 PM
29190B,N,O,04/07/2026 12:42:57 PM
29191A,N,O,04/07/2026 03:39:23 PM
29191B,N,O,04/07/2026 05:35:41 PM
29192A,N,V,04/07/2026 05:07:46 PM
29192B,N,O,04/07/2026 05:16:54 PM
29193A,N,O,04/07/2026 05:20:50 PM
29193B,N,O,04/07/2026 04:45:13 PM
29194A,N,V,04/07/2026 04:09:03 PM
29194B,N,O,04/07/2026 03:05:57 PM
29195A,N,O,04/07/2026 03:40:31 PM
29195B,N,O,04/07/2026 10:55:13 AM
29196A,N,V,04/07/2026 04:57:56 PM
29196B,N,O,04/07/2026 04:40:11 PM
29197A,N,V,04/07/2026 04:54:34 PM
29197B,N,V,04/07/2026 12:50:57 PM
29198A,N,V,04/07/2026 03:48:07 PM
29198B,N,O,04/07/2026 04:48:24 PM
29199A,N,V,04/07/2026 05:36:39 PM
29199B,N,O,04/07/2026 01:51:43 PM
29200A,N,V,04/07/2026 04:03:27 PM
29200B,N,V,04/07/2026 09:02:49 AM
29201A,N,V,04/07/2026 12:45:22 PM
29201B,N,V,04/07/2026 12:45:22 PM
29202A,N,V,04/07/2026 02:56:25 PM
29202B,N,O,04/07/2026 04:56:30 PM
29203A,N,V,04/07/2026 02:07:39 PM
29203B,N,V,04/07/2026 04:36:32 PM
29204A,N,V,04/07/2026 11:46:26 AM
29204B,N,V,04/07/2026 04:47:12 PM
29205A,N,V,04/07/2026 03:28:10 PM
29205B,N,V,04/07/2026 04:28:44 PM
29206A,N,V,04/07/2026 04:04:48 PM
29206B,N,O,04/07/2026 03:16:40 PM
29207A,N,O,04/07/2026 03:10:49 PM
29207B,N,O,04/07/2026 01:58:25 PM
29208A,N,O,04/07/2026 04:27:12 PM
29208B,N,V,04/07/2026 01:04:13 PM
29209A,N,V,04/07/2026 05:31:40 PM
29209B,N,V,04/07/2026 03:05:28 PM
29210A,N,O,04/07/2026 04:25:33 PM
29210B,N,V,04/07/2026 05:13:43 PM
29211A,N,O,04/07/2026 02:51:00 PM
29211B,N,V,04/07/2026 12:01:50 PM
29212A,N,O,04/07/2026 05:36:29 PM
29212B,N,O,04/07/2026 06:57:49 AM
29213A,N,V,04/07/2026 08:09:21 AM
29213B,N,V,04/07/2026 10:39:21 AM
29214A,N,V,04/07/2026 11:22:58 AM
29214B,N,V,04/07/2026 09:56:26 AM
29215A,N,O,04/07/2026 07:00:08 AM
29215B,N,O,04/07/2026 06:59:48 AM
29216A,N,O,04/07/2026 06:58:50 AM
29216B,N,O,04/07/2026 03:29:12 PM
29217A,N,O,04/07/2026 12:47:09 PM
29218A,N,O,04/07/2026 01:31:26 PM
29218B,N,O,04/07/2026 11:24:43 AM
29219A,N,O,04/07/2026 05:35:14 PM
29219B,N,O,04/07/2026 05:32:52 PM
2921B,N,V,04/07/2026 05:32:28 PM
29220A,N,O,04/07/2026 03:57:07 PM
29220B,N,O,04/07/2026 05:29:54 PM
29221A,N,O,04/07/2026 05:26:18 PM
29221B,N,O,04/07/2026 04:32:40 PM
29222A,N,O,04/07/2026 05:32:56 PM
29222B,N,O,04/07/2026 03:39:06 PM
29223A,N,O,04/07/2026 04:58:08 PM
29223B,N,O,04/07/2026 05:33:17 PM
29224A,N,O,04/07/2026 04:01:07 PM
29224B,N,O,04/07/2026 05:03:31 PM
29225A,N,V,04/07/2026 05:23:27 PM
29225B,N,V,04/07/2026 05:36:25 PM
29226A,N,O,04/07/2026 05:35:09 PM
29226B,N,V,04/07/2026 04:52:37 PM
29227A,N,V,04/07/2026 04:59:46 PM
29227B,N,O,04/07/2026 07:16:38 AM
29228A,N,V,04/07/2026 05:22:10 PM
29228B,N,O,04/07/2026 05:34:33 PM
29229A,N,O,04/07/2026 03:55:04 PM
29229B,N,O,04/07/2026 05:36:14 PM
2922A,N,O,04/07/2026 03:36:32 PM
2922B,N,O,04/07/2026 01:51:37 PM
29230A,N,O,04/07/2026 05:30:40 PM
29230B,N,O,04/07/2026 05:21:49 PM
29231A,N,O,04/07/2026 05:36:24 PM
29231B,N,O,04/07/2026 05:12:53 PM
29232A,N,O,04/07/2026 05:02:19 PM
29232B,N,O,04/07/2026 05:36:38 PM
29233A,N,O,04/07/2026 01:20:08 PM
29233B,N,O,04/07/2026 04:29:18 PM
29234A,N,O,04/07/2026 05:26:31 PM
29234B,N,O,04/07/2026 03:28:16 PM
29235A,N,O,04/07/2026 04:44:58 PM
29235B,N,O,04/07/2026 01:24:18 PM
29236A,N,O,04/07/2026 04:09:49 PM
29237A,N,V,04/07/2026 05:25:22 PM
29238A,N,O,04/07/2026 03:56:52 PM
29238B,N,O,04/07/2026 06:56:52 AM
29239B,N,O,04/07/2026 10:26:06 AM
29240B,N,O,04/07/2026 04:42:34 PM
29241A,N,O,04/07/2026 04:06:37 PM
29241B,N,O,04/07/2026 04:33:00 PM
29242A,N,O,04/07/2026 04:46:18 PM
29242B,N,O,04/07/2026 04:55:20 PM
29243A,N,V,04/07/2026 05:27:53 PM
29243B,N,O,04/07/2026 04:20:44 PM
29244A,N,O,04/07/2026 03:30:16 PM
29244B,N,O,04/07/2026 02:29:19 PM
29254A,N,V,04/07/2026 04:59:39 PM
29255A,N,V,04/06/2026 07:23:42 PM
29255B,N,V,04/07/2026 05:21:10 PM
29256A,N,V,04/06/2026 06:35:50 PM
29256B,N,V,04/07/2026 04:57:34 PM
29257A,N,V,04/07/2026 04:58:24 PM
29257B,N,V,04/07/2026 04:55:23 PM
29258A,N,V,04/07/2026 05:31:35 PM
29258B,N,O,04/07/2026 05:34:29 PM
29259A,N,V,04/07/2026 05:21:49 PM
29259B,N,V,04/07/2026 05:22:04 PM
29260A,N,O,04/07/2026 05:18:19 PM
29260B,N,V,04/07/2026 01:05:31 PM
29261A,N,V,04/07/2026 05:24:01 PM
29261B,N,V,04/07/2026 05:23:40 PM
29262A,N,V,04/06/2026 06:30:18 PM
29262B,N,O,04/06/2026 06:28:11 PM
29263A,N,V,04/06/2026 06:44:35 PM
29263B,N,V,04/06/2026 03:12:02 PM
29264A,N,V,04/07/2026 04:28:43 PM
29264B,N,V,04/07/2026 04:58:43 PM
29265B,N,O,04/07/2026 04:45:03 PM
29266A,N,O,04/07/2026 06:58:44 AM
29266B,N,O,04/07/2026 06:58:44 AM
29267A,N,O,04/07/2026 06:57:42 AM
29267B,N,O,04/07/2026 06:58:02 AM
29268A,N,O,04/07/2026 12:07:14 PM
29268B,N,O,04/07/2026 06:56:46 AM
29269A,N,O,04/07/2026 06:55:54 AM
29269B,N,O,04/07/2026 06:55:42 AM
29270A,N,O,04/07/2026 10:49:20 AM
29270B,N,O,04/07/2026 07:00:01 AM
29271A,N,V,04/07/2026 05:32:36 PM
29271B,N,O,04/06/2026 06:58:50 AM
29272A,N,O,04/07/2026 06:57:52 AM
29272B,N,O,04/07/2026 09:38:50 AM
29273A,N,O,04/07/2026 11:37:03 AM
29273B,N,O,04/07/2026 03:51:40 PM
29274A,N,O,04/07/2026 06:55:45 AM
29274B,N,O,04/06/2026 06:55:48 AM
29275A,N,O,04/07/2026 06:59:49 AM
29275B,N,O,04/07/2026 06:59:49 AM
29276A,N,O,04/07/2026 03:27:47 PM
29276B,N,O,04/07/2026 05:33:27 PM
29277A,N,V,04/07/2026 05:31:41 PM
29277B,N,O,04/06/2026 07:48:35 AM
29278A,N,V,04/07/2026 04:46:47 PM
29278B,N,V,04/07/2026 05:04:57 PM
29279A,N,O,04/07/2026 05:36:02 PM
29279B,N,O,04/07/2026 06:57:22 AM
29280A,N,O,04/07/2026 03:17:53 PM
29280B,N,O,04/07/2026 06:59:40 AM
29281A,N,O,04/07/2026 02:51:29 PM
29281B,N,O,04/07/2026 06:58:51 AM
29282A,N,O,04/07/2026 03:51:51 PM
29282B,N,O,04/07/2026 06:57:39 AM
29283A,N,O,04/07/2026 06:56:40 AM
29283B,N,O,04/07/2026 06:56:48 AM
29284A,N,O,04/07/2026 01:54:17 PM
29284B,N,O,04/07/2026 10:24:43 AM
29285A,N,O,04/07/2026 06:59:42 AM
29285B,N,O,04/07/2026 06:59:42 AM
29286A,N,O,04/07/2026 06:58:55 AM
29286B,N,O,04/07/2026 06:58:51 AM
29287A,N,O,04/07/2026 06:57:46 AM
29287B,N,O,04/07/2026 06:58:06 AM
29288A,N,V,04/07/2026 05:05:49 PM
29288B,N,V,04/07/2026 09:31:41 AM
29289A,N,V,04/07/2026 03:54:02 PM
29289B,N,V,04/07/2026 05:30:03 PM
29290A,N,V,04/07/2026 05:33:02 PM
29290B,N,V,04/07/2026 04:40:44 PM
29291A,N,V,04/07/2026 05:22:24 PM
29291B,N,V,04/07/2026 05:34:48 PM
29292A,N,V,04/07/2026 03:35:39 PM
29292B,N,V,04/07/2026 05:31:25 PM
29293A,N,O,04/07/2026 06:56:40 AM
29293B,N,V,04/07/2026 04:57:06 PM
29294A,N,V,04/07/2026 05:32:19 PM
29294B,N,O,04/07/2026 05:25:20 PM
29295A,N,O,04/07/2026 05:30:56 PM
29295B,N,V,04/06/2026 03:27:49 PM
29296A,N,V,04/07/2026 04:36:21 PM
29296B,N,V,04/07/2026 04:42:54 PM
29297A,N,O,04/07/2026 04:45:16 PM
29297B,N,V,04/07/2026 05:23:19 PM
29298A,N,O,04/07/2026 08:48:31 AM
29298B,N,O,04/07/2026 04:40:10 PM
292A,N,O,04/07/2026 08:57:48 AM
292B,N,O,04/07/2026 05:20:42 PM
29300A,N,O,04/07/2026 03:50:04 PM
29300B,N,O,04/07/2026 05:11:23 PM
29301A,N,V,04/07/2026 05:24:51 PM
29301B,N,O,04/07/2026 05:31:25 PM
29302A,N,V,04/07/2026 05:21:23 PM
29302B,N,O,04/07/2026 05:05:33 PM
29303A,N,O,04/07/2026 03:59:25 PM
29303B,N,O,04/07/2026 04:36:13 PM
29304A,N,O,04/07/2026 05:03:44 PM
29304B,N,O,04/07/2026 04:24:55 PM
29305A,N,O,04/07/2026 05:10:24 PM
29305B,N,O,04/07/2026 04:46:38 PM
29306A,N,V,04/07/2026 05:31:20 PM
29306B,N,O,04/07/2026 05:12:52 PM
29307A,N,V,04/07/2026 05:28:09 PM
29307B,N,V,04/07/2026 02:58:33 PM
29308A,N,O,04/07/2026 05:16:33 PM
29308B,N,O,04/07/2026 05:32:54 PM
29309A,N,O,04/07/2026 05:05:37 PM
29309B,N,O,04/07/2026 04:34:28 PM
29310A,N,O,04/07/2026 04:26:15 PM
29310B,N,O,04/07/2026 04:22:08 PM
29311A,N,V,04/07/2026 04:32:05 PM
29311B,N,O,04/07/2026 04:52:26 PM
29312A,N,O,04/07/2026 04:58:24 PM
29312B,N,O,04/07/2026 03:55:28 PM
29313A,N,O,04/07/2026 01:50:26 PM
29313B,N,O,04/07/2026 04:24:28 PM
29314A,N,O,04/07/2026 05:16:27 PM
29314B,N,O,04/07/2026 05:09:50 PM
29315A,N,V,04/07/2026 04:07:38 PM
29315B,N,O,04/07/2026 01:41:31 PM
29316A,N,V,04/07/2026 03:31:53 PM
29316B,N,O,04/07/2026 05:24:21 PM
29317A,N,O,04/07/2026 05:24:39 PM
29317B,N,V,04/07/2026 05:24:01 PM
29318A,N,V,04/07/2026 04:57:06 PM
29318B,N,O,04/07/2026 04:57:10 PM
29319A,N,V,04/07/2026 04:42:43 PM
29319B,N,O,04/07/2026 04:29:59 PM
29320A,N,O,04/07/2026 04:13:55 PM
29320B,N,V,04/07/2026 08:28:26 AM
29321A,N,V,04/07/2026 05:27:26 PM
29321B,N,O,04/07/2026 05:18:33 PM
29322A,N,O,04/07/2026 03:51:49 PM
29322B,N,O,04/07/2026 05:28:33 PM
29323A,N,V,04/07/2026 01:10:29 PM
29323B,N,O,04/07/2026 02:10:07 PM
29324A,N,V,04/07/2026 05:27:47 PM
29324B,N,O,04/07/2026 04:43:03 PM
29325A,N,O,04/07/2026 05:26:24 PM
29325B,N,O,04/07/2026 03:57:11 PM
29326A,N,V,04/07/2026 05:18:33 PM
29326B,N,O,04/07/2026 04:52:44 PM
29330A,N,V,04/07/2026 05:36:40 PM
29330B,N,O,04/07/2026 04:10:14 PM
29331A,N,V,04/07/2026 05:29:27 PM
29331B,N,O,04/07/2026 05:24:14 PM
29332A,N,V,04/07/2026 04:48:25 PM
29333B,N,O,04/07/2026 05:00:13 PM
29334A,N,V,04/07/2026 12:21:01 PM
29334B,N,V,04/07/2026 02:34:45 PM
29335A,N,O,04/07/2026 05:15:39 PM
29335B,N,V,04/07/2026 08:48:43 AM
29336B,N,O,04/07/2026 04:24:30 PM
29337A,N,V,04/07/2026 05:36:15 PM
29337B,N,O,04/07/2026 05:31:53 PM
29338A,N,O,04/07/2026 05:36:19 PM
29338B,N,O,04/07/2026 05:02:18 PM
29339A,N,O,04/07/2026 05:29:45 PM
29339B,N,V,04/07/2026 12:22:35 PM
29340A,N,O,04/07/2026 03:57:33 PM
29340B,N,V,04/07/2026 01:39:24 PM
29341A,N,O,04/07/2026 05:11:24 PM
29342A,N,O,04/07/2026 04:15:42 PM
29342B,N,V,04/07/2026 05:35:10 PM
29343A,N,V,04/07/2026 03:12:12 PM
29343B,N,O,04/07/2026 10:02:47 AM
29344A,N,O,04/07/2026 04:59:37 PM
29345A,N,O,04/07/2026 07:00:08 AM
29345B,N,V,04/07/2026 05:25:50 PM
29346A,N,V,04/07/2026 08:44:25 AM
29346B,N,V,04/07/2026 05:04:57 PM
29347A,N,V,04/07/2026 05:05:18 PM
29348A,N,V,04/07/2026 03:01:02 PM
29348B,N,V,04/07/2026 05:34:03 PM
29349A,N,V,04/07/2026 02:32:48 PM
29349B,N,O,04/05/2026 07:47:39 PM
29350A,N,O,04/07/2026 05:24:47 PM
29351A,N,V,04/07/2026 09:56:07 AM
29351B,N,V,04/07/2026 10:52:22 AM
29352A,N,V,04/06/2026 11:13:04 AM
29352B,N,V,04/06/2026 11:12:27 AM
29353A,N,O,04/07/2026 02:43:05 PM
29354A,N,V,04/06/2026 04:52:53 PM
29354B,N,V,04/07/2026 05:27:27 PM
29355A,N,V,04/07/2026 01:55:09 PM
29355B,N,V,04/05/2026 02:07:49 PM
29356A,N,V,04/04/2026 03:32:23 PM
29360A,N,V,04/07/2026 09:43:30 AM
29360B,N,V,04/07/2026 04:28:44 PM
29361A,N,O,04/06/2026 05:15:05 PM
29361B,N,V,04/07/2026 09:37:38 AM
29362A,N,O,04/07/2026 04:56:09 PM
29362B,N,V,04/07/2026 09:42:23 AM
29363A,N,O,04/07/2026 01:35:10 PM
29363B,N,O,04/07/2026 03:36:00 PM
2946B,N,V,04/07/2026 05:36:37 PM
2947B,N,V,04/07/2026 03:53:08 PM
2948A,N,V,04/07/2026 04:08:31 PM
2948B,N,O,04/07/2026 02:55:10 PM
2949A,N,V,04/07/2026 05:12:40 PM
2949B,N,V,04/07/2026 05:12:29 PM
2950A,N,V,01/12/2026 10:24:18 AM
2950B,N,O,01/12/2026 10:24:33 AM
2951A,N,V,04/07/2026 05:30:45 PM
2951B,N,V,04/07/2026 05:34:03 PM
2952A,N,O,04/07/2026 05:17:02 PM
2952B,N,O,04/07/2026 03:46:18 PM
2955B,N,O,04/07/2026 09:59:43 AM
2956A,N,O,04/07/2026 05:31:15 PM
2956B,N,O,04/07/2026 04:44:14 PM
2959A,N,V,04/07/2026 05:35:11 PM
2959B,N,O,04/07/2026 10:34:32 AM
295A,N,O,04/07/2026 03:36:22 PM
295B,N,O,04/07/2026 05:27:50 PM
2965A,N,V,04/07/2026 12:27:27 PM
2965B,N,O,04/07/2026 04:56:17 PM
2966A,N,O,04/07/2026 04:06:37 PM
2966B,N,O,04/07/2026 04:16:48 PM
2967A,N,O,04/07/2026 12:36:48 PM
2967B,N,O,04/07/2026 05:02:36 PM
2968A,N,O,04/07/2026 04:13:01 PM
2968B,N,O,04/07/2026 05:27:56 PM
2969A,N,O,04/07/2026 05:35:07 PM
2969B,N,O,04/07/2026 05:00:54 PM
2970A,N,O,04/07/2026 05:36:27 PM
2970B,N,O,04/07/2026 04:43:39 PM
2971A,N,V,04/07/2026 05:33:52 PM
2971B,N,O,04/07/2026 02:13:36 PM
2976A,N,O,04/07/2026 05:36:45 PM
2979A,N,O,04/07/2026 08:55:53 AM
2979B,N,V,04/07/2026 04:51:24 PM
297B,N,O,04/07/2026 05:26:57 PM
2981A,N,V,04/07/2026 03:39:28 PM
2982A,N,V,04/07/2026 05:27:58 PM
2982B,N,V,04/07/2026 05:06:23 PM
2983A,N,V,04/07/2026 05:22:55 PM
2983B,N,O,04/07/2026 08:56:48 AM
2984A,N,V,04/07/2026 05:12:31 PM
2984B,N,V,04/07/2026 05:36:24 PM
2985A,N,O,04/07/2026 04:52:44 PM
2985B,N,V,04/07/2026 05:36:39 PM
2986A,N,O,04/07/2026 05:20:39 PM
2986B,N,O,04/07/2026 04:23:45 PM
2987A,N,O,04/07/2026 04:07:02 PM
2987B,N,O,04/07/2026 04:51:26 PM
2988A,N,O,04/07/2026 12:58:51 PM
2988B,N,O,04/07/2026 12:15:10 PM
2989A,N,O,04/07/2026 01:09:30 PM
2989B,N,O,04/07/2026 05:13:38 PM
298A,N,O,04/07/2026 05:21:56 PM
298B,N,O,04/07/2026 05:21:56 PM
2990A,N,O,04/07/2026 04:53:27 PM
2990B,N,O,04/07/2026 04:19:49 PM
2991A,N,O,04/07/2026 02:47:19 PM
2991B,N,O,04/07/2026 08:58:47 AM
2992A,N,O,04/07/2026 04:48:05 PM
2992B,N,O,04/07/2026 05:08:49 PM
2993A,N,O,04/07/2026 02:43:57 PM
2993B,N,O,04/07/2026 04:26:07 PM
2994A,N,O,04/07/2026 04:42:54 PM
2994B,N,O,04/07/2026 03:53:17 PM
2996A,N,O,04/07/2026 02:47:44 PM
2996B,N,O,04/07/2026 05:36:40 PM
2997A,N,O,04/07/2026 04:22:08 PM
2997B,N,V,04/07/2026 03:51:52 PM
2998A,N,O,04/07/2026 05:27:54 PM
2A,N,O,04/07/2026 03:46:17 PM
2B,N,O,04/07/2026 04:55:34 PM
301A,N,O,04/07/2026 04:38:36 PM
301B,N,V,04/07/2026 12:55:08 PM
302A,N,V,04/07/2026 05:02:56 PM
302B,N,O,04/07/2026 05:19:48 PM
303A,N,V,04/07/2026 04:24:42 PM
303B,N,V,04/07/2026 05:16:04 PM
3040A,N,O,04/07/2026 05:35:38 PM
3040B,N,V,04/07/2026 05:24:46 PM
3041A,N,O,04/07/2026 04:17:09 PM
3041B,N,O,04/07/2026 09:45:47 AM
3045A,N,O,04/07/2026 08:59:52 AM
3045B,N,O,04/07/2026 03:34:52 PM
3046A,N,O,01/12/2026 11:15:27 AM
3046B,N,O,01/12/2026 11:15:12 AM
304A,N,O,04/07/2026 05:36:37 PM
304B,N,O,04/07/2026 05:30:46 PM
305A,N,V,04/07/2026 05:18:10 PM
305B,N,O,04/07/2026 05:17:02 PM
3060A,N,O,04/07/2026 04:12:17 PM
3061A,N,O,04/07/2026 04:12:15 PM
3061B,N,O,04/07/2026 09:43:58 AM
3062A,N,O,04/07/2026 04:03:52 PM
3062B,N,O,04/07/2026 08:57:51 AM
3063A,N,O,04/07/2026 01:16:28 PM
3064A,N,O,04/07/2026 02:18:53 PM
3064B,N,O,04/07/2026 05:03:27 PM
3065A,N,O,04/07/2026 04:02:21 PM
3065B,N,O,04/07/2026 01:13:16 PM
3066A,N,O,04/07/2026 04:23:11 PM
3066B,N,O,04/07/2026 01:42:28 PM
3067A,N,O,04/07/2026 04:25:25 PM
3067B,N,O,04/07/2026 02:42:08 PM
3068A,N,O,04/07/2026 03:56:36 PM
3068B,N,O,04/07/2026 03:56:36 PM
3069A,N,O,04/07/2026 05:33:23 PM
3069B,N,O,04/07/2026 03:45:56 PM
306B,N,O,04/07/2026 03:10:13 PM
3070A,N,O,04/07/2026 05:22:24 PM
3070B,N,O,04/07/2026 03:53:42 PM
3073A,N,O,04/07/2026 09:54:04 AM
3074A,N,O,04/07/2026 05:24:46 PM
3074B,N,O,04/07/2026 08:55:52 AM
3075A,N,O,04/07/2026 04:47:56 PM
3075B,N,O,04/07/2026 05:09:25 PM
3076A,N,O,04/07/2026 05:26:26 PM
3076B,N,O,04/07/2026 04:11:57 PM
3077A,N,O,04/07/2026 10:13:36 AM
3077B,N,O,04/07/2026 08:57:54 AM
3078A,N,O,04/07/2026 04:42:03 PM
3078B,N,O,04/07/2026 04:16:52 PM
3079A,N,O,04/07/2026 04:50:11 PM
3079B,N,O,04/07/2026 04:20:02 PM
307A,N,O,04/07/2026 05:28:27 PM
307B,N,O,04/07/2026 12:10:54 PM
3080A,N,O,04/07/2026 04:34:58 PM
3080B,N,O,04/07/2026 03:04:07 PM
3081A,N,O,04/07/2026 10:28:55 AM
3081B,N,O,04/07/2026 04:18:05 PM
308A,N,O,04/07/2026 04:31:24 PM
308B,N,O,04/07/2026 09:48:51 AM
3092B,N,O,04/07/2026 05:26:02 PM
3093A,N,O,04/07/2026 03:31:10 PM
3093B,N,O,04/07/2026 05:10:03 PM
3094A,N,O,04/07/2026 05:30:36 PM
3094B,N,O,04/07/2026 05:15:10 PM
3095A,N,O,04/07/2026 05:00:15 PM
3095B,N,O,04/07/2026 05:15:29 PM
3096A,N,O,04/07/2026 05:20:29 PM
3096B,N,V,04/07/2026 05:34:36 PM
3097A,N,O,04/07/2026 05:17:20 PM
3097B,N,O,04/07/2026 04:55:15 PM
3098A,N,O,04/07/2026 05:01:27 PM
3098B,N,O,04/07/2026 03:45:11 PM
3099A,N,O,04/07/2026 02:43:28 PM
3099B,N,O,04/07/2026 04:53:44 PM
309A,N,O,04/07/2026 05:27:21 PM
309B,N,V,04/07/2026 05:36:13 PM
3100A,N,O,04/07/2026 02:05:04 PM
3100B,N,O,04/07/2026 05:10:04 PM
3101A,N,O,04/07/2026 12:45:30 PM
3101B,N,O,04/07/2026 04:29:12 PM
3107A,N,O,04/07/2026 04:39:49 PM
3107B,N,O,04/07/2026 03:13:54 PM
3109A,N,O,04/07/2026 04:52:24 PM
3109B,N,O,04/07/2026 05:28:56 PM
310A,N,O,04/07/2026 05:36:24 PM
310B,N,O,04/07/2026 04:52:17 PM
3110A,N,O,04/07/2026 05:19:16 PM
311A,N,O,04/07/2026 05:07:10 PM
311B,N,V,04/07/2026 05:36:02 PM
312A,N,O,04/07/2026 04:22:22 PM
312B,N,O,04/07/2026 05:16:52 PM
313A,N,O,04/07/2026 02:18:03 PM
313B,N,O,04/07/2026 04:38:16 PM
314A,N,O,04/07/2026 05:23:21 PM
314B,N,V,04/07/2026 04:37:46 PM
315A,N,O,04/02/2026 06:17:52 PM
315B,N,O,04/02/2026 07:59:50 PM
316A,N,O,04/02/2026 06:58:52 AM
316B,N,O,04/02/2026 03:30:24 PM
317A,N,O,04/02/2026 06:57:47 AM
317B,N,O,04/02/2026 06:57:47 AM
3186A,N,O,04/07/2026 05:26:58 PM
3186B,N,O,04/07/2026 04:46:28 PM
3187A,N,O,04/07/2026 04:44:39 PM
3187B,N,O,04/07/2026 05:14:25 PM
3188A,N,O,04/07/2026 02:27:45 PM
3188B,N,O,04/07/2026 03:52:02 PM
318B,N,O,04/02/2026 12:50:53 PM
3190A,N,O,04/07/2026 03:02:12 PM
3190B,N,O,04/07/2026 03:08:57 PM
3191A,N,O,04/07/2026 04:56:47 PM
3191B,N,O,04/07/2026 03:07:39 PM
3192A,N,O,04/07/2026 04:37:49 PM
3192B,N,O,04/07/2026 04:25:15 PM
3193A,N,O,04/07/2026 04:47:02 PM
3193B,N,O,04/07/2026 05:06:44 PM
3197A,N,O,04/07/2026 05:14:37 PM
3197B,N,O,04/07/2026 08:57:49 AM
319A,N,O,04/02/2026 06:55:41 AM
319B,N,O,04/02/2026 11:57:58 AM
3205A,N,O,04/07/2026 12:04:02 PM
3205B,N,O,04/07/2026 05:31:16 PM
3206A,N,O,04/07/2026 08:58:45 AM
3206B,N,O,04/07/2026 04:54:27 PM
3207A,N,O,04/07/2026 04:29:17 PM
3207B,N,O,04/07/2026 08:57:52 AM
3209A,N,V,04/07/2026 05:24:48 PM
3209B,N,O,04/07/2026 05:11:13 PM
320A,N,O,04/02/2026 11:19:57 AM
320B,N,O,04/02/2026 02:06:37 PM
3210A,N,O,04/07/2026 08:59:47 AM
3210B,N,O,04/07/2026 08:59:47 AM
3211A,N,O,04/07/2026 02:37:22 PM
3211B,N,O,04/07/2026 09:57:36 AM
3212A,N,O,04/07/2026 08:57:48 AM
3212B,N,O,04/07/2026 02:32:29 PM
3213B,N,O,04/07/2026 08:56:59 AM
3214A,N,V,04/07/2026 04:43:37 PM
3214B,N,V,04/07/2026 04:52:38 PM
3215A,N,V,04/07/2026 04:27:15 PM
3215B,N,O,04/07/2026 02:46:26 PM
3216A,N,V,04/07/2026 04:56:59 PM
3216B,N,V,04/07/2026 04:23:27 PM
3217A,N,V,04/07/2026 12:11:53 PM
3217B,N,O,04/07/2026 03:19:08 PM
3218A,N,V,04/07/2026 04:54:11 PM
3218B,N,O,04/07/2026 04:01:02 PM
3219A,N,V,04/07/2026 05:22:58 PM
3219B,N,V,04/07/2026 04:58:06 PM
321A,N,O,04/02/2026 06:58:42 AM
321B,N,O,04/02/2026 06:58:46 AM
3220A,N,V,04/07/2026 04:10:48 PM
3220B,N,O,04/07/2026 05:18:47 PM
3221A,N,V,04/07/2026 05:09:34 PM
3221B,N,O,03/12/2026 10:14:38 AM
3222A,N,V,04/07/2026 11:02:27 AM
3222B,N,V,04/07/2026 04:24:20 PM
322A,N,O,04/02/2026 12:54:25 PM
322B,N,O,04/02/2026 02:56:35 PM
3237A,N,O,04/07/2026 08:57:50 AM
3237B,N,O,04/07/2026 08:57:50 AM
3238A,N,V,04/07/2026 04:55:26 PM
3238B,N,V,04/07/2026 03:29:33 PM
3239A,N,O,04/07/2026 01:04:50 PM
3239B,N,O,04/07/2026 12:58:53 PM
3240A,N,O,04/07/2026 04:16:03 PM
3240B,N,V,04/07/2026 05:34:41 PM
3241A,N,O,04/07/2026 12:44:54 PM
3241B,N,O,04/07/2026 05:24:54 PM
3242B,N,O,04/07/2026 06:57:37 AM
3258A,N,V,04/07/2026 11:07:37 AM
3258B,N,O,04/07/2026 06:56:38 AM
3259A,N,V,04/07/2026 10:10:24 AM
3259B,N,V,04/07/2026 04:48:22 PM
325A,N,V,04/02/2026 07:57:27 PM
325B,N,O,04/02/2026 07:39:15 PM
3260A,N,O,04/07/2026 05:36:28 PM
3260B,N,V,04/07/2026 02:42:39 PM
3261A,N,V,04/07/2026 05:35:55 PM
3261B,N,O,04/07/2026 02:04:10 PM
3262A,N,V,04/07/2026 05:27:51 PM
3262B,N,O,04/07/2026 04:36:07 PM
3263A,N,O,04/07/2026 04:45:44 PM
3263B,N,V,04/07/2026 05:24:15 PM
3264A,N,O,04/07/2026 08:55:52 AM
3264B,N,O,04/07/2026 05:33:12 PM
3265A,N,V,04/07/2026 05:33:11 PM
3265B,N,O,04/07/2026 05:24:53 PM
3266A,N,O,04/07/2026 01:46:20 PM
3266B,N,O,04/07/2026 05:35:38 PM
3267A,N,O,04/07/2026 05:36:38 PM
3267B,N,O,04/07/2026 03:38:15 PM
3268A,N,O,04/07/2026 04:26:39 PM
3268B,N,O,04/07/2026 09:36:03 AM
326A,N,O,04/02/2026 05:00:57 PM
326B,N,O,04/02/2026 03:50:04 PM
3271A,N,V,04/07/2026 05:19:08 PM
3272A,N,O,04/07/2026 08:58:22 AM
3272B,N,O,04/07/2026 09:00:12 AM
327A,N,O,04/02/2026 12:29:00 PM
327B,N,O,04/02/2026 08:31:21 AM
3281A,N,O,04/07/2026 05:29:10 PM
3281B,N,O,04/07/2026 09:44:55 AM
3282A,N,O,04/07/2026 08:58:47 AM
3282B,N,O,04/07/2026 04:54:04 PM
3283A,N,O,04/07/2026 08:56:57 AM
3283B,N,O,04/07/2026 01:09:29 PM
3284A,N,O,04/07/2026 08:56:01 AM
3284B,N,O,04/07/2026 04:56:06 PM
3285A,N,O,04/07/2026 05:22:20 PM
3285B,N,O,04/07/2026 04:07:51 PM
3286A,N,O,04/07/2026 04:19:33 PM
3286B,N,O,04/07/2026 03:12:06 PM
3287A,N,O,04/07/2026 02:35:43 PM
3287B,N,O,04/07/2026 04:01:52 PM
3288A,N,O,04/07/2026 01:31:55 PM
3288B,N,O,04/07/2026 05:09:02 PM
328A,N,V,04/02/2026 07:59:45 PM
328B,N,O,04/02/2026 03:36:20 PM
3290A,N,V,04/07/2026 05:26:15 PM
3290B,N,V,04/07/2026 05:35:34 PM
3291B,N,V,04/07/2026 05:35:36 PM
3292A,N,O,04/07/2026 04:48:27 PM
3292B,N,V,04/07/2026 05:24:44 PM
3293A,N,O,04/07/2026 02:36:00 PM
3293B,N,O,04/07/2026 04:57:36 PM
3294A,N,O,04/07/2026 04:28:33 PM
3294B,N,O,04/07/2026 04:50:55 PM
3295A,N,O,04/07/2026 03:17:41 PM
329B,N,O,11/01/2025 01:54:54 PM
330A,N,O,04/02/2026 05:51:46 PM
330B,N,O,04/02/2026 06:59:55 AM
3317A,N,O,04/07/2026 02:26:26 PM
3317B,N,O,04/07/2026 02:32:42 PM
3318A,N,O,04/07/2026 05:34:25 PM
3318B,N,O,04/07/2026 10:18:26 AM
3319A,N,O,04/07/2026 04:47:35 PM
3319B,N,O,04/07/2026 04:26:21 PM
331A,N,O,04/02/2026 03:35:38 PM
331B,N,O,04/02/2026 05:29:50 PM
3320A,N,O,04/07/2026 01:51:44 PM
3320B,N,O,04/07/2026 05:16:03 PM
3321A,N,O,04/07/2026 02:12:32 PM
3321B,N,O,04/07/2026 03:55:48 PM
3322A,N,O,04/07/2026 05:21:02 PM
3322B,N,O,04/07/2026 05:15:57 PM
3323B,N,O,04/07/2026 01:43:29 PM
332A,N,O,04/02/2026 06:58:00 AM
332B,N,O,04/02/2026 04:26:32 PM
3330A,N,O,04/07/2026 05:20:52 PM
3330B,N,V,04/07/2026 05:35:04 PM
3331A,N,V,04/07/2026 05:35:02 PM
3331B,N,V,04/07/2026 05:36:11 PM
3332A,N,V,04/07/2026 05:15:51 PM
3332B,N,O,04/07/2026 10:48:32 AM
3333A,N,V,04/07/2026 03:15:02 PM
3333B,N,O,04/07/2026 02:27:08 PM
3334A,N,O,04/07/2026 03:54:03 PM
3334B,N,O,04/07/2026 05:01:02 PM
333A,N,O,04/02/2026 03:40:29 PM
333B,N,O,04/02/2026 12:38:17 PM
3343A,N,O,04/07/2026 10:01:04 AM
3343B,N,O,04/07/2026 08:56:49 AM
3344A,N,O,04/07/2026 05:03:02 PM
3344B,N,O,04/07/2026 05:33:49 PM
3346A,N,O,04/07/2026 05:32:25 PM
3346B,N,O,04/07/2026 05:32:09 PM
334A,N,O,04/02/2026 04:44:11 PM
334B,N,O,04/02/2026 06:55:43 AM
3350A,N,V,04/07/2026 05:10:19 PM
3350B,N,O,04/07/2026 04:51:34 PM
3351A,N,O,04/07/2026 02:11:27 PM
3351B,N,O,04/07/2026 03:59:28 PM
3352A,N,O,04/07/2026 04:16:52 PM
3352B,N,V,04/07/2026 05:33:07 PM
3353A,N,O,04/07/2026 08:57:29 AM
3354A,N,V,04/07/2026 01:27:24 PM
3354B,N,O,04/07/2026 08:55:49 AM
3355A,N,V,04/07/2026 04:59:16 PM
3355B,N,O,04/07/2026 05:35:56 PM
3357B,N,O,04/07/2026 02:29:40 PM
3358A,N,O,04/07/2026 04:38:24 PM
3358B,N,O,04/07/2026 04:21:12 PM
3359A,N,O,04/07/2026 08:55:50 AM
3359B,N,V,04/07/2026 02:34:10 PM
335B,N,O,04/02/2026 05:50:02 PM
3360A,N,O,04/07/2026 05:16:53 PM
3362A,N,V,04/07/2026 05:34:03 PM
3362B,N,V,04/07/2026 05:08:02 PM
3363A,N,V,04/07/2026 05:36:23 PM
3363B,N,V,04/07/2026 05:04:06 PM
3368A,N,V,04/07/2026 05:36:39 PM
3368B,N,O,04/07/2026 08:56:49 AM
336A,N,O,04/02/2026 05:07:45 PM
336B,N,O,04/02/2026 06:58:47 AM
3371A,N,O,04/07/2026 02:35:34 PM
3371B,N,O,04/07/2026 02:33:40 PM
3372A,N,O,04/07/2026 08:57:46 AM
3372B,N,V,04/07/2026 04:42:36 PM
3373A,N,V,04/07/2026 05:23:12 PM
3373B,N,O,04/07/2026 02:55:45 PM
3374A,N,O,04/07/2026 04:54:23 PM
3374B,N,O,04/07/2026 04:50:18 PM
3375A,N,O,04/07/2026 05:36:39 PM
3375B,N,V,04/07/2026 05:13:00 PM
3376A,N,V,04/07/2026 05:32:49 PM
3376B,N,V,04/07/2026 04:58:30 PM
3377A,N,O,04/07/2026 05:36:13 PM
3377B,N,O,04/07/2026 04:18:25 PM
3378A,N,O,04/07/2026 05:34:29 PM
3378B,N,V,04/07/2026 03:57:56 PM
3379A,N,O,04/07/2026 04:23:10 PM
3379B,N,O,04/07/2026 05:36:34 PM
337A,N,O,04/02/2026 02:43:37 PM
337B,N,O,04/02/2026 06:57:55 AM
3380A,N,O,04/07/2026 03:21:12 PM
3380B,N,V,04/07/2026 05:35:06 PM
3381A,N,O,04/07/2026 03:31:21 PM
3381B,N,V,04/07/2026 05:31:47 PM
3382A,N,O,04/07/2026 02:24:23 PM
3382B,N,O,04/07/2026 08:57:49 AM
3383A,N,O,04/07/2026 04:11:22 PM
3383B,N,O,04/07/2026 04:46:07 PM
338A,N,O,04/02/2026 06:56:53 AM
338B,N,O,04/02/2026 06:57:44 AM
339A,N,O,04/02/2026 03:57:36 PM
3400A,N,V,04/07/2026 04:59:05 PM
3400B,N,O,04/06/2026 08:22:06 PM
3401A,N,O,04/07/2026 05:17:39 PM
3402A,N,O,04/07/2026 03:32:02 PM
3402B,N,O,04/07/2026 01:14:18 PM
3403A,N,O,04/07/2026 02:17:26 PM
3403B,N,O,04/07/2026 01:13:20 PM
3404A,N,O,04/07/2026 02:26:49 PM
3404B,N,O,04/07/2026 04:23:59 PM
3405A,N,O,04/07/2026 08:59:48 AM
3405B,N,O,04/07/2026 04:21:14 PM
3406A,N,O,04/07/2026 05:12:21 PM
3406B,N,O,04/07/2026 04:08:58 PM
3411A,N,O,04/07/2026 02:54:55 PM
3411B,N,O,04/07/2026 04:32:36 PM
3412A,N,O,04/07/2026 08:57:43 AM
3412B,N,O,04/07/2026 05:28:58 PM
3413A,N,O,04/07/2026 04:34:50 PM
3413B,N,O,04/07/2026 03:13:47 PM
3414A,N,O,04/07/2026 03:40:58 PM
3414B,N,O,04/07/2026 02:08:11 PM
3415A,N,O,04/07/2026 08:59:45 AM
3416A,N,O,04/07/2026 01:26:41 PM
3416B,N,O,04/07/2026 03:34:12 PM
3417A,N,O,04/07/2026 08:57:46 AM
3418A,N,O,04/07/2026 02:25:11 PM
3418B,N,O,04/07/2026 03:22:05 PM
3419A,N,O,04/07/2026 12:24:33 PM
3419B,N,O,04/07/2026 08:55:45 AM
3421A,N,O,04/07/2026 04:49:51 PM
3421B,N,O,04/07/2026 05:08:13 PM
3422A,N,O,04/07/2026 05:13:12 PM
3422B,N,O,04/07/2026 03:43:40 PM
3423A,N,O,04/07/2026 08:56:43 AM
3423B,N,O,04/07/2026 10:28:17 AM
3427A,N,O,04/07/2026 04:53:18 PM
3427B,N,O,04/07/2026 05:18:40 PM
3428A,N,O,04/07/2026 05:08:17 PM
3428B,N,O,04/07/2026 04:36:22 PM
342A,N,O,04/02/2026 04:34:48 PM
3433A,N,V,04/07/2026 05:18:54 PM
3433B,N,O,04/07/2026 05:24:40 PM
3434A,N,O,04/07/2026 03:31:18 PM
3434B,N,O,04/07/2026 05:24:02 PM
3435A,N,O,04/07/2026 04:57:19 PM
3435B,N,V,04/07/2026 05:35:30 PM
3436A,N,O,04/07/2026 03:37:15 PM
3436B,N,O,04/07/2026 03:36:41 PM
343A,N,O,04/02/2026 11:04:09 AM
343B,N,O,04/02/2026 04:35:22 PM
3447B,N,O,04/07/2026 02:26:46 PM
3448A,N,O,04/07/2026 04:28:42 PM
3448B,N,O,04/07/2026 10:17:00 AM
3449B,N,O,04/07/2026 11:08:42 AM
344A,N,O,04/02/2026 11:26:16 AM
344B,N,O,04/02/2026 05:23:06 PM
3450A,N,O,04/07/2026 03:40:03 PM
3450B,N,O,04/07/2026 04:41:00 PM
3451A,N,O,04/07/2026 02:02:25 PM
3451B,N,O,04/07/2026 02:37:18 PM
345A,N,O,04/02/2026 08:03:31 AM
345B,N,O,04/02/2026 08:04:00 AM
3467B,N,O,04/07/2026 04:25:25 PM
3468A,N,O,04/07/2026 04:39:50 PM
3468B,N,O,04/07/2026 05:06:14 PM
346B,N,O,04/02/2026 06:47:12 PM
3475B,N,O,04/07/2026 05:28:42 PM
3476A,N,O,04/07/2026 09:58:41 AM
3476B,N,O,04/07/2026 04:58:27 PM
3477A,N,O,04/07/2026 04:48:56 PM
3477B,N,O,04/07/2026 04:11:47 PM
3478A,N,O,04/07/2026 05:24:03 PM
3478B,N,V,04/07/2026 05:11:54 PM
3479A,N,O,04/07/2026 09:55:48 AM
347A,N,O,04/02/2026 08:30:06 AM
347B,N,O,04/02/2026 06:57:46 AM
3483A,N,O,04/07/2026 01:49:13 PM
3484B,N,V,04/07/2026 05:17:12 PM
3485A,N,O,04/07/2026 04:32:34 PM
3486A,N,O,04/07/2026 02:52:35 PM
3486B,N,O,04/07/2026 03:11:30 PM
3487A,N,O,04/07/2026 04:03:19 PM
3487B,N,O,04/07/2026 02:23:19 PM
3488B,N,O,04/07/2026 08:56:48 AM
3489A,N,O,04/07/2026 05:03:49 PM
3489B,N,V,04/07/2026 05:23:04 PM
348A,N,O,04/02/2026 04:51:45 PM
348B,N,O,04/02/2026 03:39:59 PM
350A,N,O,04/02/2026 06:59:58 AM
350B,N,O,04/02/2026 04:06:37 PM
3516A,N,V,04/07/2026 05:22:41 PM
3516B,N,V,04/07/2026 05:36:02 PM
351A,N,O,04/02/2026 09:45:26 AM
351B,N,O,04/02/2026 01:34:44 PM
352A,N,O,04/02/2026 03:04:09 PM
352B,N,O,04/02/2026 03:56:18 PM
353A,N,O,04/02/2026 04:18:36 PM
353B,N,O,04/02/2026 11:43:41 AM
3541B,N,O,04/07/2026 05:34:46 PM
3542A,N,O,04/07/2026 05:14:53 PM
3543A,N,O,04/07/2026 04:12:20 PM
3543B,N,O,04/07/2026 05:35:46 PM
3544A,N,V,04/07/2026 05:34:08 PM
3544B,N,O,04/07/2026 04:44:23 PM
3545A,N,O,04/07/2026 05:32:49 PM
3550A,N,O,04/07/2026 04:59:38 PM
3550B,N,O,04/07/2026 02:17:37 PM
3551A,N,O,04/07/2026 02:21:12 PM
3551B,N,O,04/07/2026 05:29:32 PM
3558B,N,O,04/07/2026 04:27:32 PM
3559A,N,O,04/07/2026 08:55:43 AM
3559B,N,V,04/07/2026 12:28:24 PM
3562A,N,O,04/07/2026 10:41:19 AM
3563A,N,O,04/07/2026 05:22:03 PM
3563B,N,V,04/07/2026 04:18:55 PM
3564A,N,O,04/07/2026 05:09:43 PM
3564B,N,O,04/07/2026 08:55:53 AM
3568A,N,O,04/07/2026 08:56:53 AM
3568B,N,O,04/07/2026 12:33:31 PM
3569A,N,O,04/07/2026 04:58:52 PM
3569B,N,O,04/07/2026 04:43:50 PM
3571A,N,O,04/07/2026 12:39:14 PM
3571B,N,V,04/07/2026 05:29:32 PM
3572A,N,O,04/07/2026 05:34:42 PM
3572B,N,O,04/07/2026 04:25:51 PM
3573A,N,O,04/07/2026 05:12:39 PM
3573B,N,O,04/07/2026 02:20:59 PM
3574A,N,O,04/07/2026 03:30:56 PM
3574B,N,O,04/07/2026 04:48:48 PM
3575A,N,O,04/07/2026 05:20:56 PM
3575B,N,O,04/07/2026 05:09:53 PM
3576A,N,O,04/07/2026 05:32:55 PM
3576B,N,V,04/07/2026 05:36:33 PM
3577A,N,O,04/07/2026 02:11:53 PM
3577B,N,O,04/07/2026 05:33:49 PM
3578A,N,O,04/07/2026 03:51:17 PM
3578B,N,O,04/07/2026 04:10:23 PM
3579A,N,O,04/07/2026 03:01:49 PM
3579B,N,O,04/07/2026 05:34:09 PM
357A,N,O,04/07/2026 04:49:08 PM
357B,N,O,04/07/2026 07:57:49 AM
3580A,N,O,04/07/2026 05:36:11 PM
3583A,N,O,04/07/2026 10:26:49 AM
3583B,N,O,04/07/2026 04:47:45 PM
3584A,N,O,04/07/2026 10:26:03 AM
3584B,N,O,04/07/2026 10:26:03 AM
3585A,N,O,04/07/2026 03:37:19 PM
3585B,N,O,04/07/2026 10:31:39 AM
3586A,N,O,04/07/2026 04:21:55 PM
3586B,N,O,04/07/2026 05:29:33 PM
3587A,N,O,04/07/2026 04:38:49 PM
3587B,N,O,04/07/2026 04:44:53 PM
3588A,N,O,04/07/2026 05:36:33 PM
3592A,N,O,04/06/2026 12:01:54 PM
3592B,N,O,04/07/2026 08:57:50 AM
3593A,N,O,04/07/2026 04:50:03 PM
3593B,N,O,04/07/2026 08:56:51 AM
3594A,N,O,04/07/2026 05:19:02 PM
3594B,N,O,04/07/2026 08:55:45 AM
3597A,N,O,04/07/2026 05:28:02 PM
3597B,N,O,04/07/2026 09:49:36 AM
3604B,N,O,04/07/2026 11:57:35 AM
3605A,N,O,04/07/2026 02:05:46 PM
3605B,N,O,04/07/2026 08:59:47 AM
3606A,N,O,04/07/2026 02:35:31 PM
3606B,N,O,04/07/2026 08:58:45 AM
3607A,N,O,04/07/2026 03:31:15 PM
3607B,N,O,04/07/2026 08:57:45 AM
3608B,N,O,04/07/2026 08:56:53 AM
3609A,N,O,04/07/2026 04:34:52 PM
3609B,N,O,04/07/2026 04:37:55 PM
360A,N,O,04/07/2026 03:09:48 PM
360B,N,O,04/07/2026 04:17:30 PM
3610A,N,O,04/07/2026 05:14:58 PM
3610B,N,O,04/07/2026 04:46:18 PM
3611A,N,O,04/07/2026 08:59:06 AM
3611B,N,O,04/07/2026 05:14:39 PM
3612A,N,O,04/07/2026 03:54:56 PM
3612B,N,O,04/07/2026 02:46:20 PM
3613A,N,O,04/07/2026 05:34:56 PM
3613B,N,O,04/07/2026 08:56:51 AM
3614A,N,O,04/07/2026 08:55:47 AM
3615A,N,O,04/07/2026 04:28:44 PM
3615B,N,O,04/07/2026 04:54:14 PM
3616A,N,V,04/07/2026 04:50:50 PM
3616B,N,O,04/07/2026 04:35:24 PM
3617B,N,O,04/07/2026 08:57:48 AM
3618B,N,V,04/07/2026 05:31:32 PM
3619A,N,O,04/07/2026 05:32:18 PM
3619B,N,V,04/07/2026 05:01:38 PM
361A,N,O,04/07/2026 05:23:23 PM
361B,N,O,04/07/2026 01:40:03 PM
3620A,N,O,04/07/2026 10:00:19 AM
3620B,N,O,04/07/2026 09:59:51 AM
3621A,N,O,04/07/2026 04:50:58 PM
3621B,N,O,04/07/2026 05:28:09 PM
3622A,N,O,04/07/2026 08:57:54 AM
3622B,N,O,04/07/2026 03:23:34 PM
3623A,N,O,04/07/2026 03:28:44 PM
3623B,N,O,04/06/2026 07:15:50 PM
3624A,N,O,04/07/2026 03:02:30 PM
3624B,N,O,04/07/2026 03:01:22 PM
3625A,N,O,04/07/2026 04:59:45 PM
3625B,N,O,04/07/2026 04:44:19 PM
3634A,N,V,04/07/2026 05:13:50 PM
3634B,N,V,04/07/2026 05:35:20 PM
3635B,N,V,04/07/2026 05:35:24 PM
3646B,N,O,04/07/2026 04:15:31 PM
3647A,N,O,04/07/2026 10:57:44 AM
3647B,N,O,04/07/2026 11:41:38 AM
364A,N,O,04/07/2026 03:43:57 PM
364B,N,O,04/07/2026 04:56:17 PM
3653A,N,O,04/07/2026 08:56:52 AM
3653B,N,O,04/07/2026 08:56:52 AM
3654A,N,O,04/07/2026 08:56:04 AM
3654B,N,O,04/07/2026 02:55:31 PM
365A,N,O,04/07/2026 08:59:47 AM
365B,N,O,04/07/2026 04:44:33 PM
3663A,N,V,04/07/2026 05:32:58 PM
3664A,N,O,04/07/2026 05:33:07 PM
3664B,N,V,04/07/2026 05:33:36 PM
3665A,N,V,04/07/2026 03:57:54 PM
3666A,N,V,04/07/2026 05:32:40 PM
3666B,N,O,04/07/2026 05:13:42 PM
3669B,N,O,04/07/2026 04:00:14 PM
366A,N,O,04/07/2026 08:59:19 AM
366B,N,O,04/07/2026 04:55:49 PM
367A,N,V,04/07/2026 05:36:34 PM
367B,N,O,04/07/2026 02:48:40 PM
368A,N,O,04/07/2026 08:56:48 AM
368B,N,O,04/07/2026 08:56:55 AM
3711B,N,V,04/07/2026 05:12:59 PM
3712A,N,V,04/07/2026 05:36:08 PM
3712B,N,V,04/07/2026 04:31:40 PM
3713A,N,V,04/07/2026 05:12:29 PM
3714A,N,V,04/07/2026 05:34:08 PM
3714B,N,V,04/07/2026 04:38:48 PM
3715A,N,V,04/07/2026 04:49:58 PM
3715B,N,V,04/07/2026 05:27:43 PM
3716A,N,O,04/07/2026 12:07:58 PM
3716B,N,V,04/07/2026 05:14:11 PM
3717A,N,O,04/07/2026 05:27:50 PM
3717B,N,O,04/07/2026 03:32:51 PM
3718A,N,O,04/07/2026 04:48:52 PM
3718B,N,V,04/07/2026 05:06:32 PM
3719A,N,O,04/07/2026 04:39:33 PM
3719B,N,O,04/07/2026 04:28:58 PM
3720A,N,O,04/07/2026 01:03:53 PM
3720B,N,O,04/07/2026 02:55:02 PM
3721A,N,V,04/07/2026 05:34:12 PM
3721B,N,O,04/07/2026 05:23:36 PM
3722A,N,V,04/07/2026 04:49:51 PM
3723B,N,O,04/07/2026 05:26:42 PM
3724A,N,O,04/07/2026 05:22:23 PM
3724B,N,O,04/07/2026 04:33:41 PM
3725A,N,O,04/07/2026 12:47:15 PM
3725B,N,O,04/07/2026 05:06:17 PM
3726A,N,O,04/07/2026 05:04:38 PM
3726B,N,O,04/07/2026 08:58:51 AM
3727B,N,O,04/07/2026 08:57:53 AM
3728A,N,O,04/07/2026 08:56:50 AM
3728B,N,O,04/07/2026 08:56:58 AM
3729A,N,O,04/07/2026 08:55:47 AM
3729B,N,O,04/07/2026 08:55:47 AM
3730A,N,O,04/07/2026 08:59:48 AM
3730B,N,O,04/07/2026 09:00:11 AM
3731A,N,O,04/07/2026 08:58:49 AM
3731B,N,O,04/07/2026 08:58:45 AM
3732A,N,O,04/07/2026 09:39:00 AM
3732B,N,O,04/07/2026 08:57:44 AM
3733A,N,O,04/07/2026 08:56:49 AM
3733B,N,O,04/07/2026 08:56:49 AM
3734A,N,O,04/07/2026 03:20:25 PM
3734B,N,O,04/07/2026 05:36:37 PM
3735A,N,O,04/07/2026 05:03:03 PM
3735B,N,O,04/07/2026 03:27:45 PM
3736A,N,O,04/07/2026 08:58:47 AM
3736B,N,O,04/07/2026 08:58:55 AM
3737A,N,V,04/07/2026 04:31:42 PM
3737B,N,V,04/07/2026 05:16:28 PM
3738B,N,O,04/07/2026 03:39:38 PM
3739A,N,O,04/07/2026 04:06:40 PM
3739B,N,O,04/07/2026 01:37:50 PM
3741B,N,O,04/07/2026 08:58:43 AM
375A,N,V,04/07/2026 05:36:41 PM
375B,N,O,04/07/2026 04:46:31 PM
3774A,N,V,04/07/2026 05:21:43 PM
3775A,N,O,04/07/2026 05:34:30 PM
3776A,N,V,04/07/2026 05:11:40 PM
3776B,N,O,04/07/2026 11:26:14 AM
3777A,N,O,04/07/2026 04:30:25 PM
3777B,N,V,04/07/2026 05:32:17 PM
3778A,N,O,04/07/2026 04:57:07 PM
3779A,N,V,04/07/2026 02:10:40 PM
3779B,N,V,04/07/2026 02:50:43 PM
3780A,N,O,04/07/2026 08:59:49 AM
3780B,N,V,04/07/2026 05:10:52 PM
3781A,N,V,04/07/2026 05:08:00 PM
3781B,N,V,04/07/2026 04:42:14 PM
3782A,N,O,04/07/2026 05:00:12 PM
3782B,N,O,04/07/2026 01:42:53 PM
3783A,N,O,04/07/2026 03:48:55 PM
3783B,N,O,04/07/2026 05:35:27 PM
3790A,N,V,04/07/2026 04:50:09 PM
3790B,N,V,04/07/2026 04:25:11 PM
3791A,N,O,04/07/2026 04:33:48 PM
3791B,N,O,04/07/2026 04:50:23 PM
3794A,N,V,04/07/2026 05:28:33 PM
3795A,N,O,04/07/2026 10:29:57 AM
3795B,N,O,04/07/2026 10:29:57 AM
37A,N,O,04/07/2026 11:21:07 AM
37B,N,O,04/07/2026 04:49:15 PM
3806A,N,V,04/07/2026 05:07:58 PM
3806B,N,O,04/07/2026 04:48:45 PM
3807A,N,O,04/07/2026 05:12:56 PM
3807B,N,O,04/07/2026 04:46:32 PM
3808A,N,O,04/07/2026 09:56:49 AM
3809A,N,O,04/07/2026 05:35:36 PM
3809B,N,V,04/07/2026 05:30:04 PM
3810A,N,O,04/07/2026 05:01:35 PM
3810B,N,O,04/07/2026 05:33:03 PM
3811A,N,O,04/07/2026 04:17:21 PM
3812A,N,O,04/07/2026 04:55:03 PM
3812B,N,V,04/07/2026 05:01:40 PM
3815A,N,O,04/07/2026 02:52:19 PM
3815B,N,V,04/07/2026 05:29:24 PM
3816A,N,O,04/07/2026 08:58:49 AM
3817A,N,V,04/07/2026 04:59:19 PM
3817B,N,V,04/07/2026 05:03:58 PM
3819A,N,O,04/07/2026 11:03:11 AM
3819B,N,V,04/07/2026 05:32:03 PM
3820A,N,O,04/07/2026 04:57:35 PM
3821A,N,O,04/07/2026 04:06:06 PM
3822A,N,O,04/07/2026 08:57:39 AM
3822B,N,V,04/07/2026 05:33:38 PM
3823A,N,V,04/07/2026 05:14:09 PM
3824A,N,O,04/07/2026 04:58:26 PM
3824B,N,O,04/07/2026 05:00:31 PM
3825A,N,V,04/07/2026 04:50:30 PM
3825B,N,O,04/07/2026 08:59:43 AM
3826A,N,O,04/07/2026 12:25:33 PM
3827A,N,O,04/07/2026 11:35:12 AM
3827B,N,O,03/12/2026 04:10:48 PM
3828A,N,V,04/07/2026 05:04:21 PM
3828B,N,V,04/07/2026 05:33:10 PM
3829A,N,O,04/07/2026 04:54:26 PM
3829B,N,O,04/07/2026 08:55:44 AM
3830A,N,V,01/24/2026 11:57:19 PM
3830B,N,O,01/25/2026 08:59:57 AM
3831A,N,O,04/07/2026 03:36:28 PM
3831B,N,O,04/07/2026 04:15:16 PM
3832B,N,O,04/07/2026 04:39:07 PM
3834A,N,V,04/07/2026 05:07:12 PM
3834B,N,V,04/07/2026 05:22:10 PM
3835A,N,V,04/07/2026 05:20:28 PM
3835B,N,V,04/07/2026 05:36:35 PM
3836A,N,O,12/03/2025 08:44:16 AM
3836B,N,O,12/03/2025 09:29:39 AM
3837A,N,O,04/07/2026 12:09:58 PM
3837B,N,V,04/07/2026 05:34:38 PM
3838A,N,O,04/07/2026 10:26:45 AM
3838B,N,V,04/07/2026 03:54:39 PM
3839A,N,O,04/07/2026 04:18:41 PM
3840A,N,O,04/07/2026 10:29:51 AM
3840B,N,O,04/07/2026 10:29:51 AM
3841A,N,O,04/07/2026 05:35:34 PM
3841B,N,O,04/07/2026 05:21:58 PM
3842A,N,V,04/07/2026 05:34:12 PM
3842B,N,V,04/07/2026 05:13:21 PM
3843A,N,V,04/07/2026 01:52:49 PM
3843B,N,O,04/07/2026 04:59:46 PM
3844A,N,V,04/06/2026 04:55:58 PM
3844B,N,V,04/07/2026 04:25:25 PM
3845A,N,V,04/06/2026 09:38:58 PM
3845B,N,V,04/07/2026 10:34:47 AM
3846B,N,O,04/07/2026 05:09:09 PM
3847A,N,V,04/07/2026 05:08:58 PM
3847B,N,V,04/07/2026 05:24:41 PM
3848A,N,V,04/07/2026 05:35:57 PM
3848B,N,V,04/07/2026 05:33:25 PM
3878A,N,O,04/07/2026 05:17:39 PM
3878B,N,O,04/07/2026 04:23:40 PM
3879A,N,O,04/07/2026 04:06:06 PM
3879B,N,O,04/07/2026 05:10:31 PM
3880A,N,O,04/07/2026 05:26:47 PM
3883A,N,O,04/07/2026 05:23:36 PM
3883B,N,O,04/07/2026 01:47:49 PM
3884A,N,O,04/07/2026 08:55:52 AM
3884B,N,O,04/07/2026 04:20:31 PM
3885A,N,O,04/07/2026 05:31:17 PM
3885B,NU,O,04/07/2026 03:17:52 PM
3886A,N,O,04/07/2026 12:47:10 PM
3886B,N,V,04/07/2026 05:23:47 PM
3887A,N,O,04/07/2026 03:21:55 PM
3887B,N,O,04/07/2026 05:00:57 PM
3888A,N,O,04/07/2026 05:20:19 PM
3888B,N,O,04/07/2026 05:05:06 PM
3889A,N,O,04/07/2026 04:53:27 PM
3889B,N,O,04/07/2026 05:25:21 PM
3890A,N,O,04/07/2026 05:12:33 PM
3890B,N,O,04/07/2026 05:17:31 PM
3891B,N,O,04/07/2026 08:58:51 AM
3893A,N,O,04/07/2026 05:31:25 PM
3893B,N,O,04/07/2026 05:13:14 PM
3894A,N,O,04/07/2026 05:14:10 PM
3894B,N,V,04/07/2026 05:36:02 PM
3895A,N,V,04/07/2026 05:11:15 PM
3895B,N,V,04/07/2026 05:11:36 PM
3896A,N,V,04/07/2026 04:58:19 PM
3896B,N,V,04/07/2026 05:09:41 PM
3897A,N,O,04/07/2026 08:57:40 AM
3897B,N,V,04/07/2026 05:03:58 PM
38A,N,V,04/07/2026 05:13:35 PM
38B,N,O,04/07/2026 01:40:56 PM
3933B,N,O,04/07/2026 01:59:36 PM
3934B,N,V,04/07/2026 05:31:20 PM
3935A,N,O,04/07/2026 03:49:11 PM
3936A,N,O,04/07/2026 04:41:34 PM
3936B,N,O,04/07/2026 12:23:51 PM
3937A,N,O,01/28/2026 06:58:40 AM
3938A,N,O,04/07/2026 05:34:53 PM
3938B,N,O,04/07/2026 06:56:44 AM
3939B,N,O,04/07/2026 04:49:45 PM
3940B,N,O,04/07/2026 04:09:58 PM
3941A,N,V,04/06/2026 11:01:21 PM
3941B,N,V,04/07/2026 05:35:04 PM
3942A,N,O,04/06/2026 11:58:15 PM
3942B,N,V,04/07/2026 05:31:22 PM
3945A,N,O,04/07/2026 04:33:36 PM
3945B,N,O,04/07/2026 06:59:51 AM
3946A,N,O,04/07/2026 05:17:36 PM
3946B,N,O,04/07/2026 03:08:00 PM
3947A,N,O,04/07/2026 03:04:38 PM
3947B,N,O,04/07/2026 04:16:47 PM
3948A,N,O,04/07/2026 05:02:33 PM
3948B,N,O,04/07/2026 04:40:03 PM
3949A,N,O,04/07/2026 05:35:25 PM
3949B,N,O,04/07/2026 01:45:57 PM
3950A,N,O,04/07/2026 05:16:00 PM
3950B,N,O,04/07/2026 04:18:34 PM
3951A,N,O,04/07/2026 02:04:25 PM
3951B,N,O,04/07/2026 04:55:12 PM
3952A,N,O,04/07/2026 04:13:09 PM
3952B,N,O,04/07/2026 04:39:50 PM
3953B,N,O,04/07/2026 03:48:17 PM
3954A,N,O,04/07/2026 04:43:32 PM
3954B,N,O,04/07/2026 05:27:00 PM
3955A,N,O,04/07/2026 02:49:41 PM
3956A,N,O,04/07/2026 05:34:12 PM
3956B,N,O,04/07/2026 05:18:14 PM
3957A,N,O,04/07/2026 03:51:28 PM
3957B,N,O,04/07/2026 03:22:28 PM
3958A,N,O,04/07/2026 05:25:52 PM
3958B,N,O,04/07/2026 05:15:11 PM
3959A,N,O,04/07/2026 12:19:21 PM
3959B,N,O,04/07/2026 02:19:17 PM
3960A,N,O,04/07/2026 04:41:57 PM
3960B,N,O,04/07/2026 05:25:21 PM
3970A,N,V,04/07/2026 05:25:47 PM
3970B,N,O,04/07/2026 04:46:37 PM
3975B,N,V,04/07/2026 05:35:54 PM
3976A,N,O,04/07/2026 04:28:45 PM
3976B,N,O,04/07/2026 12:30:25 PM
3977A,N,V,04/07/2026 05:17:13 PM
3977B,N,O,04/07/2026 08:57:50 AM
3978A,N,O,04/07/2026 08:56:45 AM
3978B,N,V,04/07/2026 05:25:56 PM
3980A,N,V,04/07/2026 03:05:26 PM
3980B,N,V,04/07/2026 05:18:44 PM
3981A,N,V,04/07/2026 02:05:07 PM
3981B,N,V,04/07/2026 05:34:59 PM
3982A,N,V,04/07/2026 03:33:43 PM
3982B,N,V,04/07/2026 05:36:42 PM
3997A,N,O,04/07/2026 05:26:56 PM
3998A,N,V,04/07/2026 05:35:45 PM
3998B,N,V,04/07/2026 05:33:07 PM
3999A,N,O,04/07/2026 08:55:48 AM
3999B,N,O,04/07/2026 04:50:44 PM
39A,N,O,04/07/2026 04:39:29 PM
39B,N,O,04/07/2026 05:36:43 PM
3A,N,O,04/07/2026 04:07:48 PM
3B,N,O,04/07/2026 04:02:09 PM
4030B,N,V,04/07/2026 05:09:25 PM
4031A,N,O,04/07/2026 05:26:10 PM
4031B,N,V,04/07/2026 05:24:59 PM
4032A,N,V,04/07/2026 05:08:43 PM
4132A,N,O,04/07/2026 03:25:19 PM
4140A,N,O,04/07/2026 04:27:10 PM
4140B,N,O,04/07/2026 04:43:18 PM
4141A,N,O,04/07/2026 05:00:04 PM
4141B,N,O,04/07/2026 04:56:55 PM
4144A,N,O,04/07/2026 10:25:44 AM
4145A,N,O,04/06/2026 10:29:42 AM
4145B,N,O,04/07/2026 10:29:43 AM
4146A,N,O,04/07/2026 01:52:41 PM
4146B,N,O,04/07/2026 10:28:44 AM
4147A,N,O,04/07/2026 10:28:23 AM
4147B,N,O,04/07/2026 10:27:47 AM
4148A,N,O,04/07/2026 10:26:44 AM
4148B,N,O,04/07/2026 10:26:40 AM
4149A,N,O,04/07/2026 10:25:44 AM
4149B,N,O,04/07/2026 10:25:44 AM
4159A,N,O,04/07/2026 10:25:44 AM
4159B,N,O,04/07/2026 04:54:42 PM
4160A,N,O,04/07/2026 05:05:51 PM
4160B,N,O,04/07/2026 04:31:03 PM
4161A,N,O,04/07/2026 03:58:03 PM
4161B,N,O,04/07/2026 03:19:30 PM
4163A,N,O,04/07/2026 04:55:25 PM
419A,N,O,04/07/2026 04:27:08 PM
419B,N,V,04/06/2026 11:39:48 AM
41A,N,O,04/07/2026 05:33:28 PM
41B,N,O,04/07/2026 12:27:18 PM
420A,N,O,04/07/2026 05:13:29 PM
420B,N,O,04/07/2026 05:23:26 PM
421A,N,O,04/07/2026 02:39:45 PM
422A,N,O,04/07/2026 08:49:50 AM
422B,N,V,04/07/2026 05:15:15 PM
423A,N,V,04/07/2026 03:12:18 PM
423B,N,O,04/07/2026 08:56:53 AM
4241A,N,O,04/07/2026 09:03:50 AM
4241B,N,O,04/07/2026 01:50:25 PM
4246A,N,V,04/07/2026 05:35:03 PM
4246B,N,O,04/07/2026 08:58:51 AM
424A,N,O,04/07/2026 04:41:12 PM
424B,N,V,04/07/2026 05:33:26 PM
425A,N,V,04/07/2026 05:36:14 PM
425B,N,O,04/07/2026 05:29:58 PM
4261A,N,O,04/07/2026 04:08:51 PM
4261B,N,O,04/07/2026 04:12:07 PM
4262A,N,O,04/07/2026 05:25:40 PM
4262B,N,O,04/07/2026 05:29:59 PM
4263A,N,O,04/07/2026 03:02:14 PM
4264A,N,O,04/07/2026 03:56:30 PM
4264B,N,O,04/07/2026 02:01:42 PM
4265A,N,O,04/07/2026 04:47:24 PM
4265B,N,O,04/07/2026 05:23:42 PM
4271A,N,V,04/07/2026 05:34:18 PM
4271B,N,V,04/07/2026 05:36:17 PM
4272A,N,O,04/07/2026 05:20:03 PM
4272B,N,O,04/07/2026 05:36:31 PM
4273A,N,O,04/07/2026 05:20:18 PM
4273B,N,O,04/07/2026 03:57:53 PM
427A,N,O,04/07/2026 03:11:10 PM
4283A,N,O,04/07/2026 04:45:13 PM
4283B,N,O,04/07/2026 05:32:29 PM
4284A,N,O,04/07/2026 04:55:29 PM
4284B,N,V,04/07/2026 05:33:51 PM
428A,N,V,04/07/2026 05:34:54 PM
428B,N,V,04/07/2026 05:36:32 PM
429A,N,V,04/07/2026 05:22:57 PM
429B,N,O,04/07/2026 04:32:14 PM
42A,NU,V,12/29/2025 09:47:39 AM
42B,NU,V,12/29/2025 09:49:06 AM
430A,N,V,04/07/2026 05:35:54 PM
430B,N,O,04/07/2026 03:46:08 PM
4312A,N,O,04/07/2026 04:35:23 PM
4312B,N,O,04/07/2026 05:02:45 PM
4315A,N,O,04/07/2026 04:14:40 PM
4315B,N,O,04/07/2026 05:11:25 PM
4316A,N,O,04/07/2026 05:25:58 PM
4316B,N,O,04/07/2026 05:01:55 PM
4317A,N,O,04/07/2026 04:04:27 PM
4317B,N,O,04/07/2026 12:35:57 PM
4318A,N,O,04/07/2026 10:37:22 AM
4318B,N,O,04/07/2026 05:18:05 PM
4319A,N,O,04/07/2026 05:29:05 PM
4319B,N,O,04/07/2026 03:38:02 PM
431A,N,O,04/07/2026 04:46:42 PM
431B,N,O,04/06/2026 02:37:11 PM
4322A,N,O,04/07/2026 04:43:30 PM
4322B,N,O,04/07/2026 11:21:56 AM
4327B,N,O,04/07/2026 11:25:10 AM
4328A,N,O,04/07/2026 04:50:02 PM
4328B,N,O,04/07/2026 05:09:58 PM
4329A,N,O,04/07/2026 04:53:25 PM
4329B,N,O,04/07/2026 05:21:58 PM
432A,N,O,04/07/2026 03:24:57 PM
432B,N,O,04/07/2026 04:21:48 PM
4330A,N,V,04/07/2026 01:33:11 PM
4330B,N,O,04/07/2026 10:29:50 AM
4331A,N,O,04/07/2026 11:32:45 AM
4331B,N,O,04/07/2026 10:28:49 AM
4332A,N,O,04/07/2026 12:46:30 PM
4332B,N,O,04/07/2026 11:32:34 AM
4333A,N,O,04/07/2026 11:13:57 AM
4333B,N,O,04/07/2026 02:36:43 PM
4334A,N,O,04/07/2026 10:25:47 AM
4334B,N,V,04/07/2026 11:44:25 AM
4336A,N,O,04/07/2026 05:26:03 PM
4336B,N,O,04/07/2026 03:54:54 PM
4337A,N,V,04/07/2026 05:33:53 PM
4337B,N,O,04/07/2026 04:06:56 PM
433A,N,O,04/07/2026 06:57:04 AM
433B,NU,O,01/29/2026 02:16:59 PM
434A,N,O,04/07/2026 12:58:40 PM
434B,N,O,04/07/2026 04:13:44 PM
4355A,N,O,04/07/2026 05:16:11 PM
4355B,N,O,04/07/2026 12:06:51 PM
4356B,N,O,04/07/2026 01:15:20 PM
4357A,N,O,04/07/2026 04:53:25 PM
4357B,N,O,04/07/2026 01:40:35 PM
4358A,N,O,04/07/2026 01:43:28 PM
4358B,N,O,04/07/2026 05:32:03 PM
4359B,N,O,04/07/2026 03:37:05 PM
435A,N,O,04/07/2026 02:59:13 PM
435B,N,O,04/07/2026 05:24:16 PM
4362A,N,O,04/07/2026 04:15:31 PM
4362B,N,O,04/07/2026 05:36:06 PM
4367A,N,O,04/07/2026 05:25:59 PM
4367B,N,O,04/07/2026 04:00:54 PM
4368A,N,O,04/07/2026 04:00:05 PM
4368B,N,O,04/07/2026 04:07:29 PM
4369A,N,O,04/07/2026 05:09:31 PM
4369B,N,O,04/07/2026 12:39:01 PM
436A,N,O,04/07/2026 05:08:55 PM
436B,N,O,04/07/2026 05:24:06 PM
4370A,N,O,04/07/2026 11:17:46 AM
4370B,N,O,04/07/2026 01:40:37 PM
4371A,N,O,04/07/2026 02:13:48 PM
4371B,N,O,04/07/2026 10:47:59 AM
4372A,N,O,04/07/2026 01:26:25 PM
4372B,N,O,04/07/2026 04:51:09 PM
4373A,N,O,04/07/2026 04:50:39 PM
4373B,N,O,04/07/2026 02:04:36 PM
4374A,N,O,04/07/2026 10:25:44 AM
4374B,N,O,04/07/2026 10:25:44 AM
4375B,N,O,04/07/2026 10:31:43 AM
4378A,N,O,04/07/2026 05:05:33 PM
4378B,N,O,04/07/2026 03:16:30 PM
4379A,N,O,04/07/2026 04:37:32 PM
4379B,N,O,04/07/2026 11:06:54 AM
437A,N,O,04/07/2026 04:18:43 PM
437B,N,O,04/07/2026 04:43:15 PM
438A,N,O,04/07/2026 05:13:00 PM
438B,N,V,04/07/2026 05:32:51 PM
4390A,N,O,04/07/2026 04:34:58 PM
4390B,N,O,04/07/2026 04:02:48 PM
4391A,N,O,04/07/2026 05:21:22 PM
4391B,N,O,04/07/2026 05:24:32 PM
4392A,N,O,04/07/2026 05:13:51 PM
4392B,N,O,04/07/2026 05:35:47 PM
4393B,N,O,04/07/2026 05:29:40 PM
439A,N,O,04/07/2026 03:24:57 PM
439B,N,V,04/07/2026 05:24:15 PM
43A,NU,V,12/29/2025 09:59:44 AM
43B,NU,V,12/29/2025 09:58:14 AM
440A,N,O,04/07/2026 05:36:02 PM
440B,N,V,04/07/2026 11:30:07 AM
4414B,N,O,04/07/2026 03:37:46 PM
4415A,N,O,04/07/2026 05:11:34 PM
4415B,NU,O,04/07/2026 05:20:39 PM
4416A,N,O,04/07/2026 05:07:51 PM
4416B,N,O,04/07/2026 05:08:10 PM
4417A,N,O,04/07/2026 05:32:32 PM
441A,N,O,04/07/2026 10:55:07 AM
441B,N,O,04/07/2026 04:55:35 PM
4427A,N,O,04/07/2026 02:46:12 PM
4427B,N,O,04/07/2026 01:07:34 PM
4429A,N,O,04/07/2026 08:55:50 AM
4429B,N,O,04/07/2026 05:07:38 PM
442A,N,O,04/07/2026 07:18:43 AM
442B,N,O,04/07/2026 01:18:30 PM
4430A,NU,O,04/07/2026 03:24:30 PM
4430B,NU,O,04/07/2026 09:11:12 AM
4431B,N,O,04/07/2026 01:34:06 PM
4433A,N,V,04/07/2026 02:59:39 PM
4433B,N,O,04/07/2026 09:32:05 AM
4434A,N,O,04/07/2026 12:47:28 PM
4434B,N,O,04/07/2026 05:21:21 PM
4435A,N,O,04/07/2026 08:59:42 AM
4435B,N,O,04/07/2026 04:20:50 PM
4439A,N,O,04/07/2026 12:00:21 PM
4439B,N,O,04/07/2026 12:22:39 PM
443A,N,V,04/07/2026 05:13:14 PM
443B,N,O,04/07/2026 05:31:36 PM
4440A,N,O,04/07/2026 04:07:41 PM
4440B,N,O,04/07/2026 04:57:46 PM
4441A,N,O,04/07/2026 12:22:29 PM
4441B,N,O,04/07/2026 08:58:44 AM
4442A,N,O,04/07/2026 12:46:40 PM
4442B,N,O,04/07/2026 05:14:47 PM
444A,N,V,04/07/2026 05:06:12 PM
444B,N,V,04/07/2026 03:15:06 PM
445A,N,V,04/07/2026 05:26:25 PM
445B,N,V,04/07/2026 05:33:09 PM
4461A,N,V,04/07/2026 05:35:26 PM
4461B,N,O,04/07/2026 04:44:14 PM
4462A,N,O,04/07/2026 03:43:02 PM
4462B,N,O,04/07/2026 05:26:44 PM
4463A,N,O,04/07/2026 04:42:10 PM
4463B,N,O,04/07/2026 02:44:30 PM
4464A,N,O,04/07/2026 05:02:19 PM
4464B,N,O,04/07/2026 04:52:07 PM
4465A,N,O,04/07/2026 05:29:52 PM
4465B,N,O,04/07/2026 05:06:33 PM
4467A,N,V,04/07/2026 05:05:30 PM
4467B,N,V,04/07/2026 05:24:05 PM
446A,N,O,04/07/2026 03:55:15 PM
446B,N,O,04/07/2026 12:56:54 PM
447A,N,O,04/07/2026 08:27:23 AM
447B,N,O,04/07/2026 03:30:44 PM
448A,N,O,04/07/2026 05:05:58 PM
448B,N,V,04/07/2026 05:16:02 PM
449A,N,O,04/07/2026 05:36:25 PM
449B,N,O,04/07/2026 09:31:02 AM
44A,NU,O,12/29/2025 09:28:07 AM
44B,NU,V,12/29/2025 09:43:16 AM
4506A,N,O,04/07/2026 05:34:02 PM
4506B,N,V,04/07/2026 05:33:13 PM
4507A,N,O,04/07/2026 04:47:00 PM
4507B,N,V,04/07/2026 05:26:24 PM
4508A,N,V,04/07/2026 05:34:46 PM
4508B,N,V,04/07/2026 05:33:20 PM
450A,N,V,04/07/2026 05:26:52 PM
450B,N,V,04/07/2026 05:32:45 PM
4519B,N,V,04/07/2026 05:35:46 PM
451A,N,O,04/07/2026 05:17:11 PM
451B,N,V,04/07/2026 04:54:35 PM
4522A,N,O,04/07/2026 11:33:52 AM
4522B,N,O,04/07/2026 08:58:14 AM
4529B,N,O,04/07/2026 02:37:26 PM
452A,N,O,04/06/2026 06:57:48 AM
452B,N,O,04/07/2026 06:57:48 AM
4530A,N,O,04/07/2026 03:55:15 PM
4530B,N,O,04/07/2026 04:10:32 PM
4531A,N,O,04/07/2026 04:11:55 PM
4531B,N,O,04/07/2026 02:58:27 PM
4532A,N,O,04/07/2026 08:57:50 AM
4532B,N,O,04/07/2026 04:00:36 PM
4533A,N,O,04/07/2026 11:17:58 AM
4533B,N,V,04/07/2026 03:53:55 PM
4534A,N,O,04/07/2026 08:55:54 AM
4534B,N,O,04/07/2026 09:13:13 AM
453A,N,O,04/07/2026 02:50:56 PM
453B,N,O,04/07/2026 06:56:47 AM
4549A,N,O,04/07/2026 05:02:50 PM
4549B,N,O,04/07/2026 09:02:30 AM
4550A,N,O,04/07/2026 04:45:19 PM
4557A,N,O,04/07/2026 08:57:57 AM
4557B,NU,O,01/06/2026 06:57:47 AM
4558A,N,O,04/07/2026 10:42:29 AM
4558B,N,O,04/07/2026 12:43:45 PM
4559A,N,O,04/07/2026 10:07:28 AM
4559B,N,O,04/07/2026 10:47:50 AM
4560A,N,O,04/07/2026 04:44:22 PM
4560B,N,O,04/07/2026 04:35:59 PM
4563A,N,O,04/07/2026 05:06:13 PM
4563B,N,O,04/07/2026 05:33:59 PM
4564A,N,O,04/07/2026 04:56:04 PM
4564B,N,O,04/07/2026 05:22:03 PM
4565A,N,O,04/07/2026 04:56:22 PM
4565B,N,O,04/07/2026 03:16:03 PM
4566A,N,O,04/07/2026 10:28:48 AM
4566B,N,O,04/07/2026 10:28:48 AM
4567A,N,O,04/07/2026 08:57:43 AM
4567B,N,O,04/07/2026 09:54:44 AM
4568A,N,O,04/07/2026 04:36:02 PM
4568B,N,O,04/07/2026 05:07:52 PM
4572B,N,O,04/07/2026 10:27:51 AM
4573A,N,O,04/07/2026 05:10:25 PM
4573B,N,O,04/07/2026 04:47:55 PM
4574A,N,O,04/07/2026 05:15:22 PM
4574B,N,O,04/07/2026 01:13:09 PM
45A,NU,V,12/29/2025 09:44:21 AM
45B,NU,V,12/29/2025 09:44:03 AM
460B,N,O,04/07/2026 03:34:08 PM
461A,N,O,04/07/2026 08:23:18 AM
461B,N,O,04/07/2026 04:33:44 PM
4620A,NU,O,04/07/2026 03:34:33 PM
4620B,NU,O,04/07/2026 05:13:09 PM
4621A,N,O,04/07/2026 02:00:19 PM
4621B,N,O,04/07/2026 08:58:52 AM
4622A,N,O,04/07/2026 05:00:01 PM
4622B,N,O,04/07/2026 02:01:56 PM
4623A,N,O,04/07/2026 04:02:13 PM
4623B,N,O,04/07/2026 11:35:49 AM
4624A,N,O,04/07/2026 09:25:14 AM
4624B,N,O,04/07/2026 05:11:39 PM
4625A,N,O,04/07/2026 10:31:47 AM
4625B,N,O,04/07/2026 04:17:11 PM
4626A,N,O,04/07/2026 02:01:54 PM
4626B,N,O,04/07/2026 01:39:11 PM
4627A,N,O,04/07/2026 09:56:51 AM
4627B,N,O,04/07/2026 10:37:08 AM
462A,N,O,04/07/2026 08:14:26 AM
462B,N,O,04/07/2026 10:23:39 AM
4636A,N,O,04/07/2026 08:58:44 AM
4636B,N,O,04/07/2026 11:25:16 AM
4637A,N,O,04/07/2026 04:41:21 PM
4637B,N,O,04/07/2026 05:24:53 PM
4638A,N,O,04/07/2026 05:14:27 PM
4638B,N,O,04/07/2026 04:25:38 PM
4639A,N,O,04/07/2026 05:25:03 PM
4639B,N,O,04/07/2026 04:13:23 PM
463A,N,O,04/07/2026 04:48:06 PM
463B,N,O,04/07/2026 07:42:01 AM
4640A,N,O,04/07/2026 03:19:05 PM
4640B,N,O,04/07/2026 05:30:10 PM
4641A,N,O,04/07/2026 08:58:55 AM
4641B,N,O,04/07/2026 03:54:26 PM
4642A,N,O,04/07/2026 08:57:52 AM
4642B,N,O,04/07/2026 05:35:13 PM
4643A,N,O,04/07/2026 04:40:34 PM
4643B,N,O,04/07/2026 04:34:39 PM
4644A,N,O,04/07/2026 04:49:17 PM
4644B,N,O,04/07/2026 03:27:36 PM
4646B,N,O,04/07/2026 04:25:09 PM
4647A,N,O,04/07/2026 05:20:11 PM
4647B,N,O,04/07/2026 04:37:10 PM
4648A,N,O,04/07/2026 05:11:25 PM
4648B,N,O,04/07/2026 04:54:08 PM
4649A,N,O,04/07/2026 03:04:54 PM
4649B,N,O,04/07/2026 04:35:49 PM
464A,N,O,04/07/2026 09:07:25 AM
464B,N,O,04/07/2026 09:58:56 AM
4650A,N,O,04/07/2026 03:56:26 PM
4650B,N,O,04/07/2026 04:08:22 PM
4651A,N,O,04/07/2026 12:17:29 PM
4651B,N,O,04/07/2026 02:05:09 PM
4652B,N,O,04/07/2026 09:50:21 AM
4653A,N,O,04/07/2026 03:37:24 PM
4653B,N,O,04/07/2026 03:04:49 PM
465A,N,O,04/07/2026 06:59:46 AM
465B,N,O,04/07/2026 10:24:51 AM
4660A,N,O,04/07/2026 08:59:38 AM
4661A,N,O,04/07/2026 12:27:26 PM
4661B,N,O,04/07/2026 08:58:46 AM
4662A,N,O,04/07/2026 08:57:44 AM
4662B,N,O,04/07/2026 08:57:44 AM
4663A,N,O,04/07/2026 08:56:51 AM
4663B,N,O,04/07/2026 08:56:51 AM
4664A,N,O,04/07/2026 12:14:33 PM
4664B,N,O,04/07/2026 08:55:55 AM
4665A,N,O,04/07/2026 08:59:42 AM
4665B,N,O,04/06/2026 08:59:48 AM
4666A,N,O,04/07/2026 08:58:41 AM
4666B,N,O,04/07/2026 03:11:11 PM
4667A,N,O,04/06/2026 09:02:24 AM
4667B,N,O,04/07/2026 08:57:40 AM
4668A,N,O,04/07/2026 08:56:44 AM
4668B,N,O,04/07/2026 08:56:44 AM
4669A,N,O,04/07/2026 08:55:45 AM
4669B,N,O,04/07/2026 03:15:59 PM
466A,N,O,04/07/2026 06:58:41 AM
4670A,N,O,04/07/2026 08:59:40 AM
4670B,N,O,04/07/2026 08:59:40 AM
4671A,N,O,04/07/2026 02:58:23 PM
4671B,N,O,04/07/2026 02:14:17 PM
4672A,N,O,04/07/2026 08:57:51 AM
4672B,N,O,04/07/2026 05:17:36 PM
4673A,N,O,04/07/2026 08:56:46 AM
4673B,N,O,04/07/2026 08:56:42 AM
4674A,N,O,04/07/2026 08:55:55 AM
4674B,N,O,04/07/2026 05:29:51 PM
4675B,N,O,04/07/2026 08:59:49 AM
467A,N,O,04/07/2026 12:30:29 PM
467B,N,O,04/07/2026 01:59:51 PM
4701B,N,V,04/07/2026 05:33:41 PM
4702A,N,O,04/07/2026 04:12:58 PM
4703A,N,O,04/07/2026 05:35:30 PM
4703B,N,O,04/07/2026 05:23:19 PM
4706A,N,O,04/07/2026 04:34:50 PM
4707A,N,O,04/07/2026 05:06:22 PM
4707B,N,O,04/07/2026 03:49:31 PM
4708A,N,O,04/07/2026 09:39:22 AM
4708B,N,O,04/07/2026 02:45:44 PM
4709A,N,O,04/07/2026 04:12:46 PM
4709B,N,O,04/07/2026 09:57:40 AM
470A,N,O,04/07/2026 03:31:03 PM
470B,N,O,04/07/2026 06:59:53 AM
4710A,N,O,04/07/2026 11:07:20 AM
4710B,N,O,04/07/2026 04:31:03 PM
4730B,N,O,04/07/2026 05:13:23 PM
4731A,N,O,04/07/2026 05:33:31 PM
4731B,N,O,04/07/2026 05:01:46 PM
4732A,N,O,04/07/2026 04:51:39 PM
4732B,N,O,04/07/2026 11:09:27 AM
4733A,N,O,04/07/2026 05:18:41 PM
4735A,N,O,04/07/2026 08:59:59 AM
4735B,N,O,04/07/2026 05:11:51 PM
4736A,N,O,04/07/2026 05:35:26 PM
4736B,N,O,04/07/2026 02:25:38 PM
4737A,N,O,04/07/2026 12:47:02 PM
4737B,N,V,04/07/2026 11:43:24 AM
4738A,N,O,04/07/2026 03:47:16 PM
4739A,N,O,04/07/2026 04:53:24 PM
4739B,N,O,04/07/2026 04:44:57 PM
4740B,N,O,04/07/2026 08:59:57 AM
4743A,N,V,04/07/2026 05:36:17 PM
4743B,N,O,04/07/2026 04:03:16 PM
4744A,N,O,04/07/2026 01:51:28 PM
4744B,N,O,04/07/2026 04:17:25 PM
4745A,N,O,04/07/2026 12:59:11 PM
4745B,N,O,04/07/2026 01:44:42 PM
474A,N,O,04/07/2026 04:08:51 PM
474B,N,O,04/07/2026 05:08:55 PM
4751B,N,O,04/07/2026 04:07:31 PM
4752A,N,O,04/07/2026 09:57:48 AM
4752B,N,O,04/07/2026 04:55:37 PM
4754A,N,O,04/07/2026 12:15:53 PM
4754B,N,O,04/07/2026 08:55:52 AM
4755A,N,O,04/07/2026 09:10:07 AM
4755B,N,O,04/07/2026 03:53:43 PM
4756A,N,O,04/07/2026 12:39:58 PM
4756B,N,O,04/07/2026 08:58:50 AM
4757A,N,O,04/07/2026 03:41:34 PM
4757B,N,O,04/07/2026 10:01:22 AM
475A,N,O,04/07/2026 04:52:35 PM
475B,N,O,04/07/2026 04:58:04 PM
4767A,N,O,04/07/2026 04:34:38 PM
4767B,N,O,04/07/2026 03:37:02 PM
4768A,N,O,04/07/2026 04:57:42 PM
4768B,N,O,04/07/2026 03:18:16 PM
4769A,N,O,04/07/2026 04:03:56 PM
4769B,N,O,04/07/2026 05:06:29 PM
476A,N,O,04/07/2026 03:30:55 PM
476B,N,O,04/07/2026 08:58:45 AM
4771A,N,V,04/07/2026 05:36:13 PM
4772A,N,V,04/07/2026 05:07:41 PM
4772B,N,V,04/07/2026 04:23:55 PM
4773A,N,V,04/07/2026 05:33:49 PM
4773B,N,O,04/07/2026 04:40:25 PM
4774A,N,O,04/07/2026 12:15:23 PM
4774B,N,O,04/07/2026 04:35:02 PM
477B,N,O,04/07/2026 11:13:39 AM
47A,N,V,04/07/2026 05:07:31 PM
47B,N,V,04/07/2026 04:49:19 PM
4800B,N,O,04/07/2026 09:59:47 AM
4801A,N,V,04/06/2026 09:59:54 PM
4801B,N,O,04/07/2026 09:58:50 AM
4802A,N,O,04/07/2026 09:57:48 AM
4802B,N,O,04/06/2026 09:06:19 PM
4803A,N,O,04/07/2026 04:48:13 PM
4803B,N,V,04/07/2026 05:21:58 PM
4804A,N,V,04/07/2026 05:33:17 PM
4804B,N,O,04/07/2026 05:15:18 PM
481B,N,O,04/07/2026 02:51:06 PM
482A,N,O,04/07/2026 05:05:40 PM
482B,N,O,04/07/2026 05:25:19 PM
4835B,N,O,04/07/2026 05:14:03 PM
4836A,N,O,04/07/2026 05:35:09 PM
4836B,N,O,04/07/2026 02:30:19 PM
4837A,N,O,04/07/2026 02:02:34 PM
4837B,N,O,04/07/2026 02:57:47 PM
4838A,N,O,04/07/2026 05:34:59 PM
4838B,N,O,04/07/2026 01:17:38 PM
4839A,N,O,04/07/2026 05:24:02 PM
4839B,N,O,04/07/2026 11:00:57 AM
483A,N,V,04/07/2026 05:14:47 PM
483B,N,V,04/07/2026 04:29:29 PM
4840A,N,O,04/07/2026 08:59:46 AM
4841A,N,O,04/07/2026 12:44:46 PM
4841B,N,O,04/07/2026 08:58:47 AM
4842A,N,O,04/07/2026 03:46:34 PM
4842B,N,O,04/07/2026 03:07:41 PM
4843A,N,O,04/07/2026 11:26:51 AM
4843B,N,O,04/07/2026 05:25:23 PM
4844A,N,O,04/07/2026 04:59:51 PM
4844B,N,O,04/07/2026 02:44:19 PM
4845A,N,O,04/07/2026 03:03:30 PM
4845B,N,O,04/07/2026 02:54:03 PM
4846A,N,O,04/07/2026 05:08:08 PM
4846B,N,O,04/07/2026 03:04:22 PM
4847A,N,O,04/07/2026 02:10:32 PM
4847B,N,O,04/07/2026 01:18:17 PM
4848A,N,O,04/07/2026 05:13:10 PM
4848B,N,O,04/07/2026 03:15:50 PM
4849A,N,O,04/07/2026 10:33:53 AM
4849B,N,O,04/07/2026 01:35:13 PM
484A,N,V,04/07/2026 05:36:11 PM
484B,N,O,04/05/2026 06:55:51 AM
4850A,N,O,04/07/2026 02:19:14 PM
4850B,N,O,04/07/2026 03:56:51 PM
4851A,N,O,04/07/2026 11:54:56 AM
4851B,N,O,04/07/2026 08:58:50 AM
4852A,N,O,04/07/2026 08:57:56 AM
4852B,N,O,04/07/2026 05:25:20 PM
4853A,N,O,04/07/2026 02:08:35 PM
4854A,N,O,04/07/2026 02:35:15 PM
4854B,N,O,04/07/2026 11:46:28 AM
4862A,N,O,04/07/2026 04:07:48 PM
4862B,N,O,04/07/2026 03:56:20 PM
4863A,N,O,04/07/2026 11:53:47 AM
4863B,N,O,04/07/2026 11:39:12 AM
4864A,N,O,04/07/2026 05:21:08 PM
4864B,N,O,04/07/2026 01:55:03 PM
4866A,N,O,04/07/2026 08:58:46 AM
4866B,N,O,04/07/2026 03:27:15 PM
4867A,N,O,04/07/2026 12:53:38 PM
4867B,N,O,04/07/2026 03:10:07 PM
4868A,N,O,04/07/2026 08:56:39 AM
4868B,N,O,04/07/2026 08:56:39 AM
4870A,N,V,04/07/2026 05:35:42 PM
4870B,N,O,04/07/2026 10:53:04 AM
4871A,N,O,04/07/2026 10:03:37 AM
4871B,N,O,04/07/2026 05:26:03 PM
4872A,N,O,04/07/2026 12:00:13 PM
4872B,N,O,04/06/2026 08:57:42 AM
4875A,N,O,04/07/2026 02:19:08 PM
4875B,N,O,04/07/2026 04:42:45 PM
4876B,N,O,04/07/2026 05:27:49 PM
4877A,N,O,04/07/2026 12:08:22 PM
4877B,N,O,04/07/2026 03:50:31 PM
4878B,N,O,04/07/2026 04:18:48 PM
4881A,N,O,04/07/2026 01:10:03 PM
4881B,N,O,04/07/2026 09:47:54 AM
4882A,N,O,04/07/2026 03:03:58 PM
4882B,N,O,04/07/2026 11:48:04 AM
4896A,N,O,04/07/2026 09:40:19 AM
4896B,N,O,04/07/2026 04:40:57 PM
4897A,N,O,04/07/2026 09:10:19 AM
4897B,N,O,04/07/2026 09:55:28 AM
4898A,N,O,04/07/2026 04:52:11 PM
4898B,N,O,04/07/2026 02:18:36 PM
4899A,N,O,04/07/2026 02:32:28 PM
4899B,N,O,04/07/2026 05:35:34 PM
48A,N,V,04/07/2026 05:34:53 PM
48B,N,O,04/07/2026 05:36:31 PM
4900A,N,O,04/07/2026 08:59:46 AM
4900B,N,O,04/07/2026 02:01:15 PM
4901B,N,O,04/07/2026 10:04:21 AM
4903A,N,O,04/07/2026 03:58:17 PM
4903B,N,O,04/07/2026 11:13:06 AM
4904A,N,O,04/07/2026 04:59:31 PM
4904B,N,O,04/07/2026 01:44:04 PM
4905A,N,O,04/07/2026 05:10:49 PM
4905B,N,O,04/07/2026 01:48:50 PM
4906A,N,O,04/07/2026 01:02:12 PM
4906B,N,O,04/07/2026 12:10:58 PM
4907A,N,O,04/07/2026 04:09:46 PM
4907B,N,O,04/07/2026 04:24:06 PM
4908A,N,O,04/07/2026 01:57:33 PM
4909A,N,O,04/07/2026 08:55:53 AM
490A,N,O,04/07/2026 10:32:41 AM
490B,N,O,04/07/2026 04:14:39 PM
4911A,N,O,04/07/2026 05:09:33 PM
4912A,N,O,04/07/2026 05:35:47 PM
4912B,N,O,04/07/2026 10:52:42 AM
4913A,N,O,04/07/2026 04:12:29 PM
4913B,N,O,04/07/2026 11:32:50 AM
4914A,N,O,04/07/2026 03:14:28 PM
4914B,N,O,04/07/2026 11:49:21 AM
4915A,N,O,04/07/2026 04:44:37 PM
4915B,N,O,04/07/2026 03:54:42 PM
4916B,N,O,04/07/2026 01:59:43 PM
4918A,N,O,04/07/2026 10:56:23 AM
4918B,N,O,04/07/2026 02:12:56 PM
4919A,N,O,04/07/2026 04:32:55 PM
4919B,N,O,04/07/2026 04:46:33 PM
491A,N,O,04/07/2026 05:34:12 PM
491B,N,V,04/07/2026 05:34:06 PM
4920A,N,O,04/07/2026 09:00:55 AM
4920B,N,O,04/07/2026 02:08:37 PM
4921A,N,O,04/07/2026 03:33:23 PM
4921B,N,O,04/07/2026 04:57:03 PM
4922A,N,O,04/07/2026 02:39:46 PM
4922B,N,O,04/07/2026 01:10:34 PM
4923A,N,V,04/07/2026 05:34:54 PM
4923B,N,O,04/07/2026 05:33:59 PM
4924A,N,O,04/07/2026 05:30:03 PM
4924B,N,O,04/07/2026 04:15:49 PM
492A,N,O,04/07/2026 04:17:13 PM
492B,N,O,04/07/2026 03:46:51 PM
4939A,N,O,04/07/2026 05:22:46 PM
4939B,N,O,04/07/2026 02:44:06 PM
4940A,N,O,04/07/2026 05:35:33 PM
4940B,N,O,04/07/2026 05:26:40 PM
4945A,N,O,04/06/2026 01:39:52 PM
4945B,N,O,04/07/2026 01:08:17 PM
4946B,N,O,04/07/2026 10:43:24 AM
4947B,N,O,04/07/2026 01:53:17 PM
4948A,N,O,04/07/2026 12:27:22 PM
4948B,N,O,04/07/2026 08:56:53 AM
4949A,N,O,04/07/2026 04:56:48 PM
4949B,N,O,04/07/2026 05:02:52 PM
4950A,N,O,04/07/2026 08:59:50 AM
4950B,N,O,04/07/2026 03:53:04 PM
496A,N,V,04/07/2026 04:56:06 PM
496B,N,V,04/07/2026 05:00:38 PM
497A,N,V,04/07/2026 02:50:41 PM
497B,N,O,04/07/2026 10:19:57 AM
498A,N,V,04/07/2026 05:33:28 PM
498B,N,V,04/07/2026 02:39:22 PM
4994A,N,O,04/07/2026 05:24:45 PM
4994B,N,O,04/07/2026 05:36:08 PM
499A,N,O,04/07/2026 05:36:46 PM
49A,N,O,04/07/2026 05:27:42 PM
49B,N,V,04/07/2026 05:19:56 PM
4B,N,O,04/07/2026 05:35:28 PM
500A,N,O,04/07/2026 05:34:30 PM
500B,N,O,04/07/2026 05:34:07 PM
501B,N,V,04/07/2026 10:22:16 AM
502B,N,O,04/07/2026 03:51:51 PM
503A,N,O,04/07/2026 04:51:07 PM
504A,N,O,04/07/2026 04:53:08 PM
505A,N,O,04/07/2026 03:14:38 PM
505B,N,V,04/07/2026 05:36:08 PM
5060B,N,V,04/07/2026 02:33:14 PM
5061A,N,V,04/07/2026 05:26:54 PM
5061B,N,V,04/07/2026 05:33:45 PM
5062A,N,O,04/06/2026 10:27:45 AM
5062B,N,O,04/07/2026 05:35:36 PM
5063A,N,V,04/07/2026 05:29:12 PM
5063B,N,O,04/07/2026 03:34:35 PM
506A,N,O,04/07/2026 03:48:02 PM
506B,N,O,04/07/2026 05:22:41 PM
507A,N,O,04/07/2026 04:32:27 PM
507B,N,O,04/07/2026 03:43:12 PM
5086A,N,O,04/07/2026 04:09:58 PM
5086B,N,O,04/07/2026 04:07:44 PM
5088B,N,O,04/07/2026 01:46:55 PM
5089A,N,V,04/07/2026 05:32:06 PM
5089B,N,O,04/07/2026 04:05:58 PM
508A,N,O,04/07/2026 08:56:56 AM
508B,N,O,04/07/2026 08:56:52 AM
5090A,N,O,04/07/2026 03:40:43 PM
5090B,N,O,04/07/2026 04:43:45 PM
5091A,N,O,04/07/2026 05:15:12 PM
5093A,N,O,04/07/2026 04:16:11 PM
5093B,N,O,04/07/2026 04:09:24 PM
5095A,N,O,04/07/2026 05:33:27 PM
5096A,N,V,04/07/2026 05:36:29 PM
5096B,N,O,04/07/2026 05:35:07 PM
5097A,N,O,04/07/2026 05:09:32 PM
5097B,N,V,04/07/2026 05:23:09 PM
5099A,N,V,04/07/2026 05:26:40 PM
5099B,N,O,04/07/2026 05:17:58 PM
509A,N,O,04/07/2026 05:12:26 PM
50A,N,V,04/07/2026 04:21:44 PM
50B,N,O,04/07/2026 04:35:12 PM
5100B,N,O,04/07/2026 04:49:43 PM
5103A,NU,V,04/07/2026 05:22:26 PM
5103B,NU,V,04/07/2026 05:05:52 PM
5104B,N,O,04/07/2026 05:17:33 PM
510A,N,O,04/07/2026 04:39:57 PM
5117A,N,O,04/07/2026 05:00:33 PM
5121A,N,O,04/07/2026 05:36:33 PM
5125A,N,O,04/07/2026 04:56:13 PM
5125B,N,O,04/07/2026 03:34:20 PM
5126A,N,O,04/07/2026 03:39:02 PM
5126B,N,O,04/07/2026 05:07:14 PM
5129B,N,O,04/07/2026 03:56:57 PM
5131A,N,O,04/07/2026 10:25:18 AM
5131B,N,O,04/07/2026 12:29:54 PM
5132A,N,O,04/07/2026 02:24:58 PM
5132B,N,O,04/07/2026 08:57:46 AM
5133A,N,O,04/07/2026 08:56:56 AM
5133B,N,O,04/07/2026 01:02:30 PM
5145B,N,O,04/07/2026 05:09:45 PM
5146A,N,O,04/07/2026 10:01:06 AM
5146B,N,O,04/07/2026 09:58:50 AM
5147A,N,O,04/07/2026 08:57:45 AM
5147B,N,O,04/07/2026 12:57:35 PM
5150B,N,O,04/07/2026 08:59:45 AM
5151A,N,O,04/07/2026 09:03:02 AM
5151B,N,O,04/07/2026 05:05:16 PM
5152A,N,O,04/07/2026 03:23:10 PM
5152B,N,O,04/07/2026 04:44:17 PM
5153A,N,O,04/07/2026 08:56:57 AM
5153B,N,V,04/07/2026 05:31:29 PM
5154A,N,O,04/07/2026 04:00:20 PM
5154B,N,O,04/07/2026 08:55:46 AM
5155A,N,O,04/07/2026 08:59:55 AM
5155B,N,O,04/07/2026 08:59:55 AM
5156B,N,O,04/07/2026 08:58:50 AM
5157A,N,O,04/07/2026 02:02:00 PM
5160A,N,O,04/07/2026 08:59:52 AM
5160B,N,O,04/07/2026 02:29:49 PM
5161A,N,O,04/07/2026 03:31:04 PM
5161B,N,O,04/07/2026 05:20:55 PM
5162A,N,O,04/07/2026 05:07:05 PM
5162B,N,O,04/07/2026 03:38:07 PM
5163A,N,O,04/07/2026 10:41:29 AM
5163B,N,O,04/07/2026 08:56:41 AM
5164A,N,O,04/07/2026 05:35:14 PM
5164B,N,O,04/07/2026 04:29:41 PM
5165A,N,O,02/24/2026 02:57:38 PM
5165B,N,O,02/24/2026 02:01:41 PM
5172A,N,O,04/07/2026 10:52:17 AM
5172B,N,O,04/07/2026 05:15:24 PM
5173A,N,O,04/07/2026 04:25:46 PM
5173B,N,O,04/07/2026 08:56:47 AM
5174A,N,O,04/07/2026 04:55:32 PM
5174B,N,O,04/07/2026 04:57:47 PM
5175A,N,O,04/07/2026 08:59:53 AM
5176A,N,O,04/07/2026 03:34:49 PM
5176B,N,O,04/07/2026 02:31:25 PM
5186A,N,O,04/07/2026 05:26:29 PM
5187A,N,O,04/07/2026 05:05:37 PM
5187B,N,O,04/07/2026 04:42:02 PM
5188A,N,O,04/07/2026 05:06:20 PM
5188B,N,O,04/06/2026 08:56:47 AM
5189A,N,O,04/07/2026 02:19:56 PM
5189B,N,O,04/07/2026 05:35:55 PM
5192B,N,O,04/07/2026 05:15:59 PM
5193A,N,O,04/07/2026 05:31:35 PM
5193B,N,O,04/07/2026 02:25:32 PM
5194A,N,O,04/07/2026 02:26:41 PM
5194B,N,O,04/07/2026 05:24:15 PM
5195A,N,O,04/07/2026 05:34:41 PM
5195B,N,O,04/07/2026 05:26:06 PM
5196A,N,O,04/07/2026 08:58:38 AM
5196B,N,O,04/07/2026 05:22:11 PM
51A,N,V,04/07/2026 01:37:35 PM
51B,N,O,04/07/2026 04:05:06 PM
5203A,N,O,04/07/2026 08:56:44 AM
5204A,N,O,04/07/2026 10:30:24 AM
5204B,N,O,04/07/2026 08:56:10 AM
5205A,N,V,04/07/2026 05:35:20 PM
5205B,N,O,04/07/2026 08:59:53 AM
5206A,N,O,04/07/2026 02:17:43 PM
5206B,N,O,04/07/2026 08:58:48 AM
5207A,N,O,04/07/2026 11:22:06 AM
5207B,N,O,04/07/2026 05:33:51 PM
5208A,N,O,04/06/2026 03:12:49 PM
5208B,N,O,04/07/2026 05:14:43 PM
5209A,N,O,04/07/2026 08:55:42 AM
5209B,N,O,04/07/2026 02:03:23 PM
5210A,N,O,04/07/2026 09:00:28 AM
5210B,N,O,04/07/2026 11:18:22 AM
5211A,N,O,04/07/2026 08:58:52 AM
5211B,N,O,04/07/2026 02:28:14 PM
5212A,N,O,04/07/2026 03:51:43 PM
5212B,N,O,04/07/2026 08:57:45 AM
5214A,N,O,04/07/2026 08:55:46 AM
5214B,N,O,04/07/2026 08:55:46 AM
5215A,N,O,04/07/2026 08:59:50 AM
5215B,N,O,04/07/2026 08:59:43 AM
5216A,N,O,04/07/2026 08:58:41 AM
5216B,N,O,04/07/2026 08:58:48 AM
5217A,N,O,04/07/2026 08:57:43 AM
5217B,N,O,04/07/2026 08:57:43 AM
5218A,N,O,04/07/2026 08:56:44 AM
5218B,N,O,04/07/2026 08:56:44 AM
5219A,N,O,04/07/2026 08:55:38 AM
5219B,N,O,04/07/2026 08:55:38 AM
521A,N,O,04/07/2026 03:41:05 PM
521B,N,O,04/07/2026 05:07:07 PM
5222A,N,O,04/07/2026 08:57:49 AM
5222B,N,O,04/07/2026 08:57:56 AM
5223A,N,O,04/07/2026 08:56:46 AM
5223B,N,O,04/07/2026 08:56:46 AM
522A,N,O,04/07/2026 04:55:32 PM
5233A,N,O,04/07/2026 01:52:04 PM
5234A,N,O,04/07/2026 04:24:48 PM
5234B,N,O,04/07/2026 08:55:49 AM
5235A,N,O,04/07/2026 05:27:47 PM
5235B,N,O,04/07/2026 01:30:33 PM
5236A,N,V,04/07/2026 05:33:49 PM
5236B,N,O,04/07/2026 10:28:27 AM
5237A,N,O,04/07/2026 08:57:50 AM
5237B,N,O,04/07/2026 08:57:50 AM
5238A,N,O,04/07/2026 10:05:22 AM
5238B,N,O,04/07/2026 09:42:29 AM
5239A,N,O,04/07/2026 04:42:50 PM
5239B,N,O,04/07/2026 04:21:25 PM
523A,N,O,04/07/2026 08:56:49 AM
523B,N,O,04/07/2026 05:36:23 PM
5240A,N,O,04/07/2026 05:33:19 PM
5240B,N,O,04/07/2026 05:13:53 PM
5241B,N,O,04/07/2026 12:45:12 PM
5242A,N,V,04/07/2026 03:41:46 PM
5242B,N,O,04/07/2026 04:15:55 PM
5243A,N,O,04/07/2026 05:36:11 PM
5243B,N,O,04/07/2026 03:53:49 PM
5244B,N,O,04/07/2026 05:14:38 PM
524A,N,O,04/07/2026 04:34:39 PM
524B,N,O,04/07/2026 04:50:59 PM
5253A,N,O,04/07/2026 10:33:50 AM
5253B,N,O,04/07/2026 04:06:22 PM
5254A,N,O,04/07/2026 05:25:24 PM
5254B,N,O,04/07/2026 02:16:57 PM
5255A,N,O,04/07/2026 09:36:43 AM
5255B,N,O,04/07/2026 04:21:03 PM
5256A,N,O,04/07/2026 08:58:47 AM
5256B,N,O,04/07/2026 05:29:00 PM
5257A,N,O,04/07/2026 05:24:02 PM
5257B,N,O,04/07/2026 10:05:38 AM
5258B,N,O,04/07/2026 04:58:49 PM
5272A,N,O,04/07/2026 01:37:38 PM
5272B,N,V,04/07/2026 12:54:40 PM
5273A,N,O,04/07/2026 12:28:14 PM
5273B,N,O,04/07/2026 05:31:20 PM
5274A,N,O,04/07/2026 01:29:56 PM
5274B,N,O,04/07/2026 05:24:41 PM
5275A,N,O,04/07/2026 05:34:08 PM
5276A,N,O,04/07/2026 01:16:52 PM
5276B,N,O,04/07/2026 04:47:57 PM
5277A,N,O,04/07/2026 08:57:47 AM
5277B,N,O,04/07/2026 03:52:24 PM
5278A,N,V,04/07/2026 05:36:09 PM
5278B,N,O,04/07/2026 01:53:32 PM
5279A,N,O,04/07/2026 04:48:05 PM
5279B,N,O,04/07/2026 01:20:12 PM
527A,N,O,04/07/2026 03:57:52 PM
5280A,N,O,04/07/2026 02:09:49 PM
5280B,N,O,04/07/2026 05:13:38 PM
5281A,N,V,04/07/2026 05:34:59 PM
5281B,N,O,04/07/2026 05:29:07 PM
5282A,N,V,04/07/2026 05:31:54 PM
5282B,N,O,04/07/2026 05:14:21 PM
5285B,N,O,04/07/2026 03:16:02 PM
5286A,N,O,04/07/2026 05:36:09 PM
5286B,N,O,04/07/2026 10:46:17 AM
528A,N,O,04/07/2026 05:13:21 PM
528B,N,O,04/07/2026 05:34:19 PM
5290A,N,O,04/07/2026 09:00:02 AM
5290B,N,O,04/07/2026 03:53:49 PM
5291A,N,O,04/07/2026 04:41:38 PM
5291B,N,O,04/07/2026 04:20:51 PM
5292B,N,O,04/07/2026 03:45:34 PM
5294A,N,O,04/07/2026 08:55:50 AM
5294B,N,O,04/07/2026 04:32:59 PM
5295A,N,O,04/07/2026 08:59:48 AM
5295B,N,O,04/07/2026 08:59:52 AM
5296A,N,O,04/07/2026 08:59:22 AM
5296B,N,O,04/07/2026 05:06:11 PM
5299B,N,O,04/07/2026 05:07:10 PM
52A,N,V,04/07/2026 05:00:47 PM
52B,N,V,04/07/2026 04:36:41 PM
5300A,N,O,04/07/2026 08:59:55 AM
5301A,N,O,04/07/2026 05:27:12 PM
5301B,N,O,04/07/2026 05:02:14 PM
5302A,N,O,04/07/2026 05:32:39 PM
5302B,N,O,04/07/2026 08:57:59 AM
5303A,N,O,04/07/2026 04:42:54 PM
5303B,N,O,04/07/2026 04:03:56 PM
5304A,N,O,04/07/2026 08:55:47 AM
5304B,N,O,04/07/2026 08:55:57 AM
5305A,N,O,04/07/2026 03:21:54 PM
5305B,N,O,04/07/2026 09:00:04 AM
5306A,N,O,04/07/2026 02:48:15 PM
5306B,N,O,04/07/2026 03:20:06 PM
5307B,N,O,04/07/2026 08:57:58 AM
5308A,N,O,04/07/2026 02:20:08 PM
5308B,N,O,04/07/2026 04:12:44 PM
5310A,N,O,04/07/2026 10:32:09 AM
5311B,N,O,04/07/2026 02:39:50 PM
5312A,N,O,04/07/2026 04:30:08 PM
5312B,N,O,04/07/2026 09:16:00 AM
5313B,N,O,04/07/2026 03:44:08 PM
5314A,N,O,04/07/2026 05:24:21 PM
5314B,N,O,04/07/2026 08:56:32 AM
5315A,N,O,04/07/2026 11:48:02 AM
5315B,N,O,04/07/2026 08:59:52 AM
5316A,N,O,04/07/2026 12:29:41 PM
5316B,N,O,04/07/2026 09:47:49 AM
5317A,N,O,04/07/2026 11:56:47 AM
5318A,N,O,04/07/2026 08:56:55 AM
5319A,N,O,04/07/2026 10:05:34 AM
5320A,N,O,04/07/2026 04:59:21 PM
5320B,N,O,04/07/2026 02:27:01 PM
5321A,N,O,04/07/2026 05:25:04 PM
5321B,N,O,04/07/2026 05:04:17 PM
5322A,N,O,04/07/2026 08:57:55 AM
5322B,N,O,04/07/2026 08:58:04 AM
5323A,N,O,04/07/2026 09:53:12 AM
5323B,N,O,04/07/2026 04:28:23 PM
5324A,N,O,04/07/2026 05:16:12 PM
5324B,N,O,04/07/2026 05:27:02 PM
5325A,N,O,04/07/2026 08:59:55 AM
5325B,N,O,04/07/2026 02:09:55 PM
5326A,N,O,04/07/2026 12:48:24 PM
5326B,N,O,04/07/2026 08:58:49 AM
5327A,N,O,04/07/2026 03:28:42 PM
5327B,N,O,04/07/2026 02:55:11 PM
5328A,N,O,04/07/2026 02:58:42 PM
5328B,N,O,04/07/2026 04:45:47 PM
5329A,N,O,04/07/2026 08:56:12 AM
5329B,N,O,04/07/2026 05:01:41 PM
5335A,N,O,04/07/2026 10:19:13 AM
5335B,N,O,04/07/2026 10:14:06 AM
5341A,N,O,04/07/2026 11:43:03 AM
5342A,N,O,04/07/2026 05:28:23 PM
5342B,N,O,04/07/2026 01:31:58 PM
5357B,N,O,04/07/2026 04:47:15 PM
5358A,N,O,04/07/2026 04:55:56 PM
5358B,N,O,04/07/2026 12:14:51 PM
5359A,N,O,04/07/2026 02:32:07 PM
5359B,N,V,04/07/2026 05:36:21 PM
535A,N,O,04/07/2026 03:49:17 PM
535B,N,O,04/07/2026 05:25:09 PM
5362A,N,O,04/07/2026 10:38:26 AM
5363A,N,O,04/07/2026 10:10:18 AM
5363B,N,O,04/07/2026 08:56:58 AM
5364A,N,O,04/07/2026 08:55:47 AM
5364B,N,O,04/07/2026 03:21:32 PM
5365A,N,O,04/07/2026 04:11:09 PM
5365B,N,O,04/07/2026 02:57:34 PM
5369B,N,O,04/07/2026 11:42:34 AM
536A,N,V,04/07/2026 04:34:07 PM
536B,N,V,04/07/2026 04:00:59 PM
5371A,N,O,04/07/2026 10:40:44 AM
5372A,N,O,04/07/2026 05:15:48 PM
5372B,N,O,04/07/2026 04:37:08 PM
5373A,N,V,04/07/2026 10:21:54 AM
5373B,N,O,04/07/2026 04:19:55 PM
5374A,N,O,04/07/2026 11:25:42 AM
5374B,N,O,04/07/2026 01:04:07 PM
5375A,N,O,04/07/2026 05:03:28 PM
5377A,N,O,04/07/2026 04:38:02 PM
5377B,N,O,04/07/2026 11:46:11 AM
5378A,N,O,04/07/2026 05:00:51 PM
537A,N,V,04/07/2026 05:10:23 PM
537B,N,O,04/07/2026 12:13:30 PM
5384A,N,O,04/07/2026 04:39:42 PM
5385A,N,O,04/07/2026 09:59:45 AM
5385B,N,O,04/07/2026 09:59:45 AM
5386A,N,O,04/06/2026 07:36:15 PM
5386B,N,O,04/07/2026 04:09:14 PM
5387B,N,O,04/07/2026 09:57:50 AM
5388A,N,O,04/07/2026 05:22:16 PM
5388B,N,O,04/07/2026 10:38:14 AM
5389A,N,O,04/07/2026 09:55:50 AM
5389B,N,O,04/06/2026 09:55:47 AM
538A,N,V,04/07/2026 05:32:31 PM
538B,N,V,04/07/2026 05:32:31 PM
5390A,N,O,04/07/2026 05:31:03 PM
5390B,N,O,04/07/2026 03:07:09 PM
5391A,N,O,04/07/2026 03:01:19 PM
5391B,N,O,04/07/2026 04:57:41 PM
5393A,N,O,04/07/2026 04:30:02 PM
5393B,N,O,04/07/2026 04:52:12 PM
5394A,N,O,04/07/2026 02:29:52 PM
5394B,N,O,04/07/2026 08:55:56 AM
5395A,N,O,04/07/2026 04:08:03 PM
5395B,N,O,04/07/2026 08:59:52 AM
5396A,N,O,04/07/2026 08:58:48 AM
5396B,N,O,04/07/2026 08:58:48 AM
5399A,N,O,04/07/2026 04:22:21 PM
539A,N,V,04/07/2026 02:56:34 PM
539B,N,V,04/07/2026 05:33:44 PM
53A,N,V,04/07/2026 05:07:41 PM
53B,N,V,04/07/2026 02:58:49 PM
5400A,N,O,04/07/2026 09:59:45 AM
5400B,N,O,04/07/2026 05:21:16 PM
5401A,N,O,04/07/2026 09:58:53 AM
5401B,N,O,04/07/2026 09:58:53 AM
5406A,N,V,04/07/2026 05:35:56 PM
5407A,N,O,04/07/2026 05:11:57 PM
5407B,N,O,04/07/2026 05:04:18 PM
5408A,N,V,04/07/2026 05:36:28 PM
5408B,N,O,04/07/2026 04:52:49 PM
5409A,N,O,04/07/2026 10:39:58 AM
5409B,N,O,04/07/2026 11:51:22 AM
540A,N,V,04/07/2026 05:29:24 PM
540B,N,V,04/07/2026 05:29:42 PM
5410A,NU,O,04/07/2026 03:30:19 PM
5410B,NU,O,04/07/2026 05:00:31 PM
541A,N,V,04/07/2026 04:41:30 PM
541B,N,V,04/07/2026 04:41:50 PM
5421A,N,O,04/07/2026 04:13:40 PM
5421B,N,O,04/07/2026 08:58:48 AM
5422A,N,O,04/07/2026 08:57:57 AM
5422B,N,O,04/07/2026 02:47:11 PM
5423A,N,O,04/07/2026 05:20:10 PM
5423B,N,O,04/07/2026 02:04:05 PM
5424A,N,O,04/07/2026 04:49:44 PM
5424B,N,O,04/07/2026 08:55:54 AM
5426A,N,O,04/07/2026 05:26:49 PM
5427A,N,O,04/07/2026 09:57:43 AM
5427B,N,O,04/07/2026 01:26:10 PM
5428A,N,O,04/07/2026 08:56:52 AM
5428B,N,O,04/06/2026 08:56:49 AM
5429A,N,O,04/07/2026 05:02:15 PM
5429B,N,O,04/07/2026 02:49:19 PM
542A,N,V,04/07/2026 04:24:29 PM
542B,N,O,04/07/2026 12:12:59 PM
5430B,N,O,04/07/2026 08:59:47 AM
5435A,N,O,04/07/2026 05:06:08 PM
5435B,N,O,04/07/2026 05:11:13 PM
5436B,N,V,04/07/2026 05:32:39 PM
5437B,N,O,04/07/2026 05:13:17 PM
5438B,N,O,04/07/2026 05:26:57 PM
5439A,N,V,04/07/2026 05:30:05 PM
5439B,N,V,04/07/2026 05:36:29 PM
5440A,N,O,04/07/2026 04:17:40 PM
5440B,N,V,04/07/2026 05:13:20 PM
5447A,N,O,04/07/2026 08:57:44 AM
5447B,N,O,04/07/2026 08:57:44 AM
5448A,N,O,04/07/2026 04:44:48 PM
5448B,N,O,04/07/2026 08:56:50 AM
5449A,N,O,04/07/2026 04:24:31 PM
5449B,N,O,04/07/2026 01:16:19 PM
5450A,N,O,04/07/2026 03:53:39 PM
5450B,N,O,04/07/2026 03:05:39 PM
5451B,N,O,04/07/2026 05:22:37 PM
5461A,N,O,04/07/2026 04:40:41 PM
5461B,N,O,04/07/2026 09:58:47 AM
5462A,N,O,04/07/2026 02:36:34 PM
5462B,N,O,04/07/2026 02:40:16 PM
5466A,N,O,04/07/2026 11:13:13 AM
5466B,N,O,04/07/2026 05:28:19 PM
5467A,N,O,04/07/2026 03:03:36 PM
5467B,N,O,04/07/2026 05:33:08 PM
5468A,N,O,04/07/2026 01:25:13 PM
5468B,N,O,04/07/2026 09:56:50 AM
54B,N,V,04/07/2026 05:19:43 PM
552A,N,O,04/07/2026 02:46:21 PM
552B,N,O,04/07/2026 04:23:09 PM
5532B,N,O,04/07/2026 04:10:56 PM
5533A,N,O,04/07/2026 11:12:38 AM
5533B,N,O,04/07/2026 05:19:38 PM
5534A,N,O,04/07/2026 04:14:35 PM
5534B,N,O,04/07/2026 01:14:34 PM
5535A,N,O,04/07/2026 05:08:43 PM
5535B,N,O,04/07/2026 11:27:25 AM
5536A,N,O,04/07/2026 11:27:32 AM
5537A,N,O,04/07/2026 09:57:45 AM
5538A,N,O,04/07/2026 09:56:48 AM
5538B,N,O,04/07/2026 09:56:52 AM
5539A,N,O,04/07/2026 10:38:00 AM
5539B,N,O,04/07/2026 02:46:42 PM
553A,N,O,04/07/2026 04:49:09 PM
553B,N,O,04/07/2026 05:28:03 PM
5542A,N,O,04/07/2026 05:19:10 PM
5542B,N,O,04/07/2026 04:37:05 PM
5543A,N,O,04/07/2026 03:56:57 PM
5543B,N,O,04/07/2026 09:56:50 AM
5544B,N,O,04/07/2026 03:55:28 PM
5545B,N,O,04/07/2026 09:59:55 AM
5546A,N,O,04/07/2026 10:33:23 AM
5546B,N,O,04/07/2026 10:39:28 AM
5547A,N,O,04/07/2026 04:42:36 PM
5547B,N,O,04/07/2026 05:11:26 PM
5548A,N,O,04/07/2026 03:19:37 PM
5548B,N,O,04/07/2026 03:44:22 PM
5549A,N,O,04/07/2026 01:35:37 PM
554A,N,O,04/07/2026 02:46:59 PM
554B,N,O,04/07/2026 01:36:42 PM
5551A,N,O,04/07/2026 05:07:28 PM
5552A,N,O,04/07/2026 05:28:52 PM
5552B,N,O,04/07/2026 04:29:27 PM
5553A,N,O,04/07/2026 09:56:45 AM
5553B,N,O,04/07/2026 04:09:43 PM
5554A,N,O,04/07/2026 09:55:51 AM
5554B,N,O,04/07/2026 04:02:13 PM
5555A,NU,O,04/07/2026 05:32:40 PM
5555B,NU,O,04/07/2026 05:21:45 PM
5556B,N,O,04/07/2026 10:30:13 AM
5557A,N,O,04/07/2026 09:57:46 AM
5557B,N,O,04/07/2026 12:21:43 PM
5558A,N,O,04/07/2026 05:28:35 PM
5558B,N,O,04/07/2026 05:32:34 PM
5559A,N,O,04/07/2026 12:21:48 PM
5559B,N,O,04/07/2026 09:55:46 AM
555A,N,V,04/07/2026 05:36:09 PM
555B,N,O,04/07/2026 04:22:27 PM
5560A,N,O,04/07/2026 02:17:55 PM
5564A,N,O,04/07/2026 09:55:55 AM
5572A,N,O,04/07/2026 03:30:39 PM
5572B,N,O,04/07/2026 09:58:00 AM
5573A,N,O,04/07/2026 09:56:47 AM
5573B,N,O,04/07/2026 02:26:59 PM
5574A,N,O,04/07/2026 02:55:14 PM
5574B,N,O,04/07/2026 03:15:31 PM
5575B,N,O,04/07/2026 12:13:54 PM
5578A,N,O,04/06/2026 05:16:02 PM
5578B,N,O,04/07/2026 08:56:44 AM
5579A,N,O,04/07/2026 09:24:33 AM
5579B,N,O,04/07/2026 08:57:16 AM
5580A,N,O,04/07/2026 08:59:56 AM
5580B,N,O,04/07/2026 03:28:21 PM
5588A,N,O,04/07/2026 03:19:27 PM
5588B,N,O,04/07/2026 05:20:04 PM
559A,N,V,04/07/2026 05:35:32 PM
559B,N,O,04/07/2026 06:55:48 AM
55B,N,V,04/07/2026 04:52:55 PM
560A,N,O,04/07/2026 06:59:46 AM
560B,N,O,04/07/2026 01:43:20 PM
5617B,N,O,04/07/2026 09:57:51 AM
5618A,N,O,04/07/2026 04:01:55 PM
5618B,N,O,04/07/2026 03:56:29 PM
561B,N,O,04/07/2026 06:58:50 AM
5622A,N,O,04/07/2026 01:36:07 PM
5622B,N,O,04/07/2026 02:06:07 PM
5623A,N,O,04/07/2026 01:03:03 PM
5623B,N,O,04/07/2026 04:17:44 PM
5641B,N,V,04/07/2026 03:20:42 PM
5642A,N,O,04/07/2026 04:18:25 PM
5642B,N,O,04/07/2026 08:57:44 AM
5643A,N,O,04/07/2026 05:31:29 PM
5643B,N,O,04/07/2026 08:56:55 AM
5645A,N,O,04/07/2026 09:59:44 AM
5645B,N,O,04/07/2026 04:35:39 PM
5646A,N,O,04/07/2026 04:54:33 PM
5646B,N,O,04/07/2026 12:59:13 PM
5647A,N,O,04/07/2026 04:44:05 PM
5647B,N,O,04/07/2026 09:57:42 AM
5648A,N,O,04/07/2026 03:30:44 PM
5648B,N,O,04/07/2026 05:26:14 PM
5650A,N,O,04/07/2026 04:17:58 PM
5650B,N,O,04/07/2026 02:56:44 PM
5651A,N,O,04/07/2026 05:01:39 PM
5651B,N,V,04/07/2026 04:24:55 PM
5652A,N,O,04/07/2026 09:57:49 AM
5652B,N,O,04/07/2026 11:50:00 AM
5653A,N,O,04/07/2026 03:39:41 PM
5653B,N,O,04/07/2026 09:56:47 AM
5654A,N,O,04/07/2026 04:09:33 PM
5654B,N,O,04/07/2026 08:55:49 AM
5655A,N,O,04/07/2026 12:46:08 PM
5655B,N,O,04/07/2026 03:57:09 PM
5656A,N,O,04/07/2026 04:43:18 PM
5656B,N,O,04/07/2026 12:39:42 PM
5657A,N,O,04/07/2026 04:41:08 PM
5657B,N,O,04/07/2026 04:51:37 PM
5658A,N,O,04/07/2026 04:17:46 PM
5658B,N,O,04/07/2026 02:04:22 PM
568A,N,V,04/07/2026 05:29:31 PM
568B,N,O,04/07/2026 05:34:13 PM
56A,N,V,04/07/2026 05:35:30 PM
56B,N,O,04/07/2026 02:23:13 PM
57A,N,O,04/07/2026 11:45:11 AM
57B,N,O,04/07/2026 03:21:45 PM
5883A,N,O,04/07/2026 05:22:56 PM
5883B,N,V,04/07/2026 01:32:41 PM
5884A,N,O,04/07/2026 02:36:23 PM
5884B,N,O,04/07/2026 04:33:02 PM
5885A,N,O,04/07/2026 04:36:23 PM
5885B,N,O,04/07/2026 10:30:10 AM
5889A,N,O,04/07/2026 01:42:09 PM
5889B,N,O,04/07/2026 05:08:52 PM
588B,N,O,04/07/2026 02:58:48 PM
5899A,N,O,04/07/2026 10:25:53 AM
589A,N,O,04/07/2026 05:15:37 PM
589B,N,O,04/07/2026 05:14:26 PM
58A,N,O,04/07/2026 10:16:37 AM
58B,N,O,04/07/2026 04:46:32 PM
5900A,N,O,04/07/2026 05:00:50 PM
5900B,N,O,04/07/2026 02:40:48 PM
5901A,N,O,04/07/2026 03:25:19 PM
5901B,N,O,04/07/2026 04:17:55 PM
5904B,N,O,04/07/2026 04:55:23 PM
590A,N,V,04/07/2026 05:31:45 PM
590B,N,O,04/07/2026 08:59:39 AM
5910A,N,O,04/07/2026 03:40:32 PM
5910B,N,O,04/07/2026 12:11:41 PM
5911A,N,O,04/07/2026 10:28:51 AM
5911B,N,O,04/07/2026 04:31:34 PM
5912A,N,V,04/07/2026 05:35:56 PM
5912B,N,O,04/07/2026 05:07:36 PM
5913A,N,O,04/07/2026 05:00:11 PM
5913B,N,O,04/07/2026 10:26:45 AM
591A,N,O,04/07/2026 02:01:40 PM
591B,N,V,04/07/2026 05:32:50 PM
592A,N,V,04/07/2026 05:03:50 PM
592B,N,V,04/07/2026 04:54:55 PM
5932A,N,O,04/07/2026 08:57:53 AM
5932B,N,O,04/07/2026 05:11:23 PM
5933A,N,O,04/07/2026 08:56:54 AM
5933B,N,O,04/07/2026 05:33:39 PM
5934A,N,O,04/07/2026 01:08:48 PM
5934B,N,O,04/07/2026 03:48:25 PM
5935A,N,O,04/07/2026 08:59:48 AM
5935B,N,O,04/07/2026 03:16:15 PM
5936A,N,O,04/07/2026 04:46:13 PM
5936B,N,O,04/07/2026 04:35:38 PM
593A,N,O,04/07/2026 05:01:17 PM
593B,N,O,04/07/2026 04:20:41 PM
5946A,N,O,04/07/2026 03:40:14 PM
5946B,N,O,04/07/2026 12:11:16 PM
5947A,N,O,04/07/2026 03:32:21 PM
5947B,N,O,04/06/2026 09:44:04 AM
5949A,N,O,04/07/2026 04:33:35 PM
5949B,N,O,04/07/2026 11:31:05 AM
5950A,N,O,04/07/2026 04:51:03 PM
5950B,N,O,04/07/2026 01:12:02 PM
5951A,N,O,04/07/2026 05:16:48 PM
5951B,N,O,04/07/2026 05:32:55 PM
5952A,N,O,04/07/2026 02:56:51 PM
5952B,N,O,04/07/2026 04:52:29 PM
5953A,N,O,04/07/2026 05:21:17 PM
5953B,N,O,04/07/2026 05:27:11 PM
5954A,N,O,04/07/2026 05:21:50 PM
5954B,N,O,04/07/2026 03:53:14 PM
5955A,N,O,04/07/2026 05:00:33 PM
5955B,N,O,04/07/2026 02:47:05 PM
5956A,N,O,04/07/2026 04:59:49 PM
5956B,N,O,04/07/2026 05:23:35 PM
5957A,N,V,04/07/2026 03:41:44 PM
5957B,N,O,04/07/2026 05:32:16 PM
5958A,N,O,04/07/2026 05:15:06 PM
5958B,N,O,04/07/2026 10:26:54 AM
5962A,N,O,04/07/2026 05:02:25 PM
5962B,N,O,04/07/2026 12:17:48 PM
5963A,N,O,04/07/2026 04:57:12 PM
5963B,N,O,04/07/2026 11:07:00 AM
5964A,N,O,04/07/2026 10:46:18 AM
5964B,N,O,04/07/2026 11:05:33 AM
5965A,N,O,04/07/2026 03:56:42 PM
5965B,N,O,04/07/2026 04:41:28 PM
5969A,N,O,04/07/2026 08:55:45 AM
5969B,N,O,04/07/2026 05:26:31 PM
5970A,N,O,04/07/2026 09:31:16 AM
5970B,N,O,04/07/2026 08:59:55 AM
5971A,N,O,04/07/2026 08:58:50 AM
5971B,N,O,04/07/2026 01:38:15 PM
5972A,N,O,04/07/2026 08:57:50 AM
5972B,N,O,04/07/2026 01:41:20 PM
5973A,N,O,04/07/2026 12:13:40 PM
5973B,N,O,04/07/2026 03:01:26 PM
5974A,N,O,04/07/2026 08:55:45 AM
5990A,N,O,04/07/2026 04:13:29 PM
5990B,N,O,04/07/2026 12:38:09 PM
5991A,N,O,04/07/2026 08:58:54 AM
5991B,N,O,04/07/2026 04:30:32 PM
5992A,N,O,04/07/2026 09:51:50 AM
5992B,N,O,04/07/2026 05:23:55 PM
5993A,N,V,04/07/2026 05:36:39 PM
5993B,N,O,04/07/2026 05:12:02 PM
5994A,N,O,04/07/2026 08:55:55 AM
5994B,N,O,04/07/2026 04:34:37 PM
5995A,N,O,04/07/2026 04:28:08 PM
5995B,N,O,04/07/2026 05:10:20 PM
5996A,N,O,04/07/2026 12:32:39 PM
5996B,N,O,04/07/2026 09:37:18 AM
5997A,N,O,04/07/2026 02:07:20 PM
5997B,N,O,04/07/2026 10:34:20 AM
5998A,N,O,04/07/2026 05:12:09 PM
5998B,N,O,04/07/2026 04:00:10 PM
59A,N,O,04/07/2026 04:58:06 PM
59B,N,O,04/07/2026 04:45:56 PM
5A,N,O,04/07/2026 03:47:44 PM
5B,N,O,04/07/2026 02:46:43 PM
600B,N,O,04/07/2026 04:01:15 PM
6013A,N,O,04/07/2026 04:14:18 PM
6014A,N,O,04/07/2026 11:25:07 AM
6014B,N,O,04/07/2026 02:37:22 PM
6015A,N,O,04/07/2026 02:28:02 PM
6015B,N,O,04/07/2026 03:22:48 PM
6018A,N,O,04/07/2026 05:13:02 PM
6019A,N,O,04/07/2026 03:41:29 PM
6019B,N,O,04/07/2026 12:11:27 PM
601A,N,O,04/07/2026 05:08:22 PM
601B,N,O,04/07/2026 04:26:20 PM
6020A,N,O,04/07/2026 03:53:27 PM
6020B,N,O,04/07/2026 04:54:58 PM
6021A,N,O,04/07/2026 12:44:52 PM
6021B,N,O,04/07/2026 05:04:02 PM
6022A,N,O,04/07/2026 04:32:42 PM
6022B,N,V,04/07/2026 04:47:21 PM
6023A,NU,O,04/07/2026 10:26:51 AM
6023B,NU,O,04/07/2026 02:11:52 PM
6025A,N,O,04/07/2026 05:01:45 PM
6025B,N,V,04/07/2026 04:35:13 PM
6026A,N,O,04/07/2026 05:31:56 PM
6026B,N,O,04/07/2026 03:37:05 PM
6027A,N,O,04/07/2026 10:27:52 AM
6027B,N,O,04/07/2026 12:12:24 PM
6028A,N,O,04/07/2026 04:45:16 PM
6028B,N,O,04/07/2026 05:06:53 PM
6029A,N,O,04/07/2026 11:17:15 AM
6029B,N,O,04/07/2026 02:35:42 PM
6030A,N,O,04/07/2026 11:04:22 AM
6030B,N,O,04/07/2026 11:38:10 AM
6031B,N,O,04/07/2026 11:44:49 AM
6035A,N,O,04/07/2026 04:32:36 PM
6035B,N,O,04/07/2026 04:32:36 PM
6036A,N,O,04/07/2026 12:57:15 PM
6036B,N,O,04/07/2026 04:53:43 PM
6037A,N,O,04/07/2026 03:04:10 PM
6037B,N,O,04/07/2026 04:29:10 PM
6038A,N,O,04/07/2026 12:07:49 PM
6038B,N,V,04/07/2026 05:36:05 PM
6039A,N,O,04/07/2026 04:07:50 PM
6039B,N,O,04/07/2026 10:25:51 AM
6040A,N,O,04/07/2026 11:37:45 AM
6040B,N,O,04/07/2026 04:45:17 PM
6041A,N,O,04/07/2026 04:33:38 PM
6043B,N,O,04/07/2026 04:51:19 PM
6044A,N,O,04/07/2026 12:03:23 PM
6044B,N,O,04/07/2026 05:23:58 PM
6045A,N,O,04/07/2026 10:44:47 AM
6045B,N,O,04/07/2026 11:57:12 AM
6046A,N,O,04/07/2026 12:01:00 PM
6046B,N,O,04/07/2026 05:30:04 PM
6047A,N,O,04/07/2026 12:03:21 PM
6047B,N,O,04/07/2026 04:39:57 PM
6048A,N,O,04/07/2026 10:26:56 AM
6048B,N,O,04/07/2026 05:32:29 PM
6049A,N,O,04/07/2026 12:05:14 PM
6049B,N,O,04/07/2026 03:11:34 PM
6050A,N,O,04/07/2026 04:38:33 PM
6050B,N,O,04/07/2026 05:30:38 PM
6051A,N,O,04/07/2026 01:58:14 PM
6051B,N,O,04/07/2026 02:45:29 PM
6052A,N,O,04/07/2026 10:27:48 AM
6052B,N,O,04/07/2026 10:27:48 AM
6053A,N,O,04/07/2026 02:47:35 PM
6053B,N,O,04/07/2026 10:57:49 AM
6054A,N,O,04/07/2026 01:08:24 PM
6054B,N,O,04/07/2026 03:19:38 PM
6055A,N,O,04/07/2026 11:49:06 AM
6055B,N,O,04/07/2026 10:29:50 AM
6058A,N,O,04/07/2026 08:56:56 AM
6058B,N,O,04/07/2026 04:39:07 PM
6059A,N,O,04/06/2026 06:52:30 PM
6059B,N,O,04/07/2026 04:31:44 PM
605A,N,O,04/07/2026 05:21:31 PM
605B,N,O,04/07/2026 01:04:14 PM
6060A,N,O,04/07/2026 08:59:46 AM
6060B,N,O,04/07/2026 02:36:53 PM
6061A,N,O,04/07/2026 01:01:07 PM
6061B,N,O,04/07/2026 08:58:44 AM
6062A,N,O,04/07/2026 08:57:50 AM
6062B,N,O,04/07/2026 04:30:19 PM
6063A,N,O,04/07/2026 02:34:33 PM
6063B,N,O,04/07/2026 01:48:20 PM
6064A,N,O,04/07/2026 12:03:39 PM
6064B,N,O,04/07/2026 09:44:52 AM
6066A,N,O,04/07/2026 02:50:35 PM
6066B,N,O,04/07/2026 04:46:22 PM
6067A,N,O,04/07/2026 03:06:42 PM
6067B,N,O,04/07/2026 09:50:06 AM
6068A,N,O,04/07/2026 03:12:23 PM
6068B,N,O,04/07/2026 01:50:25 PM
6069A,N,O,04/07/2026 05:35:10 PM
6069B,N,O,04/07/2026 03:19:02 PM
606A,N,O,04/07/2026 09:26:16 AM
606B,N,O,04/07/2026 03:05:51 PM
6070A,N,O,04/07/2026 05:18:10 PM
6070B,N,O,04/07/2026 03:06:14 PM
6072A,N,O,04/07/2026 09:48:25 AM
6072B,N,O,04/07/2026 04:43:54 PM
6073A,N,O,04/07/2026 03:37:52 PM
6073B,N,O,04/07/2026 03:44:04 PM
6074A,N,O,04/07/2026 04:07:50 PM
6074B,N,O,04/07/2026 03:15:01 PM
6075A,N,O,04/07/2026 03:47:59 PM
6075B,N,O,04/07/2026 11:31:30 AM
6076A,N,O,04/07/2026 03:19:26 PM
607A,N,O,04/07/2026 03:08:49 PM
607B,N,O,04/07/2026 10:21:40 AM
6081A,N,V,04/07/2026 05:36:15 PM
6085B,N,V,04/07/2026 05:33:12 PM
608A,N,O,04/07/2026 05:23:13 PM
608B,N,O,04/07/2026 05:22:48 PM
609A,N,O,04/07/2026 04:14:53 PM
609B,N,O,04/07/2026 05:01:55 PM
60A,N,O,04/07/2026 02:05:20 PM
60B,N,O,04/07/2026 04:26:24 PM
610A,N,O,04/07/2026 08:59:45 AM
6180B,N,O,04/07/2026 01:57:08 PM
6181A,N,O,04/07/2026 03:58:31 PM
6181B,N,O,04/07/2026 04:19:35 PM
6182A,N,O,04/07/2026 05:35:02 PM
6182B,N,O,04/07/2026 05:07:35 PM
6183A,N,O,04/07/2026 05:26:58 PM
6183B,N,O,04/07/2026 04:24:12 PM
6184A,NU,O,03/16/2026 02:00:44 PM
6184B,NU,O,03/16/2026 07:55:48 AM
6185A,NU,O,04/07/2026 01:32:44 PM
6186A,N,O,04/07/2026 05:31:26 PM
6187A,N,V,04/07/2026 04:38:47 PM
6188A,N,O,04/07/2026 02:25:28 PM
6188B,N,O,04/07/2026 05:15:49 PM
6189A,N,O,04/07/2026 08:55:48 AM
6189B,N,O,04/07/2026 04:52:28 PM
6190A,N,O,04/07/2026 04:32:43 PM
6190B,N,O,04/07/2026 01:41:31 PM
6191A,N,O,04/07/2026 05:25:43 PM
6191B,N,O,04/07/2026 08:58:47 AM
6192A,N,O,04/06/2026 09:44:48 PM
6192B,N,O,04/07/2026 08:57:49 AM
6193A,N,O,04/07/2026 03:43:33 PM
6193B,N,O,04/07/2026 08:56:49 AM
6194A,N,O,04/07/2026 05:19:18 PM
6194B,N,O,04/07/2026 04:12:34 PM
6196A,N,O,04/07/2026 02:37:47 PM
61A,N,O,04/07/2026 05:25:21 PM
61B,N,O,04/07/2026 03:56:15 PM
6201B,N,O,04/07/2026 03:20:58 PM
6202A,N,O,04/07/2026 04:21:39 PM
6202B,N,O,04/07/2026 03:17:31 PM
6203B,N,O,04/07/2026 04:31:22 PM
6204A,N,O,04/07/2026 02:55:09 PM
6204B,N,O,04/07/2026 05:08:03 PM
6207A,N,V,04/07/2026 05:29:01 PM
6207B,N,O,04/07/2026 12:20:32 PM
6209A,N,O,04/07/2026 02:11:26 PM
6209B,N,O,04/07/2026 01:56:25 PM
6221A,N,V,04/07/2026 03:28:29 PM
6221B,N,V,04/07/2026 05:36:42 PM
6222A,N,O,04/07/2026 05:27:35 PM
6222B,N,V,04/07/2026 05:36:25 PM
6223A,N,O,04/07/2026 08:56:49 AM
6223B,N,O,04/07/2026 08:56:52 AM
6235A,N,O,04/07/2026 12:03:24 PM
6235B,N,O,04/07/2026 10:29:47 AM
6236A,N,O,04/07/2026 02:55:44 PM
6236B,N,O,04/07/2026 01:13:56 PM
6237B,N,O,04/07/2026 12:53:29 PM
6238A,N,O,04/07/2026 04:04:09 PM
6238B,N,O,04/07/2026 12:15:13 PM
6239A,N,O,04/07/2026 10:25:51 AM
6239B,N,O,04/07/2026 10:25:51 AM
6240A,N,O,04/07/2026 04:37:36 PM
6240B,N,O,04/07/2026 01:41:36 PM
6241A,N,O,04/07/2026 11:05:49 AM
6241B,N,O,04/07/2026 05:29:33 PM
6252A,N,O,04/07/2026 05:18:40 PM
6252B,N,O,04/07/2026 01:36:03 PM
6258A,N,V,04/07/2026 05:35:24 PM
6258B,N,O,04/07/2026 08:56:43 AM
6259A,N,O,04/07/2026 02:08:17 PM
6259B,N,O,04/07/2026 04:39:10 PM
6260A,N,O,04/07/2026 04:34:19 PM
6260B,N,O,04/07/2026 05:02:18 PM
6262B,N,O,04/07/2026 10:28:18 AM
6263A,N,O,04/07/2026 10:28:02 AM
6263B,N,O,04/07/2026 05:34:46 PM
6267A,N,O,04/07/2026 03:46:06 PM
6267B,N,O,04/07/2026 04:05:49 PM
6273B,N,O,04/07/2026 08:56:45 AM
6274A,N,O,04/07/2026 03:49:33 PM
6274B,N,O,04/07/2026 04:59:12 PM
6275A,N,O,04/07/2026 12:00:48 PM
6276A,N,O,04/07/2026 03:12:37 PM
6276B,N,O,04/07/2026 03:20:22 PM
6277A,N,O,04/07/2026 05:08:04 PM
6277B,N,O,04/06/2026 05:36:29 PM
6281B,N,O,04/07/2026 05:29:06 PM
6282A,N,V,04/07/2026 05:34:59 PM
6282B,N,O,04/07/2026 04:36:18 PM
6283A,NU,O,03/31/2026 04:37:52 PM
6284A,N,O,04/07/2026 08:55:51 AM
6284B,N,O,04/07/2026 10:45:26 AM
6285A,N,O,04/07/2026 10:03:35 AM
6286B,N,O,04/07/2026 10:19:30 AM
6287A,N,O,04/07/2026 03:38:44 PM
6287B,N,O,04/07/2026 08:57:49 AM
6291A,N,O,04/07/2026 08:58:48 AM
6291B,N,O,04/06/2026 08:59:12 AM
6292A,N,O,04/07/2026 08:57:45 AM
6292B,N,O,04/07/2026 08:57:45 AM
6293A,N,V,04/07/2026 03:50:22 PM
6293B,N,O,04/07/2026 10:29:14 AM
6294A,N,O,04/07/2026 08:55:47 AM
6294B,N,O,04/07/2026 08:55:47 AM
6295A,N,O,04/07/2026 12:07:28 PM
6295B,N,O,04/07/2026 09:36:52 AM
6296A,N,O,04/07/2026 11:06:53 AM
6296B,N,O,04/07/2026 04:57:27 PM
6297A,N,O,04/07/2026 02:23:50 PM
6297B,N,O,04/07/2026 08:57:43 AM
6298A,N,O,04/07/2026 04:20:11 PM
62A,N,O,04/07/2026 04:36:48 PM
62B,N,O,04/07/2026 03:00:01 PM
6301A,N,O,04/07/2026 08:58:49 AM
6301B,N,O,04/07/2026 01:33:41 PM
6302A,N,O,04/07/2026 08:57:47 AM
6302B,N,O,04/06/2026 02:21:55 PM
6306B,N,O,04/07/2026 08:58:47 AM
6307A,N,O,04/07/2026 08:57:49 AM
6307B,N,O,04/07/2026 04:34:55 PM
6308A,N,O,04/07/2026 03:47:07 PM
6308B,N,O,04/07/2026 03:41:09 PM
6309A,N,O,04/07/2026 11:04:49 AM
6309B,N,O,04/07/2026 04:18:47 PM
6314A,N,O,04/06/2026 09:40:29 PM
6314B,N,O,04/07/2026 01:52:59 PM
6315A,N,O,04/06/2026 08:48:21 PM
6315B,N,O,04/07/2026 01:56:37 PM
6316A,N,O,04/07/2026 08:58:45 AM
6316B,N,O,04/06/2026 06:17:06 PM
6318B,N,O,04/07/2026 05:01:04 PM
6319A,N,O,04/07/2026 05:03:50 PM
6319B,N,O,04/07/2026 04:18:04 PM
6320A,N,O,04/07/2026 02:45:35 PM
6320B,NU,O,04/07/2026 05:00:57 PM
6322A,N,O,04/07/2026 01:13:00 PM
6322B,N,O,04/07/2026 04:15:02 PM
6323A,N,O,04/07/2026 04:37:03 PM
6323B,N,O,04/07/2026 04:40:29 PM
6324B,N,O,04/07/2026 09:48:11 AM
6326A,N,O,04/07/2026 03:51:37 PM
6326B,N,O,04/07/2026 05:14:40 PM
6327A,N,O,04/07/2026 02:59:33 PM
6327B,N,O,04/07/2026 10:05:08 AM
6328A,N,O,04/07/2026 04:11:10 PM
6328B,N,O,04/07/2026 08:57:01 AM
6329A,N,O,04/07/2026 04:21:35 PM
6329B,N,O,04/07/2026 04:29:41 PM
6330A,N,O,04/07/2026 11:55:29 AM
6330B,N,O,04/07/2026 05:16:33 PM
6331A,N,O,04/07/2026 05:08:49 PM
6334A,N,O,04/07/2026 11:15:34 AM
6334B,N,O,04/07/2026 03:28:04 PM
6335A,N,V,04/07/2026 04:13:49 PM
6335B,N,O,04/07/2026 02:26:01 PM
6336A,N,O,04/07/2026 05:03:14 PM
6339B,N,O,04/07/2026 04:42:41 PM
6340A,N,O,04/07/2026 04:04:04 PM
6340B,N,O,04/07/2026 05:29:04 PM
6341A,N,O,04/07/2026 02:21:29 PM
6341B,N,O,04/07/2026 08:58:51 AM
6342B,N,O,04/07/2026 05:29:54 PM
6347A,N,O,04/07/2026 11:42:10 AM
6348A,N,O,04/07/2026 01:24:26 PM
6348B,N,O,04/07/2026 04:11:32 PM
6349A,N,O,04/07/2026 02:59:19 PM
6349B,N,O,04/07/2026 05:07:35 PM
6350A,N,O,04/07/2026 02:45:54 PM
6350B,N,O,04/07/2026 04:28:58 PM
6351A,N,O,04/07/2026 04:57:57 PM
6351B,N,O,04/07/2026 05:30:55 PM
6352A,N,O,04/07/2026 02:13:30 PM
6352B,N,O,04/07/2026 03:31:45 PM
6353A,N,O,04/07/2026 03:46:41 PM
6353B,N,O,04/07/2026 03:22:33 PM
6354A,N,O,04/07/2026 05:08:02 PM
6354B,N,O,04/07/2026 04:36:31 PM
6358A,N,O,04/07/2026 09:53:00 AM
6358B,N,O,04/07/2026 01:48:33 PM
6359A,N,O,04/07/2026 04:34:06 PM
6359B,N,O,04/07/2026 11:36:48 AM
6360A,N,O,04/07/2026 05:11:16 PM
6360B,N,V,04/07/2026 03:17:16 PM
6361A,N,O,04/07/2026 03:46:52 PM
6361B,N,O,04/07/2026 02:38:10 PM
6362A,N,O,04/07/2026 03:01:31 PM
6362B,N,O,04/07/2026 05:33:32 PM
6363A,N,V,04/07/2026 05:35:19 PM
6363B,N,O,04/07/2026 03:57:58 PM
6364A,N,O,04/07/2026 05:30:54 PM
6364B,N,O,04/07/2026 04:13:04 PM
6365A,N,O,04/07/2026 04:34:12 PM
6365B,N,O,04/07/2026 11:30:18 AM
6369A,N,O,04/07/2026 05:03:13 PM
6369B,N,O,04/07/2026 08:55:55 AM
6370A,N,O,04/07/2026 04:16:51 PM
6370B,N,O,04/07/2026 02:31:51 PM
6371A,N,O,04/07/2026 03:29:30 PM
6371B,N,O,04/07/2026 03:05:25 PM
6376A,N,O,04/07/2026 09:58:55 AM
6377A,N,O,04/06/2026 04:04:10 PM
6377B,N,V,04/07/2026 05:28:17 PM
6379A,N,V,04/07/2026 05:28:15 PM
6379B,N,O,04/07/2026 09:55:54 AM
6380A,N,O,04/07/2026 05:26:00 PM
6380B,N,O,04/07/2026 02:47:17 PM
6381A,N,V,04/07/2026 05:30:12 PM
6381B,N,O,04/07/2026 09:58:44 AM
6382B,N,O,04/07/2026 05:28:02 PM
6383A,N,O,04/07/2026 05:11:17 PM
6383B,N,O,04/07/2026 04:26:02 PM
6386B,N,O,04/07/2026 09:58:51 AM
6387A,N,O,04/07/2026 09:57:52 AM
6387B,N,O,04/07/2026 01:13:37 PM
6388A,N,V,04/07/2026 05:30:11 PM
6388B,N,O,04/07/2026 03:22:34 PM
6389B,N,O,04/07/2026 04:07:33 PM
6390A,N,O,04/06/2026 09:57:08 PM
6390B,N,O,04/07/2026 10:09:56 AM
6391A,N,O,04/07/2026 09:58:52 AM
6392A,N,O,04/07/2026 09:57:55 AM
6393A,N,O,04/07/2026 09:56:57 AM
6393B,N,O,04/07/2026 09:56:50 AM
6394A,N,V,04/07/2026 02:03:13 PM
6394B,N,O,04/07/2026 05:12:10 PM
6395A,N,O,04/07/2026 01:12:27 PM
6395B,N,O,04/07/2026 09:59:57 AM
6396A,N,V,04/07/2026 05:31:10 PM
6396B,N,O,04/07/2026 01:01:22 PM
6397A,N,O,04/07/2026 11:04:37 AM
6397B,N,O,04/07/2026 04:26:27 PM
6399A,N,V,04/07/2026 05:31:16 PM
63A,N,O,04/07/2026 01:24:46 PM
63B,N,O,04/07/2026 04:47:13 PM
6400A,N,O,04/07/2026 12:00:11 PM
6400B,N,O,04/07/2026 11:59:50 AM
6401A,N,O,04/07/2026 05:27:17 PM
6402A,N,O,04/07/2026 12:49:00 PM
6402B,N,O,04/07/2026 10:08:21 AM
6403A,N,O,04/07/2026 04:19:39 PM
6403B,N,O,04/07/2026 11:10:11 AM
6404A,N,O,04/07/2026 02:31:32 PM
6404B,N,O,04/07/2026 09:52:13 AM
6407A,N,O,04/07/2026 01:52:06 PM
6407B,N,O,04/07/2026 04:44:36 PM
6408A,N,O,04/07/2026 05:00:41 PM
6408B,N,V,04/07/2026 03:39:36 PM
6409A,N,O,04/07/2026 03:31:37 PM
6409B,N,O,04/07/2026 09:57:12 AM
6410A,N,O,04/07/2026 10:32:23 AM
6410B,N,O,04/07/2026 02:06:56 PM
6411A,N,O,04/07/2026 08:58:55 AM
6411B,N,O,04/07/2026 09:32:03 AM
6412A,N,O,04/07/2026 08:57:54 AM
6412B,N,O,04/07/2026 08:57:54 AM
6414B,N,O,04/07/2026 09:55:39 AM
6415A,N,O,04/07/2026 01:28:17 PM
6415B,N,O,04/07/2026 09:59:56 AM
6416A,N,O,04/07/2026 05:11:39 PM
6416B,N,O,04/07/2026 04:27:43 PM
6417A,N,O,04/07/2026 03:43:31 PM
6417B,N,O,04/07/2026 01:49:45 PM
6418A,N,O,04/07/2026 02:25:45 PM
6418B,N,O,04/07/2026 05:06:45 PM
6419A,N,O,04/07/2026 08:55:50 AM
6419B,N,O,04/07/2026 08:55:50 AM
6420A,N,O,04/07/2026 04:01:21 PM
6420B,N,O,04/07/2026 08:59:46 AM
6421A,N,O,04/07/2026 11:13:51 AM
6421B,N,O,04/07/2026 12:15:41 PM
6426A,N,O,04/07/2026 03:04:00 PM
6426B,N,O,04/07/2026 08:58:47 AM
6427A,N,O,04/07/2026 01:24:53 PM
6427B,N,O,04/07/2026 09:45:21 AM
6428A,N,O,04/07/2026 04:15:22 PM
6428B,N,O,04/07/2026 10:04:11 AM
6429A,N,O,04/07/2026 02:46:49 PM
6429B,N,O,04/07/2026 05:20:36 PM
642A,N,O,04/07/2026 04:12:05 PM
642B,N,O,04/07/2026 05:23:44 PM
6430A,N,O,04/07/2026 08:59:44 AM
6430B,N,O,04/07/2026 04:12:23 PM
6431A,N,O,04/07/2026 04:49:10 PM
6431B,N,O,04/07/2026 08:58:54 AM
6432A,N,O,04/07/2026 12:56:47 PM
6432B,N,O,04/07/2026 09:04:23 AM
6433A,N,O,04/07/2026 05:00:01 PM
6433B,N,V,04/07/2026 05:35:07 PM
6434A,N,O,04/07/2026 08:55:58 AM
6434B,N,O,04/07/2026 08:55:51 AM
6435A,N,O,04/07/2026 10:56:57 AM
6435B,N,O,04/07/2026 11:33:09 AM
6436A,N,O,04/06/2026 08:58:39 AM
6436B,N,O,04/07/2026 08:58:42 AM
6439A,N,O,04/07/2026 08:55:45 AM
6439B,N,O,04/07/2026 03:29:18 PM
643A,N,O,04/07/2026 02:57:12 PM
643B,N,O,04/07/2026 03:55:59 PM
6440A,N,O,04/07/2026 08:59:49 AM
6440B,N,O,04/07/2026 08:59:49 AM
6441B,N,O,04/07/2026 08:58:45 AM
6442A,N,O,04/07/2026 08:57:46 AM
6442B,N,O,04/07/2026 09:23:56 AM
6443A,N,O,04/07/2026 08:56:46 AM
6443B,N,O,04/07/2026 08:56:46 AM
6444B,N,O,04/07/2026 08:55:44 AM
6446A,N,O,04/07/2026 08:59:15 AM
6446B,N,O,04/07/2026 08:58:42 AM
6447A,N,O,04/07/2026 02:31:03 PM
6447B,N,O,04/07/2026 08:57:46 AM
6448A,N,O,04/07/2026 08:56:44 AM
6448B,N,O,04/07/2026 08:56:44 AM
6449A,N,O,04/07/2026 11:51:46 AM
6449B,N,O,04/07/2026 05:12:47 PM
6450A,N,O,04/07/2026 04:45:10 PM
6451A,N,O,04/07/2026 04:41:11 PM
6452A,N,O,04/07/2026 11:03:50 AM
6452B,N,O,04/07/2026 08:57:49 AM
6453A,N,O,04/07/2026 03:24:50 PM
6453B,N,O,04/07/2026 03:47:25 PM
6454A,N,O,04/07/2026 05:22:56 PM
6454B,N,O,04/07/2026 04:30:36 PM
6455A,N,O,04/07/2026 04:00:33 PM
6455B,N,O,04/07/2026 12:20:27 PM
6456A,N,O,04/07/2026 05:29:37 PM
6456B,N,O,04/07/2026 03:53:50 PM
6457A,N,O,04/07/2026 08:57:53 AM
6457B,N,O,04/07/2026 05:06:28 PM
6458A,N,O,04/07/2026 12:20:26 PM
6458B,N,O,04/07/2026 04:34:50 PM
6460B,N,O,04/07/2026 02:06:20 PM
6461A,N,O,04/07/2026 05:00:26 PM
6461B,N,O,04/07/2026 04:59:46 PM
6462A,N,O,04/07/2026 04:41:05 PM
6462B,N,O,04/07/2026 01:53:31 PM
6463A,N,O,04/07/2026 03:07:43 PM
6463B,N,O,04/05/2026 02:10:18 PM
6464A,N,O,04/07/2026 03:39:54 PM
6464B,N,O,04/07/2026 08:55:46 AM
6465A,N,V,04/07/2026 05:35:16 PM
6465B,N,O,04/07/2026 05:23:49 PM
6466A,N,O,04/07/2026 12:18:34 PM
6466B,N,O,04/07/2026 01:26:42 PM
6467A,N,O,04/07/2026 08:57:49 AM
6467B,N,O,04/07/2026 11:53:05 AM
6468A,N,O,04/07/2026 09:56:51 AM
6468B,N,O,04/07/2026 04:35:48 PM
6469B,N,O,04/07/2026 11:34:50 AM
6472A,N,O,04/07/2026 02:39:06 PM
6472B,N,V,04/07/2026 04:22:27 PM
6473A,N,O,04/07/2026 08:56:41 AM
6475B,N,O,04/07/2026 04:28:25 PM
6476A,N,O,04/07/2026 01:14:54 PM
6476B,N,O,04/07/2026 04:43:08 PM
6477A,N,O,04/07/2026 04:26:06 PM
6477B,N,O,04/07/2026 05:22:32 PM
6478A,N,O,04/07/2026 05:09:02 PM
6478B,N,O,04/07/2026 04:00:45 PM
6479A,N,O,04/07/2026 05:27:49 PM
6479B,N,O,04/07/2026 05:29:56 PM
6480A,N,O,04/07/2026 02:38:11 PM
6480B,N,O,04/07/2026 11:57:17 AM
6481A,N,O,04/07/2026 12:48:20 PM
6481B,N,O,04/07/2026 05:35:24 PM
6482A,N,O,04/07/2026 11:03:04 AM
6482B,N,O,04/07/2026 08:57:46 AM
6490A,N,O,04/07/2026 12:09:53 PM
6490B,N,O,04/07/2026 05:23:46 PM
6493B,N,V,04/07/2026 05:34:37 PM
6494B,N,O,04/07/2026 05:12:08 PM
6496A,N,O,04/07/2026 03:44:58 PM
6497A,N,O,04/07/2026 02:24:11 PM
6498A,N,O,04/07/2026 04:58:39 PM
6498B,N,O,04/07/2026 12:03:29 PM
6499A,N,O,04/07/2026 04:13:50 PM
6499B,N,O,04/07/2026 04:58:33 PM
64A,N,O,04/07/2026 05:07:36 PM
64B,N,O,04/07/2026 01:49:16 PM
6500A,N,O,04/07/2026 03:05:23 PM
6500B,N,O,04/07/2026 05:07:31 PM
6501A,N,O,04/07/2026 05:19:43 PM
6501B,N,O,04/07/2026 05:14:31 PM
6502A,N,O,04/07/2026 05:34:22 PM
6502B,N,O,04/07/2026 08:57:46 AM
6503A,N,O,04/07/2026 05:22:31 PM
6506A,N,O,04/07/2026 03:59:18 PM
6507B,N,V,04/07/2026 05:36:37 PM
6508B,N,V,04/07/2026 05:36:34 PM
6520A,N,V,04/07/2026 05:35:13 PM
6520B,N,O,04/07/2026 04:38:24 PM
6521A,N,O,04/07/2026 05:30:22 PM
6521B,N,V,04/07/2026 05:08:43 PM
6522A,N,O,04/07/2026 05:31:53 PM
6522B,N,O,04/07/2026 04:34:33 PM
6523A,N,O,04/07/2026 05:18:28 PM
6523B,N,O,04/07/2026 05:27:10 PM
6524A,N,O,04/07/2026 04:52:36 PM
6524B,N,V,04/07/2026 03:09:21 PM
6525A,N,V,04/07/2026 02:40:53 PM
6525B,N,V,04/07/2026 05:35:52 PM
6526A,N,O,04/07/2026 01:33:48 PM
6526B,N,O,04/07/2026 04:42:13 PM
6538A,N,O,04/07/2026 05:02:49 PM
6538B,N,O,04/07/2026 11:49:44 AM
6539A,N,O,04/07/2026 05:29:24 PM
6539B,N,O,04/07/2026 10:02:59 AM
6540A,N,O,04/07/2026 05:13:36 PM
6540B,N,O,04/07/2026 04:45:37 PM
6543A,N,O,04/07/2026 11:23:42 AM
6543B,N,O,04/07/2026 01:37:58 PM
6544A,N,O,04/07/2026 02:53:28 PM
6544B,N,O,04/07/2026 05:34:23 PM
6545A,N,O,04/07/2026 05:04:16 PM
6545B,N,O,04/07/2026 05:20:54 PM
6546A,N,O,04/07/2026 02:02:59 PM
6546B,N,O,04/07/2026 01:58:25 PM
6547A,N,O,04/07/2026 04:52:28 PM
6547B,N,O,04/07/2026 01:56:51 PM
6548A,N,O,04/07/2026 10:12:12 AM
6548B,N,O,04/07/2026 04:11:41 PM
6549A,N,O,04/07/2026 11:39:31 AM
6549B,N,O,04/07/2026 05:01:53 PM
6550A,N,O,04/07/2026 11:06:36 AM
6550B,N,O,04/07/2026 05:28:48 PM
6551A,N,O,04/07/2026 10:33:16 AM
6551B,N,O,04/07/2026 05:01:08 PM
6552A,N,O,04/07/2026 02:33:44 PM
6552B,N,O,04/07/2026 12:07:48 PM
6553B,N,O,04/07/2026 08:56:41 AM
6556A,N,O,04/07/2026 05:12:02 PM
6556B,N,O,04/07/2026 05:33:11 PM
6557A,N,O,04/07/2026 05:20:14 PM
6557B,N,O,04/07/2026 03:39:39 PM
6558A,N,O,04/07/2026 04:20:25 PM
6558B,N,O,04/07/2026 05:05:13 PM
6559A,N,O,04/07/2026 02:42:24 PM
6559B,N,O,04/07/2026 05:11:24 PM
6560A,N,O,04/07/2026 04:58:37 PM
6560B,N,O,04/07/2026 05:15:44 PM
6561A,N,O,04/07/2026 03:10:28 PM
6561B,N,V,04/07/2026 12:05:44 PM
6562A,N,O,04/07/2026 05:17:05 PM
6562B,N,O,04/07/2026 05:18:20 PM
6563A,N,O,04/07/2026 02:00:31 PM
6563B,N,O,04/07/2026 05:20:55 PM
6564B,N,O,04/07/2026 09:55:46 AM
6567B,N,O,04/07/2026 08:57:49 AM
6568A,N,V,04/07/2026 05:35:56 PM
6568B,N,O,04/07/2026 10:37:13 AM
6569A,N,O,04/07/2026 03:05:20 PM
6569B,N,O,04/07/2026 12:31:25 PM
6573A,N,O,04/07/2026 04:22:31 PM
6573B,N,O,04/07/2026 03:43:20 PM
6584A,N,O,04/07/2026 08:55:43 AM
6584B,N,O,04/07/2026 05:01:11 PM
6585A,N,O,04/07/2026 01:54:15 PM
6586A,N,O,04/07/2026 05:34:59 PM
6587A,N,O,04/07/2026 01:40:49 PM
6587B,N,O,04/07/2026 05:11:13 PM
6590A,N,O,04/07/2026 12:58:01 PM
6590B,N,O,04/07/2026 12:29:16 PM
6592A,N,O,04/07/2026 12:59:43 PM
6592B,N,O,04/07/2026 08:57:48 AM
6594A,N,O,04/07/2026 01:33:50 PM
6594B,N,O,04/07/2026 05:34:07 PM
6595A,N,O,04/07/2026 01:40:32 PM
6595B,N,O,04/07/2026 11:02:18 AM
6596A,N,O,04/07/2026 08:58:52 AM
6596B,N,O,04/07/2026 01:36:12 PM
6597A,N,O,04/07/2026 05:35:42 PM
6597B,N,O,04/07/2026 05:06:14 PM
6598A,N,O,04/07/2026 05:10:02 PM
6598B,N,O,04/07/2026 05:36:19 PM
65A,N,O,04/07/2026 04:19:43 PM
6600A,N,O,04/07/2026 04:59:05 PM
6601A,N,O,04/07/2026 02:05:16 PM
6601B,N,O,04/07/2026 04:38:05 PM
6602A,N,O,04/07/2026 10:24:55 AM
6602B,N,O,04/07/2026 03:16:38 PM
6603A,N,O,04/07/2026 08:56:45 AM
6603B,N,O,04/07/2026 08:56:41 AM
6604A,N,O,04/07/2026 03:21:24 PM
6604B,N,O,04/07/2026 04:44:49 PM
6605A,N,O,04/07/2026 02:51:58 PM
6605B,N,O,04/07/2026 05:07:03 PM
6606A,N,O,04/07/2026 01:50:36 PM
6606B,N,O,04/07/2026 02:17:09 PM
6607A,N,O,04/07/2026 04:59:03 PM
6607B,N,O,04/07/2026 04:38:13 PM
6608A,N,O,04/07/2026 01:15:50 PM
6608B,N,O,04/07/2026 04:04:55 PM
6609A,N,O,04/07/2026 05:32:10 PM
6609B,N,O,04/07/2026 12:11:53 PM
6610A,N,O,04/07/2026 03:22:46 PM
6610B,N,O,04/07/2026 04:58:46 PM
6611A,N,O,04/07/2026 11:31:53 AM
6611B,N,O,04/07/2026 05:17:43 PM
6617A,N,O,04/07/2026 04:48:49 PM
6617B,N,O,04/07/2026 01:21:07 PM
6618A,N,O,04/07/2026 01:37:11 PM
6618B,N,O,04/07/2026 08:56:54 AM
6619A,N,O,04/07/2026 08:55:45 AM
6619B,N,O,04/07/2026 04:22:12 PM
6620A,N,O,04/07/2026 04:20:33 PM
6620B,N,O,04/07/2026 04:49:23 PM
6621A,N,O,04/07/2026 03:02:47 PM
6621B,N,O,04/07/2026 02:23:29 PM
6622A,N,O,04/06/2026 07:07:04 PM
6622B,N,O,04/07/2026 03:33:25 PM
6623A,N,O,04/07/2026 05:12:36 PM
6623B,N,O,04/07/2026 03:08:55 PM
6624A,N,O,04/07/2026 02:00:12 PM
6624B,N,O,04/07/2026 05:30:37 PM
6625A,N,O,04/07/2026 02:20:40 PM
6625B,N,V,04/07/2026 05:34:41 PM
6626A,N,O,04/07/2026 04:45:06 PM
6626B,N,O,04/07/2026 04:46:57 PM
6627A,N,O,04/07/2026 04:23:40 PM
6627B,N,O,04/07/2026 02:58:55 PM
6628A,N,O,04/07/2026 01:44:15 PM
6628B,N,O,04/07/2026 02:55:30 PM
6629A,N,O,04/07/2026 04:52:37 PM
6629B,N,O,04/07/2026 01:03:23 PM
6635A,N,O,04/07/2026 08:59:51 AM
6635B,N,O,04/07/2026 04:42:21 PM
6636A,N,O,04/07/2026 08:58:44 AM
6636B,N,O,04/07/2026 08:58:44 AM
6637A,N,O,04/07/2026 12:10:34 PM
6637B,N,O,04/07/2026 03:35:22 PM
6638A,N,O,04/07/2026 02:16:26 PM
6640A,N,O,04/07/2026 05:18:56 PM
6640B,N,O,04/07/2026 11:14:04 AM
6641A,N,O,04/07/2026 04:45:57 PM
6641B,N,O,04/07/2026 12:39:14 PM
6642A,N,O,04/07/2026 02:54:16 PM
6643A,N,O,04/07/2026 12:40:08 PM
6643B,N,O,04/07/2026 05:22:41 PM
6644A,N,O,04/07/2026 05:34:36 PM
6646A,N,O,04/07/2026 08:58:48 AM
6646B,N,O,04/07/2026 02:43:54 PM
6647A,N,V,04/07/2026 05:32:21 PM
6647B,N,V,04/07/2026 05:31:53 PM
6648B,N,V,04/07/2026 05:34:17 PM
6649A,N,V,04/07/2026 05:35:06 PM
6649B,N,O,04/07/2026 05:33:41 PM
6650A,N,V,04/07/2026 05:34:51 PM
6650B,N,V,04/07/2026 04:43:15 PM
6651A,N,V,04/07/2026 05:36:03 PM
6651B,N,O,04/07/2026 05:12:48 PM
6653A,N,V,04/07/2026 05:32:55 PM
6653B,N,O,04/07/2026 03:52:13 PM
6654A,N,O,04/07/2026 04:27:06 PM
6654B,N,O,04/07/2026 01:45:25 PM
6655A,N,V,04/07/2026 05:34:45 PM
6656A,N,V,04/07/2026 05:31:04 PM
6656B,N,O,04/07/2026 05:33:33 PM
6657A,N,O,04/07/2026 05:10:46 PM
6658A,N,O,01/27/2026 09:42:47 PM
6659A,N,O,04/07/2026 05:28:49 PM
6660B,N,O,04/07/2026 05:04:59 PM
6661A,N,O,04/07/2026 08:58:41 AM
6670A,N,V,04/07/2026 05:34:53 PM
6671A,N,O,04/07/2026 04:11:35 PM
6671B,N,O,04/07/2026 12:23:47 PM
6672A,N,O,04/07/2026 05:03:33 PM
6672B,N,O,04/07/2026 05:05:26 PM
6673A,N,O,04/07/2026 03:31:10 PM
6673B,N,O,04/07/2026 08:56:49 AM
6674A,N,O,04/07/2026 04:56:35 PM
6674B,N,O,04/07/2026 08:55:38 AM
6680A,N,O,04/07/2026 05:05:58 PM
6680B,N,O,04/07/2026 11:04:26 AM
6681A,N,O,04/07/2026 04:53:03 PM
6686A,N,O,04/07/2026 04:09:26 PM
6686B,N,O,04/07/2026 09:03:55 AM
6687A,N,V,04/07/2026 05:36:32 PM
6687B,N,O,04/07/2026 05:36:39 PM
6688A,N,O,04/07/2026 05:35:47 PM
6688B,N,O,04/07/2026 05:35:44 PM
6689A,N,O,04/07/2026 05:32:36 PM
6689B,N,V,04/07/2026 05:35:32 PM
6690A,N,O,04/07/2026 08:59:45 AM
6690B,N,V,04/07/2026 05:32:14 PM
6691A,N,V,04/07/2026 12:29:58 PM
6692A,N,O,04/07/2026 02:55:18 PM
6692B,N,V,04/07/2026 03:25:33 PM
6694A,N,O,04/07/2026 05:09:41 PM
6694B,N,O,04/07/2026 08:55:50 AM
6695A,N,O,04/07/2026 05:28:27 PM
6695B,N,O,04/07/2026 05:33:03 PM
6696A,N,O,04/07/2026 05:00:26 PM
6696B,N,O,04/07/2026 05:06:13 PM
6697B,N,O,04/07/2026 05:34:34 PM
6698A,N,O,04/07/2026 08:56:45 AM
6698B,N,O,04/07/2026 05:10:43 PM
6699A,N,V,04/07/2026 05:12:53 PM
6699B,N,O,04/07/2026 05:34:58 PM
66A,N,O,04/07/2026 05:36:12 PM
66B,N,O,04/07/2026 05:31:48 PM
6700A,N,V,04/07/2026 05:35:10 PM
6700B,N,O,04/07/2026 02:08:18 PM
6701A,N,V,04/07/2026 05:11:52 PM
6701B,N,O,04/07/2026 02:05:48 PM
6702A,N,O,04/07/2026 02:33:27 PM
6704A,N,O,04/07/2026 05:35:55 PM
6704B,N,V,04/07/2026 05:19:36 PM
6705A,N,O,04/07/2026 05:35:49 PM
6705B,N,V,04/07/2026 04:06:00 PM
6706A,N,O,04/07/2026 05:36:02 PM
6706B,N,V,04/07/2026 05:32:51 PM
6707A,N,V,04/07/2026 05:01:14 PM
6707B,N,O,04/07/2026 05:26:30 PM
6710A,N,V,04/07/2026 05:12:18 PM
6710B,N,O,04/07/2026 05:36:04 PM
6711A,N,V,04/07/2026 05:34:18 PM
6711B,N,V,04/07/2026 09:27:30 AM
6712A,N,O,04/07/2026 04:58:02 PM
6712B,N,O,04/07/2026 05:35:46 PM
6713A,N,V,04/07/2026 05:27:15 PM
6713B,N,V,04/07/2026 05:25:50 PM
6714B,N,V,04/07/2026 05:34:06 PM
6715A,N,O,04/07/2026 05:33:07 PM
6715B,N,O,04/07/2026 05:29:08 PM
6716A,N,V,04/07/2026 01:59:13 PM
6716B,N,O,04/07/2026 05:02:56 PM
6717B,N,O,04/07/2026 08:57:51 AM
6718A,N,O,04/07/2026 08:56:46 AM
6720A,N,O,04/07/2026 02:39:10 PM
6721A,N,O,04/07/2026 10:20:14 AM
6721B,N,O,04/07/2026 10:06:15 AM
6722A,N,V,04/07/2026 05:22:18 PM
6722B,N,O,04/07/2026 04:57:03 PM
6723A,N,O,04/07/2026 05:27:32 PM
6723B,N,O,04/07/2026 03:10:08 PM
6726B,N,O,04/07/2026 01:22:21 PM
6727B,N,O,04/07/2026 08:57:44 AM
6728A,N,O,04/07/2026 05:24:45 PM
6728B,N,O,04/07/2026 08:56:46 AM
672A,N,O,04/07/2026 04:40:28 PM
672B,N,O,04/07/2026 03:31:51 PM
6730A,N,V,04/07/2026 05:36:20 PM
6730B,N,V,04/07/2026 05:05:48 PM
6731A,N,O,04/07/2026 05:06:07 PM
6731B,N,V,04/07/2026 03:07:11 PM
6734A,N,O,04/07/2026 03:17:06 PM
6734B,N,O,04/07/2026 03:19:55 PM
6735A,N,O,04/07/2026 04:59:12 PM
6735B,N,O,04/07/2026 05:36:03 PM
6736A,N,O,04/07/2026 04:24:37 PM
6736B,N,O,04/07/2026 04:59:13 PM
6737B,N,O,04/07/2026 10:00:41 AM
6738A,N,O,04/07/2026 05:26:30 PM
6738B,N,O,04/07/2026 08:56:52 AM
6739A,N,O,04/07/2026 04:53:46 PM
6739B,N,O,04/07/2026 03:59:19 PM
673A,N,O,04/07/2026 04:51:42 PM
673B,N,O,04/07/2026 04:51:59 PM
6741A,N,V,04/07/2026 05:33:02 PM
6741B,N,O,04/07/2026 04:33:15 PM
6742A,N,O,04/07/2026 05:32:10 PM
6742B,N,O,04/07/2026 05:27:26 PM
6743A,N,O,04/07/2026 02:07:40 PM
6743B,N,O,04/07/2026 03:43:30 PM
6744A,N,O,04/07/2026 12:20:27 PM
6744B,N,O,04/07/2026 05:34:44 PM
6745A,N,O,04/07/2026 05:17:44 PM
6745B,N,O,04/07/2026 02:52:09 PM
6746A,N,O,04/07/2026 11:31:06 AM
6746B,N,V,04/07/2026 05:32:37 PM
6747A,N,O,04/07/2026 05:30:27 PM
6747B,N,O,04/07/2026 04:03:45 PM
6748A,N,O,04/07/2026 05:31:13 PM
6748B,N,O,04/07/2026 04:26:18 PM
6749A,N,V,04/07/2026 05:35:38 PM
6749B,N,O,04/07/2026 03:42:27 PM
674A,N,O,04/07/2026 04:08:44 PM
674B,N,O,04/07/2026 04:58:19 PM
6750A,N,O,04/07/2026 08:59:46 AM
6750B,N,O,04/07/2026 05:11:37 PM
6751A,N,O,04/07/2026 08:58:46 AM
6751B,N,O,04/07/2026 05:22:44 PM
6752A,N,O,04/07/2026 03:51:17 PM
6752B,N,O,04/07/2026 08:57:50 AM
6754A,N,O,04/07/2026 12:53:55 PM
6754B,N,O,04/07/2026 05:30:52 PM
6755A,N,O,04/07/2026 05:14:43 PM
6755B,N,O,04/07/2026 05:35:27 PM
6756B,N,O,04/07/2026 05:04:27 PM
6757A,N,O,04/07/2026 05:07:02 PM
6757B,N,O,04/07/2026 05:20:09 PM
6758A,N,O,04/07/2026 05:29:44 PM
6758B,N,O,04/07/2026 05:12:38 PM
675A,N,V,04/07/2026 05:32:18 PM
675B,N,O,04/07/2026 05:29:35 PM
6761A,N,V,04/07/2026 01:02:16 PM
6761B,N,O,04/07/2026 08:58:51 AM
6762A,N,O,04/07/2026 01:10:39 PM
6762B,N,O,04/07/2026 04:35:43 PM
6763A,N,O,04/07/2026 05:24:28 PM
6763B,N,O,04/07/2026 02:45:59 PM
6764A,N,V,04/07/2026 05:28:37 PM
6764B,N,O,04/07/2026 05:18:14 PM
6766A,N,O,04/07/2026 05:01:57 PM
6766B,N,O,04/07/2026 05:13:31 PM
6767A,N,O,04/07/2026 03:41:13 PM
6767B,N,O,04/07/2026 03:36:34 PM
6768A,N,O,04/07/2026 03:35:00 PM
6768B,N,O,04/07/2026 03:39:29 PM
6769A,N,O,04/07/2026 04:55:26 PM
6769B,N,O,04/07/2026 04:59:15 PM
676B,N,O,04/07/2026 03:27:14 PM
6770A,N,O,04/07/2026 05:31:05 PM
6770B,N,O,04/07/2026 04:22:03 PM
6777A,N,O,04/07/2026 05:26:35 PM
6777B,N,O,04/07/2026 03:50:30 PM
6778A,N,O,04/07/2026 05:20:15 PM
6778B,N,O,04/07/2026 05:13:23 PM
6779A,N,O,04/07/2026 04:38:59 PM
6779B,N,O,04/07/2026 05:11:44 PM
677A,N,O,04/07/2026 12:20:25 PM
677B,N,O,04/07/2026 05:18:26 PM
6780A,N,O,04/07/2026 05:25:16 PM
6780B,N,V,04/07/2026 05:35:35 PM
6781A,N,O,04/07/2026 05:28:15 PM
6781B,N,O,04/07/2026 05:31:19 PM
6782A,N,O,04/07/2026 03:38:23 PM
6782B,N,O,04/07/2026 04:55:05 PM
6783A,N,O,04/07/2026 05:03:44 PM
6783B,N,O,04/07/2026 05:29:32 PM
6784A,N,O,04/07/2026 05:36:36 PM
6784B,N,O,04/07/2026 05:31:35 PM
6785A,N,O,04/07/2026 05:32:06 PM
6785B,N,O,04/07/2026 04:11:58 PM
6786A,N,O,04/07/2026 02:41:30 PM
6786B,N,O,04/07/2026 04:55:19 PM
678A,N,O,04/07/2026 05:28:46 PM
678B,N,O,04/07/2026 04:34:13 PM
6792A,N,V,04/07/2026 05:14:07 PM
6792B,N,O,04/07/2026 08:57:45 AM
6794A,N,O,04/07/2026 08:56:43 AM
6794B,N,O,04/07/2026 05:29:34 PM
6795A,N,O,04/07/2026 04:42:22 PM
6795B,N,O,04/07/2026 04:43:25 PM
6796A,N,O,04/07/2026 08:58:46 AM
6796B,N,O,04/07/2026 02:39:39 PM
6797A,N,O,04/07/2026 05:28:45 PM
6797B,N,O,04/07/2026 04:23:52 PM
6798A,N,O,04/07/2026 05:15:02 PM
6798B,N,O,04/07/2026 05:35:06 PM
679A,N,O,04/07/2026 04:14:43 PM
679B,N,O,04/07/2026 04:14:39 PM
67A,N,O,04/07/2026 05:36:45 PM
6800A,N,O,04/07/2026 03:54:47 PM
6800B,N,O,04/07/2026 08:59:53 AM
6801A,N,O,04/07/2026 05:21:26 PM
6801B,N,O,04/07/2026 05:22:39 PM
6804A,N,O,01/17/2026 04:50:47 PM
6804B,N,O,04/07/2026 03:47:21 PM
6805A,N,V,04/07/2026 05:35:02 PM
6805B,N,O,04/07/2026 05:10:00 PM
6806A,N,V,04/07/2026 05:36:12 PM
6806B,N,O,04/07/2026 08:58:44 AM
6807A,N,O,04/07/2026 02:39:06 PM
6807B,N,O,04/07/2026 04:53:34 PM
6808A,N,O,04/07/2026 04:44:52 PM
6808B,N,O,04/07/2026 04:17:56 PM
6809A,N,O,04/07/2026 05:15:37 PM
6809B,N,O,04/07/2026 05:13:34 PM
680A,N,O,04/07/2026 05:18:12 PM
680B,N,O,04/07/2026 03:07:20 PM
6810A,N,O,04/07/2026 05:24:02 PM
6810B,N,O,04/07/2026 03:36:39 PM
6811A,N,O,04/07/2026 12:08:47 PM
6811B,N,O,04/07/2026 11:43:19 AM
6812B,N,O,04/07/2026 05:36:05 PM
6813A,N,O,04/07/2026 05:21:12 PM
6813B,N,O,04/07/2026 01:10:12 PM
6814B,N,O,04/07/2026 05:06:51 PM
6815A,N,O,04/07/2026 04:45:48 PM
6815B,N,O,04/07/2026 05:18:32 PM
681A,N,O,04/07/2026 05:11:56 PM
681B,N,V,04/07/2026 05:28:05 PM
6820A,N,O,04/07/2026 04:50:53 PM
6820B,N,O,04/07/2026 03:15:55 PM
6822A,N,O,04/07/2026 05:36:02 PM
6822B,N,O,04/07/2026 05:35:47 PM
6823A,N,O,04/07/2026 04:23:12 PM
6823B,N,O,04/07/2026 03:29:10 PM
6824A,N,O,04/07/2026 03:16:53 PM
6824B,N,O,04/07/2026 05:33:38 PM
6825A,N,O,04/07/2026 05:35:56 PM
6825B,N,O,04/07/2026 04:08:11 PM
6826A,N,O,04/07/2026 03:47:47 PM
6828A,N,O,04/07/2026 05:12:02 PM
6828B,N,O,04/07/2026 08:56:44 AM
6829A,N,V,04/07/2026 05:36:01 PM
6829B,N,O,04/07/2026 04:01:58 PM
682A,N,O,04/07/2026 03:14:32 PM
682B,N,V,04/07/2026 04:14:13 PM
6830A,N,O,04/07/2026 03:21:05 PM
6830B,N,V,04/07/2026 05:27:32 PM
6831A,N,O,04/07/2026 08:58:46 AM
6831B,N,O,04/07/2026 04:36:32 PM
6832A,N,O,04/07/2026 02:12:17 PM
6832B,N,O,04/07/2026 11:24:19 AM
6833A,N,V,04/07/2026 05:35:35 PM
6833B,N,O,04/07/2026 04:51:45 PM
6834A,N,O,04/07/2026 11:43:29 AM
6834B,N,O,04/07/2026 04:48:14 PM
6835A,N,O,04/07/2026 02:28:43 PM
6835B,N,V,04/07/2026 05:30:30 PM
6836A,N,O,04/07/2026 08:59:00 AM
6836B,N,O,04/07/2026 04:36:38 PM
6838A,N,O,04/07/2026 05:24:29 PM
6838B,N,O,04/07/2026 05:01:38 PM
6839A,N,O,04/07/2026 04:12:28 PM
6839B,N,O,04/07/2026 08:47:55 AM
683A,N,O,04/07/2026 04:48:36 PM
683B,N,O,04/07/2026 05:08:27 PM
6840A,N,V,04/07/2026 05:31:14 PM
6840B,N,O,04/07/2026 03:08:11 PM
6841A,N,O,04/07/2026 08:59:31 AM
6841B,N,O,04/07/2026 03:07:33 PM
6842A,N,O,04/07/2026 05:28:03 PM
6842B,N,O,04/07/2026 05:17:23 PM
6843A,N,O,04/07/2026 02:48:53 PM
6843B,N,O,04/07/2026 04:33:13 PM
684A,N,O,04/07/2026 05:01:30 PM
684B,N,O,04/07/2026 03:15:13 PM
685A,N,O,04/07/2026 04:18:00 PM
685B,N,O,04/07/2026 01:46:54 PM
6861A,N,O,04/07/2026 08:58:48 AM
6861B,N,V,04/07/2026 04:32:43 PM
6862A,N,O,04/07/2026 03:53:35 PM
6862B,N,O,04/07/2026 08:57:47 AM
6863A,N,O,04/07/2026 08:56:52 AM
6863B,N,V,04/07/2026 05:30:30 PM
6864A,N,O,04/07/2026 01:21:36 PM
6864B,N,O,04/07/2026 08:55:56 AM
6865A,N,O,04/07/2026 08:59:53 AM
6865B,N,O,04/07/2026 05:01:26 PM
6866A,N,O,04/07/2026 12:05:43 PM
6866B,N,O,04/07/2026 05:34:09 PM
6867A,N,O,04/07/2026 04:52:31 PM
6867B,N,O,04/07/2026 04:53:04 PM
6868A,N,O,04/07/2026 08:56:43 AM
6868B,N,O,04/07/2026 03:36:22 PM
6869A,N,O,04/07/2026 12:23:48 PM
6869B,N,O,04/07/2026 04:45:15 PM
686A,N,O,04/07/2026 08:58:44 AM
686B,N,O,04/07/2026 08:58:44 AM
6870A,N,V,04/07/2026 05:31:58 PM
6870B,N,V,04/07/2026 05:29:11 PM
6871A,N,O,04/07/2026 04:34:41 PM
6871B,N,O,04/07/2026 02:55:43 PM
687A,N,O,04/07/2026 05:04:45 PM
687B,N,O,04/07/2026 05:29:28 PM
6881A,N,O,04/07/2026 03:14:38 PM
6881B,N,V,04/07/2026 05:34:50 PM
6882A,N,V,04/07/2026 05:26:00 PM
6882B,N,O,04/07/2026 05:01:21 PM
6883A,N,O,04/07/2026 04:27:51 PM
6884A,N,V,04/07/2026 04:59:29 PM
6884B,N,O,04/07/2026 09:55:52 AM
6885A,N,O,04/07/2026 04:29:05 PM
6885B,N,O,04/07/2026 04:16:53 PM
6886B,N,O,04/07/2026 12:26:20 PM
6888A,N,O,04/07/2026 03:48:16 PM
6888B,N,O,04/07/2026 08:56:45 AM
6889A,N,O,04/07/2026 05:28:46 PM
6889B,N,O,04/07/2026 04:42:11 PM
688A,N,O,04/07/2026 11:03:06 AM
688B,N,O,04/07/2026 05:21:18 PM
6890A,NU,O,04/07/2026 04:38:30 PM
6890B,NU,O,04/07/2026 03:54:21 PM
6891A,N,O,04/07/2026 05:05:13 PM
6891B,N,O,04/07/2026 03:58:52 PM
6892A,N,O,04/07/2026 03:52:45 PM
689A,N,O,04/07/2026 05:22:46 PM
689B,N,O,04/07/2026 05:24:23 PM
690A,N,V,04/07/2026 03:30:26 PM
690B,N,V,04/07/2026 05:22:09 PM
6918A,N,O,04/07/2026 04:04:46 PM
6918B,N,V,04/07/2026 05:36:34 PM
6919A,N,V,04/07/2026 05:36:30 PM
6919B,N,O,04/07/2026 04:22:00 PM
691A,N,O,04/07/2026 04:50:14 PM
691B,N,O,04/07/2026 04:50:21 PM
6920A,N,O,04/07/2026 03:20:42 PM
6920B,N,O,04/07/2026 12:46:49 PM
6921A,N,O,04/07/2026 04:33:05 PM
6921B,N,O,04/07/2026 05:09:21 PM
6922A,N,O,04/07/2026 05:00:15 PM
6922B,N,O,04/07/2026 05:15:06 PM
6923A,N,O,04/07/2026 05:32:13 PM
6923B,N,O,04/07/2026 05:22:09 PM
6924B,N,O,04/07/2026 08:55:44 AM
692A,N,O,04/07/2026 04:43:20 PM
692B,N,O,04/07/2026 04:39:52 PM
6930B,N,O,04/07/2026 01:46:24 PM
6931A,N,V,04/07/2026 04:11:39 PM
6931B,N,O,04/07/2026 10:52:05 AM
6932A,N,O,04/07/2026 05:24:29 PM
6932B,N,O,04/07/2026 04:50:18 PM
6933A,N,O,04/07/2026 12:55:08 PM
6933B,N,O,04/07/2026 04:34:58 PM
6934A,N,O,04/07/2026 04:25:29 PM
6934B,N,O,04/07/2026 05:29:24 PM
6935A,N,V,04/07/2026 05:36:38 PM
6935B,N,O,04/07/2026 01:22:29 PM
6936A,N,O,04/07/2026 04:34:34 PM
6936B,N,O,04/07/2026 05:34:28 PM
6937A,N,O,04/07/2026 09:55:34 AM
6937B,N,O,04/07/2026 08:57:52 AM
6938A,N,O,04/07/2026 02:55:59 PM
6939A,N,O,04/07/2026 05:30:25 PM
6939B,N,O,04/07/2026 05:32:12 PM
693A,N,O,04/07/2026 04:48:49 PM
693B,N,V,04/07/2026 05:35:50 PM
6940A,N,O,04/07/2026 05:00:33 PM
6940B,N,O,04/07/2026 09:32:32 AM
6941A,N,O,04/07/2026 04:13:30 PM
6941B,N,O,04/07/2026 04:23:40 PM
6942A,N,O,04/07/2026 05:28:42 PM
6942B,N,O,04/07/2026 04:06:22 PM
6943A,N,O,04/07/2026 05:07:22 PM
6943B,N,V,04/07/2026 05:36:27 PM
6944A,N,O,04/07/2026 05:16:02 PM
6945A,N,O,04/07/2026 03:55:06 PM
6945B,N,O,04/07/2026 03:35:36 PM
6946A,N,O,04/07/2026 11:56:21 AM
6946B,N,O,04/07/2026 08:58:47 AM
6947A,N,O,04/07/2026 04:02:19 PM
6947B,N,O,04/07/2026 08:57:41 AM
6948A,N,O,04/07/2026 02:18:29 PM
6948B,N,O,04/07/2026 03:35:16 PM
6949A,N,O,04/07/2026 08:55:52 AM
6949B,N,O,04/07/2026 01:10:52 PM
694A,N,O,04/07/2026 02:51:02 PM
694B,N,O,04/07/2026 04:05:08 PM
6950A,N,O,04/07/2026 05:22:02 PM
6950B,N,O,04/07/2026 01:18:53 PM
6951A,N,O,04/07/2026 02:28:27 PM
6951B,N,V,04/07/2026 05:33:35 PM
6952A,N,V,04/07/2026 05:28:04 PM
6954A,N,O,04/07/2026 04:50:06 PM
6954B,N,V,04/07/2026 05:25:05 PM
6955A,N,O,04/07/2026 03:57:48 PM
6955B,N,O,04/07/2026 05:31:31 PM
6956A,N,O,04/07/2026 05:08:09 PM
6956B,N,O,04/07/2026 04:35:11 PM
6957A,N,V,04/07/2026 10:38:12 AM
6957B,N,O,04/07/2026 04:19:48 PM
6958A,N,O,04/07/2026 12:13:34 PM
6958B,N,V,04/07/2026 05:29:32 PM
6959A,N,V,04/07/2026 05:31:42 PM
6959B,N,O,04/07/2026 09:55:50 AM
695A,N,O,04/07/2026 05:10:58 PM
695B,N,V,04/07/2026 05:22:54 PM
696A,N,O,04/07/2026 04:02:54 PM
696B,N,V,04/07/2026 04:39:11 PM
697A,N,O,04/07/2026 04:56:51 PM
697B,N,O,04/07/2026 05:20:31 PM
6980B,N,O,04/07/2026 03:19:11 PM
6981A,N,O,04/07/2026 01:23:29 PM
6981B,N,O,04/07/2026 01:55:18 PM
6984A,N,O,04/07/2026 02:25:34 PM
6984B,N,O,04/07/2026 05:32:07 PM
6985A,N,O,04/07/2026 11:49:38 AM
6985B,N,O,04/07/2026 05:00:22 PM
6986A,N,O,04/07/2026 08:58:44 AM
698A,N,V,04/07/2026 05:21:52 PM
698B,N,V,04/07/2026 05:26:05 PM
699A,N,O,04/07/2026 04:04:36 PM
699B,N,O,04/07/2026 12:22:04 PM
6B,N,O,04/07/2026 05:02:13 PM
7009A,N,O,04/07/2026 05:34:27 PM
7009B,N,O,04/07/2026 04:38:53 PM
700B,N,V,01/12/2026 11:56:44 PM
7010A,N,O,04/07/2026 05:25:18 PM
7010B,N,O,04/07/2026 05:09:07 PM
7011A,N,O,04/07/2026 08:58:44 AM
7011B,N,O,04/07/2026 02:31:28 PM
7012A,N,O,04/07/2026 04:13:55 PM
7012B,N,V,04/07/2026 05:33:59 PM
7013A,N,O,04/07/2026 03:43:12 PM
7013B,N,O,04/07/2026 12:38:59 PM
7014A,N,O,04/07/2026 02:38:51 PM
7014B,N,O,04/07/2026 10:02:14 AM
701A,N,O,04/07/2026 08:58:48 AM
702A,N,O,04/07/2026 12:07:58 PM
702B,N,O,04/07/2026 03:05:24 PM
7032A,N,O,04/07/2026 05:08:44 PM
7033A,N,O,04/07/2026 03:43:07 PM
7033B,N,O,04/07/2026 05:08:32 PM
7034B,N,O,04/07/2026 05:19:05 PM
703A,N,O,04/07/2026 12:20:12 PM
703B,N,O,04/06/2026 06:58:42 PM
7043A,N,O,04/07/2026 04:12:25 PM
7044A,N,O,04/07/2026 04:28:46 PM
7044B,N,O,04/07/2026 04:24:39 PM
7045A,N,O,04/07/2026 05:05:50 PM
7045B,N,O,04/07/2026 05:15:50 PM
7046A,N,O,04/07/2026 04:08:33 PM
7046B,N,O,04/07/2026 04:53:50 PM
7047A,N,O,04/07/2026 05:14:31 PM
7047B,N,O,04/07/2026 05:02:26 PM
7048A,N,O,04/07/2026 08:56:44 AM
7048B,N,O,04/07/2026 01:10:47 PM
7049A,N,O,04/07/2026 10:43:39 AM
7049B,N,O,04/07/2026 04:55:57 PM
7050A,N,O,04/07/2026 03:35:03 PM
7050B,N,V,04/07/2026 05:32:18 PM
7051A,N,O,04/07/2026 05:15:14 PM
7051B,N,O,04/07/2026 05:24:19 PM
7052A,N,O,04/07/2026 04:24:11 PM
7052B,N,O,04/07/2026 10:49:04 AM
7053A,N,O,04/07/2026 10:22:33 AM
7053B,N,O,04/06/2026 08:56:43 AM
7054A,N,O,04/07/2026 02:20:09 PM
7054B,N,O,04/07/2026 03:53:56 PM
7055A,N,O,04/07/2026 02:06:36 PM
7055B,N,O,04/07/2026 04:09:18 PM
7056A,N,O,04/07/2026 05:02:08 PM
7056B,N,O,04/07/2026 05:16:46 PM
7057A,N,O,04/07/2026 08:57:41 AM
7057B,N,V,04/07/2026 03:23:22 PM
7067A,N,O,04/07/2026 11:09:15 AM
7067B,N,O,04/07/2026 05:31:40 PM
7068A,N,O,04/07/2026 04:57:40 PM
7068B,N,O,04/07/2026 02:16:48 PM
7069A,N,O,04/07/2026 10:22:49 AM
7069B,N,O,04/07/2026 08:55:50 AM
7070A,N,O,04/07/2026 05:28:23 PM
7070B,N,O,04/07/2026 05:10:25 PM
7071B,N,O,04/07/2026 05:27:17 PM
7072B,N,O,04/07/2026 08:57:39 AM
7073B,N,O,04/07/2026 05:12:56 PM
7074B,N,O,04/07/2026 03:51:52 PM
7075A,N,O,04/07/2026 02:37:50 PM
7083A,N,O,04/07/2026 03:51:07 PM
7083B,N,O,04/07/2026 03:52:45 PM
7084A,N,O,04/07/2026 04:49:13 PM
7084B,N,O,04/07/2026 01:50:41 PM
7085A,N,O,04/07/2026 05:33:07 PM
7085B,N,O,04/07/2026 04:05:12 PM
7086A,N,O,08/05/2025 01:23:48 PM
7086B,N,O,04/07/2026 04:42:50 PM
7087A,N,V,04/07/2026 05:35:53 PM
7087B,N,O,04/07/2026 10:04:44 AM
7088A,N,O,04/07/2026 05:18:04 PM
7088B,N,O,04/07/2026 08:56:52 AM
7095B,N,O,04/07/2026 05:28:03 PM
7096A,N,O,04/07/2026 10:29:10 AM
7096B,N,O,04/07/2026 10:29:10 AM
70A,N,O,04/07/2026 02:30:36 PM
70B,N,O,04/07/2026 05:08:03 PM
7103A,N,O,04/07/2026 10:25:39 AM
7103B,N,O,04/07/2026 11:57:07 AM
7104A,N,O,04/06/2026 08:55:52 AM
7104B,N,O,04/07/2026 03:06:15 PM
7105A,N,O,04/07/2026 10:21:54 AM
7105B,N,O,04/07/2026 04:41:31 PM
7106A,N,O,04/07/2026 10:14:10 AM
7106B,N,O,04/07/2026 08:58:45 AM
7111A,N,O,04/07/2026 04:27:47 PM
7112A,N,O,04/07/2026 08:57:51 AM
7112B,N,O,04/07/2026 01:52:59 PM
7113A,N,O,04/07/2026 03:32:21 PM
7113B,N,O,04/07/2026 01:28:05 PM
7114A,N,O,04/07/2026 12:49:26 PM
7114B,N,O,04/07/2026 02:58:00 PM
7116A,N,O,04/05/2026 10:28:41 AM
7116B,N,O,04/07/2026 10:28:49 AM
7117A,N,O,04/07/2026 10:27:51 AM
7117B,N,O,04/07/2026 10:27:54 AM
7118A,N,O,04/07/2026 10:26:54 AM
7118B,N,O,04/07/2026 10:26:46 AM
7119A,N,O,04/07/2026 10:35:37 AM
7119B,N,O,04/07/2026 05:22:40 PM
711A,N,O,04/07/2026 05:18:12 PM
711B,N,V,04/07/2026 05:18:12 PM
7120A,N,O,04/07/2026 10:29:53 AM
7121A,N,V,04/07/2026 05:33:13 PM
7122A,N,O,04/07/2026 04:47:33 PM
7122B,N,V,04/07/2026 04:47:14 PM
7123A,N,O,04/07/2026 12:44:59 PM
7123B,N,O,04/07/2026 05:12:40 PM
7124A,N,O,04/07/2026 04:13:46 PM
7124B,N,O,04/07/2026 12:48:21 PM
7125A,N,O,04/07/2026 02:41:18 PM
7125B,N,V,04/07/2026 05:35:12 PM
7126A,N,O,04/07/2026 04:08:03 PM
7126B,N,O,04/07/2026 01:59:49 PM
7127A,N,O,04/06/2026 08:57:39 AM
7127B,N,O,04/07/2026 12:25:32 PM
7128A,N,O,04/07/2026 02:52:34 PM
7128B,N,O,04/07/2026 03:49:49 PM
7129A,N,V,04/07/2026 05:22:47 PM
7129B,N,O,04/07/2026 04:36:23 PM
712A,N,V,04/07/2026 05:36:04 PM
712B,N,O,04/07/2026 11:05:21 AM
7130A,N,V,04/07/2026 05:23:05 PM
7130B,N,O,04/07/2026 05:32:19 PM
7131A,N,O,04/07/2026 05:25:19 PM
7131B,N,O,04/07/2026 05:30:02 PM
7132B,N,V,04/07/2026 04:28:33 PM
7133A,N,O,04/07/2026 04:56:48 PM
7133B,N,O,04/07/2026 05:36:33 PM
7134A,N,O,04/07/2026 11:20:50 AM
7134B,N,O,04/07/2026 05:15:13 PM
7135A,N,O,04/07/2026 05:21:26 PM
7135B,N,O,04/07/2026 02:49:52 PM
7136A,N,O,04/07/2026 05:11:02 PM
7136B,N,O,04/07/2026 04:57:12 PM
7137A,N,V,04/07/2026 05:29:02 PM
7137B,N,O,04/07/2026 08:57:41 AM
7138A,N,O,04/07/2026 02:09:54 PM
7179A,N,O,04/07/2026 05:33:55 PM
7179B,N,V,04/07/2026 05:24:39 PM
7180A,N,O,04/07/2026 03:35:00 PM
7180B,N,O,04/07/2026 12:54:02 PM
7181A,N,O,04/07/2026 09:59:08 AM
7181B,N,V,04/07/2026 04:35:10 PM
7182A,N,O,04/07/2026 05:30:47 PM
7182B,N,O,04/07/2026 01:11:30 PM
7183A,N,O,04/07/2026 03:07:05 PM
7183B,N,O,04/07/2026 09:56:58 AM
718A,N,O,04/07/2026 02:23:37 PM
718B,N,O,04/07/2026 05:24:08 PM
7191A,N,O,04/07/2026 08:58:43 AM
7191B,N,O,04/07/2026 01:14:27 PM
7192A,N,O,04/07/2026 02:22:09 PM
7192B,N,O,04/07/2026 03:17:24 PM
7193A,N,O,04/07/2026 03:49:25 PM
7193B,N,O,04/07/2026 12:21:45 PM
7194A,N,O,04/07/2026 04:10:11 PM
7194B,N,O,04/07/2026 03:19:09 PM
7195A,N,O,04/07/2026 02:14:46 PM
7195B,N,O,04/07/2026 03:59:58 PM
7196A,N,O,04/07/2026 04:00:19 PM
7196B,N,O,04/07/2026 04:57:34 PM
719A,N,O,04/07/2026 05:36:22 PM
719B,N,O,04/07/2026 05:36:41 PM
71A,N,O,04/07/2026 04:09:18 PM
71B,N,O,04/07/2026 01:58:43 PM
7213B,N,O,04/07/2026 03:25:22 PM
7214A,N,O,04/07/2026 01:45:59 PM
7214B,N,O,04/07/2026 08:55:57 AM
7215A,NU,O,04/07/2026 02:32:43 PM
7215B,NU,O,04/07/2026 12:09:44 PM
7216A,N,O,04/07/2026 04:47:13 PM
7216B,N,O,04/07/2026 04:50:26 PM
7217A,N,O,04/07/2026 03:03:15 PM
7217B,N,O,04/07/2026 03:38:25 PM
7218A,N,O,04/07/2026 04:02:06 PM
721A,N,O,04/07/2026 04:59:17 PM
721B,N,O,04/07/2026 12:11:18 PM
7222A,N,O,04/07/2026 11:55:02 AM
7222B,N,O,04/07/2026 08:57:49 AM
7223A,N,O,09/26/2025 08:08:09 AM
7223B,N,O,04/07/2026 03:12:26 PM
7224A,N,O,04/07/2026 05:17:34 PM
7226A,N,O,04/07/2026 05:13:15 PM
7226B,N,O,04/07/2026 05:22:18 PM
7227A,N,O,04/07/2026 05:35:46 PM
7227B,N,V,04/07/2026 04:37:10 PM
7228B,N,O,04/07/2026 03:43:46 PM
7229A,N,O,04/07/2026 03:21:43 PM
7229B,N,O,04/07/2026 05:21:21 PM
7230A,N,O,04/07/2026 05:06:50 PM
7230B,N,O,04/07/2026 03:11:29 PM
7231A,N,O,04/07/2026 05:36:14 PM
7231B,N,O,04/07/2026 01:35:58 PM
7232A,N,V,04/07/2026 05:36:33 PM
7232B,N,O,04/07/2026 05:36:28 PM
7233A,N,V,04/07/2026 05:36:16 PM
7233B,N,O,04/07/2026 05:32:35 PM
7234A,N,V,04/07/2026 05:33:31 PM
7234B,N,O,04/06/2026 08:50:09 PM
7235A,N,O,04/07/2026 08:59:52 AM
7235B,N,O,04/07/2026 08:59:52 AM
7236B,N,O,04/07/2026 08:58:47 AM
724A,N,O,04/07/2026 01:03:39 PM
724B,N,O,04/07/2026 05:32:56 PM
725A,N,V,04/07/2026 05:36:05 PM
725B,N,O,04/07/2026 03:23:08 PM
726A,N,O,04/07/2026 05:16:54 PM
726B,N,O,04/07/2026 02:07:19 PM
72A,N,O,04/07/2026 05:03:13 PM
72B,N,O,04/07/2026 05:34:10 PM
730A,N,V,04/07/2026 05:25:11 PM
730B,N,O,04/07/2026 12:25:49 PM
731A,NU,O,04/07/2026 11:20:57 AM
731B,NU,O,04/07/2026 08:58:43 AM
7321A,N,O,04/07/2026 04:56:49 PM
7322A,N,O,04/07/2026 11:39:32 AM
7322B,N,O,04/07/2026 05:05:14 PM
7323A,N,O,04/07/2026 08:56:50 AM
7323B,N,O,04/07/2026 08:56:50 AM
7326A,NU,O,04/07/2026 11:27:52 AM
7326B,NU,O,04/07/2026 08:58:44 AM
7327B,N,O,04/07/2026 11:27:55 AM
7329A,N,O,04/07/2026 04:11:12 PM
7329B,N,O,04/07/2026 04:48:24 PM
732A,N,O,04/07/2026 11:48:53 AM
732B,N,O,04/07/2026 08:57:45 AM
7330A,N,O,04/07/2026 09:59:52 AM
7330B,N,O,04/07/2026 05:13:58 PM
733A,N,O,04/07/2026 08:56:51 AM
733B,N,O,04/07/2026 10:27:12 AM
734A,N,O,04/07/2026 08:55:46 AM
734B,N,O,04/07/2026 01:25:14 PM
735A,N,O,04/07/2026 08:59:45 AM
7361A,N,O,04/07/2026 08:58:45 AM
7361B,N,O,04/06/2026 08:58:43 AM
7362A,N,O,04/07/2026 08:57:40 AM
7363A,N,O,04/07/2026 08:56:43 AM
7363B,N,O,04/07/2026 08:56:47 AM
7364A,N,O,04/07/2026 08:55:54 AM
7364B,N,O,04/07/2026 08:55:37 AM
7365A,N,O,04/07/2026 04:48:56 PM
7365B,N,O,04/07/2026 10:57:19 AM
7366A,N,O,04/07/2026 08:58:47 AM
7366B,N,O,04/07/2026 08:58:47 AM
7367A,N,O,04/07/2026 08:57:45 AM
7367B,N,O,04/07/2026 08:57:38 AM
7368A,N,O,04/07/2026 08:56:52 AM
7368B,N,O,04/07/2026 02:52:49 PM
7369A,N,O,04/07/2026 08:55:52 AM
736A,N,V,04/07/2026 05:22:04 PM
736B,N,O,04/07/2026 02:26:33 PM
7370A,N,O,04/07/2026 03:39:50 PM
7370B,N,O,04/07/2026 08:59:49 AM
7371A,N,O,04/07/2026 09:22:20 AM
7371B,N,O,04/07/2026 05:01:13 PM
7372A,N,O,04/07/2026 08:57:38 AM
7373B,N,O,04/07/2026 08:56:51 AM
7374A,N,O,04/07/2026 08:55:41 AM
7374B,N,O,04/07/2026 03:45:50 PM
7375A,N,O,04/07/2026 02:23:29 PM
7375B,N,O,04/07/2026 08:59:41 AM
7376A,N,O,04/07/2026 08:58:46 AM
7376B,N,O,04/07/2026 10:36:42 AM
7377A,N,O,04/07/2026 10:49:43 AM
7377B,N,O,04/07/2026 08:57:39 AM
7378A,N,O,04/07/2026 08:56:45 AM
7378B,N,O,04/07/2026 08:56:41 AM
7379A,N,O,04/07/2026 08:55:45 AM
737A,N,O,04/07/2026 12:40:32 PM
737B,N,O,04/07/2026 10:07:16 AM
7387A,N,O,04/07/2026 08:57:52 AM
7387B,N,O,04/07/2026 11:57:55 AM
7388A,N,O,04/07/2026 11:57:58 AM
7388B,N,O,04/07/2026 08:56:45 AM
7389A,N,O,04/07/2026 11:11:42 AM
7389B,N,O,04/07/2026 08:55:52 AM
738A,N,O,04/07/2026 04:53:24 PM
738B,N,O,04/07/2026 02:50:10 PM
7390A,N,O,04/07/2026 03:13:47 PM
7390B,N,O,04/07/2026 11:33:36 AM
7391B,N,O,04/07/2026 08:58:51 AM
7392A,N,O,04/07/2026 05:24:20 PM
7393A,N,O,04/07/2026 08:56:48 AM
7393B,N,O,04/07/2026 08:56:48 AM
7394A,N,O,04/07/2026 08:55:47 AM
7394B,N,O,04/07/2026 08:55:55 AM
7395A,N,O,04/07/2026 09:00:14 AM
7395B,N,O,04/07/2026 08:59:53 AM
739A,N,O,04/07/2026 02:26:21 PM
739B,N,O,04/06/2026 10:01:38 AM
73A,N,O,04/07/2026 03:10:40 PM
73B,N,O,04/07/2026 02:03:12 PM
7400A,N,O,04/07/2026 04:43:16 PM
7400B,N,O,04/07/2026 04:41:03 PM
7401A,N,O,04/07/2026 10:30:06 AM
7401B,N,O,04/07/2026 10:30:06 AM
7402A,N,V,04/07/2026 02:51:40 PM
7402B,N,O,04/07/2026 05:27:21 PM
7403B,N,O,04/07/2026 10:26:49 AM
7407A,N,O,04/07/2026 04:53:42 PM
7407B,N,O,04/07/2026 05:20:21 PM
7408A,N,O,04/07/2026 05:12:19 PM
7408B,N,O,04/07/2026 05:30:59 PM
7409A,N,O,04/07/2026 05:02:02 PM
740A,N,O,04/07/2026 04:06:14 PM
740B,N,O,04/07/2026 02:23:21 PM
7411A,N,O,04/07/2026 05:29:15 PM
7411B,N,V,04/07/2026 05:34:19 PM
7412A,N,O,04/07/2026 04:33:42 PM
7413A,N,O,04/07/2026 04:44:31 PM
7413B,N,O,04/07/2026 03:38:02 PM
7414B,N,O,04/07/2026 10:25:54 AM
741A,N,O,04/07/2026 05:19:37 PM
7425A,N,O,04/07/2026 11:57:01 AM
7426B,N,O,04/07/2026 10:28:51 AM
7427A,N,O,04/06/2026 10:27:57 AM
7427B,N,O,04/07/2026 02:55:26 PM
7428B,N,O,04/07/2026 10:26:50 AM
7429A,N,O,04/07/2026 05:36:10 PM
7429B,N,O,04/07/2026 10:25:54 AM
742A,N,O,04/07/2026 08:57:50 AM
742B,N,O,04/07/2026 08:57:50 AM
7431A,N,O,04/07/2026 10:28:50 AM
7431B,N,O,04/07/2026 10:28:50 AM
7432A,N,O,04/07/2026 10:27:46 AM
7432B,N,O,04/07/2026 10:28:14 AM
7433A,N,O,04/07/2026 10:26:49 AM
7433B,N,O,04/07/2026 10:26:45 AM
7434B,N,O,04/07/2026 04:37:05 PM
7435A,N,O,04/07/2026 10:32:32 AM
7435B,N,O,04/07/2026 10:32:32 AM
7436A,N,O,04/06/2026 10:28:52 AM
7436B,N,O,04/07/2026 10:28:46 AM
7437A,N,O,04/07/2026 10:28:01 AM
7438A,N,O,04/07/2026 10:27:28 AM
7438B,N,O,04/07/2026 11:36:51 AM
7439A,N,O,04/07/2026 02:24:43 PM
7439B,N,O,04/07/2026 10:25:46 AM
743A,N,O,04/07/2026 08:56:49 AM
743B,N,O,04/07/2026 02:44:03 PM
7440A,N,O,04/07/2026 12:44:42 PM
7440B,N,O,04/07/2026 10:29:46 AM
7441A,N,O,04/07/2026 10:28:43 AM
7441B,N,O,04/07/2026 10:28:43 AM
7442A,N,O,04/07/2026 10:28:35 AM
7443A,N,V,04/07/2026 05:31:20 PM
7443B,N,O,04/07/2026 10:26:56 AM
7447A,N,O,04/07/2026 09:57:50 AM
7447B,N,O,04/07/2026 01:51:01 PM
744A,N,O,04/07/2026 01:53:58 PM
744B,N,O,04/07/2026 04:50:06 PM
7450A,N,O,04/07/2026 05:00:42 PM
7451A,N,O,04/07/2026 05:30:49 PM
7451B,N,O,04/07/2026 05:30:20 PM
7452A,N,O,04/07/2026 05:30:20 PM
745A,N,V,04/07/2026 05:26:13 PM
745B,N,O,04/07/2026 05:25:35 PM
7461A,N,O,04/07/2026 03:49:16 PM
7462A,N,O,04/07/2026 04:18:24 PM
7462B,N,O,04/07/2026 05:24:44 PM
7463A,N,O,04/07/2026 10:27:08 AM
7463B,N,O,04/07/2026 10:27:08 AM
7464A,N,O,04/07/2026 10:25:56 AM
7464B,N,O,04/07/2026 10:25:56 AM
7467A,N,V,04/07/2026 05:34:26 PM
7467B,N,V,04/07/2026 05:28:46 PM
746A,N,V,04/07/2026 05:25:27 PM
746B,N,V,04/07/2026 05:24:44 PM
7473B,N,O,04/07/2026 12:54:36 PM
7474A,N,O,04/07/2026 12:32:58 PM
7475A,N,O,04/07/2026 10:29:51 AM
7475B,N,O,04/07/2026 11:15:09 AM
7476A,N,O,04/07/2026 10:28:45 AM
7476B,N,O,04/07/2026 04:50:56 PM
7477A,N,V,04/07/2026 05:35:33 PM
7478A,N,O,04/07/2026 04:17:34 PM
7478B,N,O,04/07/2026 04:04:36 PM
7479A,N,O,04/07/2026 04:55:10 PM
7479B,N,O,04/07/2026 05:23:48 PM
747B,N,O,04/07/2026 02:52:18 PM
7480A,N,V,04/07/2026 04:43:16 PM
7480B,N,O,04/07/2026 05:34:56 PM
7481B,N,O,04/07/2026 04:05:44 PM
748A,N,O,04/07/2026 08:56:52 AM
748B,N,O,04/07/2026 11:11:29 AM
749A,N,O,04/07/2026 04:41:17 PM
74A,N,O,04/07/2026 04:37:43 PM
74B,N,O,04/07/2026 04:16:44 PM
7507A,N,O,04/07/2026 05:27:07 PM
7507B,N,O,04/07/2026 03:22:47 PM
7508A,N,O,04/07/2026 05:08:33 PM
7508B,N,V,04/07/2026 05:28:26 PM
7509A,N,O,04/07/2026 04:48:40 PM
7509B,N,O,04/07/2026 04:17:33 PM
750A,N,O,04/07/2026 05:25:02 PM
750B,N,O,04/07/2026 08:59:55 AM
7510A,N,O,04/07/2026 04:51:34 PM
7510B,N,O,04/07/2026 05:24:52 PM
7511A,N,O,04/07/2026 04:56:34 PM
7511B,N,O,04/07/2026 04:49:55 PM
7512A,N,O,04/07/2026 05:06:58 PM
7512B,N,O,04/07/2026 04:57:41 PM
7513A,N,V,04/07/2026 04:30:07 PM
7513B,N,V,04/07/2026 04:53:53 PM
7514A,N,V,04/07/2026 03:54:54 PM
7514B,N,V,04/07/2026 03:53:23 PM
7516A,N,V,04/07/2026 05:34:51 PM
7516B,N,O,04/07/2026 05:36:21 PM
7517A,N,O,04/07/2026 05:30:52 PM
7518A,N,V,04/07/2026 05:36:35 PM
7518B,N,V,04/07/2026 05:35:06 PM
7519A,N,V,04/07/2026 10:11:36 AM
7519B,N,V,04/07/2026 01:55:47 PM
751A,N,V,04/07/2026 05:28:14 PM
751B,N,O,04/07/2026 04:23:15 PM
7520B,N,V,04/07/2026 04:28:57 PM
7521A,N,O,04/02/2026 06:58:50 AM
7521B,N,V,04/02/2026 04:04:01 PM
7522A,N,V,04/02/2026 06:04:48 PM
7522B,N,O,04/02/2026 06:57:46 AM
7523A,N,O,04/02/2026 10:03:07 AM
7524A,N,V,04/07/2026 04:19:58 PM
7524B,N,V,04/07/2026 05:36:08 PM
7525A,N,V,04/07/2026 12:45:32 PM
7526B,N,O,04/07/2026 05:35:46 PM
7527A,N,V,04/07/2026 05:10:27 PM
7527B,N,V,04/07/2026 05:02:43 PM
7528A,N,V,04/07/2026 05:32:22 PM
7528B,N,V,04/07/2026 05:36:09 PM
7529A,N,V,04/05/2026 02:06:19 PM
7529B,N,O,04/07/2026 05:35:39 PM
752B,N,O,04/07/2026 08:57:49 AM
7530A,N,V,04/06/2026 09:26:27 PM
7530B,N,V,04/07/2026 02:00:27 PM
7533B,N,O,04/07/2026 01:02:40 PM
7534A,N,V,04/07/2026 09:42:56 AM
7534B,N,V,04/07/2026 01:35:06 PM
7535A,N,O,04/07/2026 08:59:44 AM
7535B,N,V,04/06/2026 07:02:38 PM
7536A,N,V,04/07/2026 05:30:14 PM
7536B,N,V,04/07/2026 05:22:31 PM
7537A,N,V,04/07/2026 04:41:01 PM
7537B,N,O,04/07/2026 03:41:37 PM
7538A,N,V,04/07/2026 05:35:46 PM
7538B,N,O,04/07/2026 05:03:32 PM
7539A,N,O,04/07/2026 05:09:30 PM
7539B,N,V,04/07/2026 05:10:58 PM
753A,N,O,04/07/2026 04:35:50 PM
753B,N,O,04/07/2026 04:36:24 PM
7540A,N,O,04/07/2026 05:29:40 PM
7540B,N,O,04/07/2026 05:31:34 PM
7541A,N,V,04/06/2026 08:45:21 PM
7541B,N,V,04/07/2026 05:00:17 PM
7542A,N,V,04/07/2026 03:26:49 PM
7545A,N,O,04/07/2026 05:30:34 PM
7545B,N,V,04/07/2026 05:20:13 PM
7546A,N,V,04/07/2026 04:39:32 PM
7546B,N,V,04/07/2026 04:28:14 PM
7547A,N,O,04/07/2026 05:09:39 PM
7547B,N,V,04/07/2026 05:20:09 PM
7548A,N,V,04/07/2026 04:23:18 PM
7548B,N,V,04/07/2026 02:54:49 PM
7549A,N,V,04/07/2026 04:11:51 PM
7549B,N,V,04/07/2026 04:31:02 PM
754A,N,O,04/07/2026 05:29:07 PM
754B,N,O,04/07/2026 02:36:54 PM
7550A,N,O,04/07/2026 05:25:37 PM
7550B,N,O,04/07/2026 03:11:02 PM
7551A,N,V,04/07/2026 05:35:33 PM
7551B,N,O,04/07/2026 05:35:57 PM
7552A,N,V,04/07/2026 05:02:12 PM
7552B,N,V,04/07/2026 05:09:02 PM
7553A,N,O,04/07/2026 05:35:32 PM
7553B,N,V,04/07/2026 12:46:28 PM
7554A,N,V,04/07/2026 05:36:40 PM
7554B,N,V,04/07/2026 03:41:21 PM
7555A,N,V,04/07/2026 01:55:41 PM
7555B,N,O,04/07/2026 02:52:28 PM
7556A,N,V,04/07/2026 05:22:12 PM
7556B,N,V,04/07/2026 05:30:23 PM
7557A,N,O,04/07/2026 04:52:13 PM
7557B,N,O,04/07/2026 05:24:23 PM
7558A,N,O,04/07/2026 08:56:48 AM
7558B,N,O,04/07/2026 03:30:30 PM
7561A,N,O,04/07/2026 05:36:16 PM
7561B,N,O,04/07/2026 08:58:46 AM
7562A,N,V,04/07/2026 05:36:27 PM
7562B,N,V,04/07/2026 04:33:52 PM
756B,N,O,04/07/2026 10:12:11 AM
7573A,N,O,04/07/2026 12:13:05 PM
7573B,N,O,04/07/2026 02:30:47 PM
7574A,N,O,04/07/2026 03:38:33 PM
7574B,N,O,04/07/2026 04:09:03 PM
7576A,N,O,04/07/2026 08:58:52 AM
7576B,N,V,04/04/2026 10:02:55 AM
7577A,N,O,04/07/2026 02:57:13 PM
7577B,N,O,04/07/2026 05:02:26 PM
7578A,N,V,04/07/2026 05:34:29 PM
7578B,N,O,04/07/2026 03:49:34 PM
7579A,N,O,04/07/2026 12:32:34 PM
7579B,N,O,04/07/2026 08:55:51 AM
757A,N,O,04/07/2026 08:57:50 AM
757B,N,O,04/07/2026 12:00:42 PM
7580A,N,V,04/07/2026 04:52:48 PM
7580B,N,V,04/07/2026 04:59:06 PM
7581A,N,V,04/07/2026 05:34:30 PM
7581B,N,O,04/07/2026 04:14:51 PM
7582A,N,O,04/07/2026 05:12:34 PM
7582B,N,V,04/07/2026 05:13:56 PM
7583A,N,O,04/07/2026 05:30:12 PM
7583B,N,O,04/07/2026 03:43:52 PM
7584A,N,V,04/07/2026 05:27:04 PM
7584B,N,V,04/07/2026 05:01:41 PM
7585A,N,O,04/07/2026 04:35:04 PM
7585B,N,V,04/07/2026 03:22:56 PM
7586A,N,V,04/07/2026 05:26:08 PM
7586B,N,V,04/07/2026 05:24:47 PM
7587A,N,V,04/07/2026 05:36:13 PM
7588A,N,O,04/07/2026 08:56:45 AM
7588B,N,O,04/07/2026 03:31:19 PM
758A,N,O,04/07/2026 10:17:46 AM
758B,N,O,04/07/2026 08:57:05 AM
7590A,N,O,04/07/2026 02:55:31 PM
7591A,N,O,04/07/2026 04:55:20 PM
7591B,N,O,04/07/2026 08:58:45 AM
7592A,N,V,04/07/2026 04:27:17 PM
7592B,N,O,04/07/2026 04:29:13 PM
7594A,N,O,04/07/2026 04:21:24 PM
7594B,N,O,04/07/2026 05:36:25 PM
7595A,N,O,04/07/2026 04:12:40 PM
7595B,N,O,04/07/2026 05:05:20 PM
7599A,N,O,04/07/2026 05:10:14 PM
7599B,N,O,04/07/2026 05:01:41 PM
759A,N,O,04/07/2026 08:55:52 AM
759B,N,O,04/07/2026 08:55:52 AM
75A,N,O,04/07/2026 03:15:15 PM
75B,N,O,04/07/2026 04:04:12 PM
7600A,N,O,04/07/2026 04:23:09 PM
7600B,N,O,04/07/2026 09:01:30 AM
7601A,N,V,04/07/2026 05:26:22 PM
7601B,N,O,04/07/2026 08:58:46 AM
7602B,N,O,04/07/2026 08:57:45 AM
7609A,N,V,04/07/2026 05:35:42 PM
7610A,N,O,04/07/2026 08:59:52 AM
7610B,N,O,04/07/2026 02:59:53 PM
7611A,N,O,04/07/2026 04:57:59 PM
7611B,N,O,04/07/2026 05:30:05 PM
7612A,N,O,04/07/2026 01:28:36 PM
7612B,N,O,04/07/2026 05:17:25 PM
7617A,N,O,04/07/2026 08:57:47 AM
7617B,N,V,04/07/2026 05:35:44 PM
7618A,N,V,04/07/2026 05:35:17 PM
7618B,N,O,04/07/2026 05:30:52 PM
7619A,N,O,04/07/2026 12:43:50 PM
761A,N,O,04/07/2026 10:27:24 AM
7620A,N,O,04/07/2026 01:55:49 PM
7620B,N,O,04/07/2026 09:28:09 AM
7621A,N,O,04/07/2026 05:04:50 PM
7621B,N,O,04/07/2026 05:33:50 PM
7624A,N,O,04/07/2026 08:55:45 AM
7624B,N,O,04/07/2026 04:11:47 PM
7625A,N,O,04/07/2026 02:11:34 PM
7625B,N,O,04/07/2026 02:38:57 PM
7626A,N,O,04/07/2026 03:23:13 PM
7626B,N,O,04/07/2026 04:26:33 PM
7627A,NU,O,06/03/2025 05:42:36 PM
7627B,N,O,04/07/2026 09:58:06 AM
7628A,N,O,04/07/2026 01:56:15 PM
7628B,N,O,04/07/2026 02:28:55 PM
7629A,N,O,04/07/2026 10:05:40 AM
7629B,N,O,04/07/2026 04:30:34 PM
762A,N,O,04/07/2026 08:57:46 AM
762B,N,O,04/07/2026 02:30:55 PM
7630A,N,O,04/07/2026 09:38:40 AM
7630B,N,O,04/07/2026 08:59:57 AM
7631A,N,O,04/07/2026 10:08:34 AM
7631B,N,O,04/07/2026 08:58:48 AM
7632B,N,O,04/07/2026 08:57:44 AM
7636A,N,O,04/07/2026 01:26:05 PM
7636B,N,O,04/07/2026 08:58:48 AM
7637A,N,O,04/07/2026 01:06:53 PM
7637B,N,O,04/06/2026 08:57:51 AM
7638A,N,O,04/07/2026 03:36:15 PM
7638B,N,O,04/07/2026 03:09:20 PM
7639A,N,O,04/07/2026 03:02:06 PM
7639B,N,O,04/07/2026 02:12:15 PM
763A,N,O,04/07/2026 08:56:44 AM
763B,N,O,04/07/2026 08:56:48 AM
7640A,N,O,04/07/2026 09:55:55 AM
7640B,N,O,04/07/2026 08:59:50 AM
7641A,N,V,03/25/2026 01:07:27 PM
7641B,N,V,03/25/2026 01:07:27 PM
7642A,N,O,04/07/2026 08:57:48 AM
7642B,N,O,04/07/2026 08:57:44 AM
7644B,N,O,04/07/2026 09:55:44 AM
7645A,N,O,04/07/2026 09:59:43 AM
7645B,N,O,04/07/2026 04:04:20 PM
7647A,N,V,04/07/2026 01:40:42 PM
7647B,N,O,04/07/2026 05:06:30 PM
7648A,N,O,04/07/2026 08:56:54 AM
7648B,N,O,04/07/2026 02:55:18 PM
7649A,N,O,04/07/2026 04:49:03 PM
7649B,N,O,04/07/2026 05:04:45 PM
764A,N,O,04/07/2026 04:08:57 PM
764B,N,O,04/07/2026 03:59:56 PM
7651A,N,V,04/07/2026 04:47:50 PM
7652A,N,V,04/07/2026 05:33:51 PM
7652B,N,O,04/07/2026 10:27:49 AM
7653A,N,O,04/07/2026 05:36:34 PM
7653B,N,O,04/06/2026 06:48:04 PM
7654A,N,V,04/06/2026 02:59:21 PM
7654B,N,V,04/07/2026 05:33:08 PM
7655B,N,O,04/06/2026 09:43:29 PM
7656A,NU,V,03/31/2026 04:24:19 PM
7657A,NU,V,03/31/2026 03:01:07 PM
7657B,NU,O,03/31/2026 04:24:46 PM
7658A,NU,V,03/31/2026 11:26:46 AM
7658B,NU,O,03/31/2026 04:24:27 PM
7659A,NU,O,03/31/2026 04:24:07 PM
7659B,NU,O,03/31/2026 04:24:07 PM
765A,N,O,04/07/2026 04:43:58 PM
765B,N,O,04/07/2026 03:26:58 PM
7660A,NU,O,03/31/2026 04:23:47 PM
7660B,NU,O,03/31/2026 04:23:47 PM
7661A,N,O,04/07/2026 08:58:45 AM
7661B,N,O,04/07/2026 08:58:52 AM
7662A,N,O,04/07/2026 09:58:38 AM
7662B,N,O,04/07/2026 08:57:55 AM
7663A,N,V,04/07/2026 03:19:57 PM
7663B,N,O,04/07/2026 08:56:45 AM
7664B,N,O,04/07/2026 08:55:48 AM
7667A,N,O,04/07/2026 09:57:43 AM
7668A,N,O,04/07/2026 09:56:41 AM
7668B,N,O,04/07/2026 09:56:45 AM
766A,N,O,04/07/2026 04:22:17 PM
766B,N,O,04/07/2026 04:26:45 PM
7670A,N,O,04/07/2026 09:59:42 AM
7670B,N,O,04/07/2026 10:00:25 AM
7671B,N,O,04/07/2026 03:38:25 PM
7674A,N,O,04/07/2026 05:11:03 PM
7674B,N,O,04/07/2026 03:24:43 PM
7676B,N,O,04/07/2026 08:58:51 AM
7677A,N,O,04/07/2026 08:57:46 AM
7677B,N,O,04/07/2026 05:35:13 PM
7678A,N,O,04/07/2026 08:56:52 AM
7678B,N,O,04/06/2026 08:56:30 AM
7679A,N,O,04/07/2026 02:51:14 PM
7679B,N,O,04/07/2026 08:55:44 AM
767A,N,O,04/07/2026 03:02:35 PM
767B,N,O,04/07/2026 05:01:16 PM
7681B,N,O,04/07/2026 09:58:41 AM
7682A,N,O,04/07/2026 09:57:45 AM
7682B,N,O,04/07/2026 09:57:49 AM
7683A,N,O,04/07/2026 05:05:03 PM
7683B,N,O,04/07/2026 03:01:49 PM
7684A,N,O,04/07/2026 04:21:44 PM
7684B,N,O,04/07/2026 02:16:25 PM
7685A,N,O,04/07/2026 11:40:20 AM
7685B,N,O,04/07/2026 09:59:48 AM
7689B,N,O,04/07/2026 05:24:53 PM
768A,N,O,04/07/2026 12:38:51 PM
7690B,N,V,04/07/2026 05:34:22 PM
7691B,N,O,04/07/2026 08:58:49 AM
7692A,N,O,04/07/2026 11:56:49 AM
7692B,N,O,04/07/2026 08:57:48 AM
7695A,N,O,04/07/2026 04:22:19 PM
7696B,N,O,04/07/2026 05:30:37 PM
7697A,N,V,04/07/2026 05:36:14 PM
7699A,N,O,04/07/2026 05:35:26 PM
7699B,N,O,04/07/2026 08:55:49 AM
769A,N,O,04/07/2026 04:01:52 PM
769B,N,O,04/07/2026 01:11:54 PM
76A,N,O,04/07/2026 04:31:13 PM
76B,N,O,04/07/2026 02:41:45 PM
7700A,N,V,04/07/2026 05:30:21 PM
7700B,N,O,04/07/2026 04:17:29 PM
7701A,N,O,04/07/2026 03:34:38 PM
7701B,N,O,04/07/2026 05:12:36 PM
7704A,N,O,04/07/2026 04:56:42 PM
7704B,N,O,04/07/2026 05:14:53 PM
7705A,N,O,04/07/2026 04:09:51 PM
7705B,N,O,04/07/2026 04:24:15 PM
7706B,N,O,04/07/2026 04:18:45 PM
7707B,N,O,04/07/2026 05:22:03 PM
7708A,N,O,04/07/2026 02:41:33 PM
7708B,N,O,04/07/2026 11:11:32 AM
7709B,N,V,04/07/2026 11:23:00 AM
770A,N,O,04/07/2026 04:17:28 PM
770B,N,V,04/07/2026 05:32:56 PM
7713A,N,O,04/07/2026 08:56:51 AM
7713B,N,O,04/07/2026 04:40:33 PM
7714A,N,O,04/07/2026 04:33:09 PM
7714B,N,O,04/07/2026 08:55:48 AM
771A,N,O,04/07/2026 11:57:49 AM
771B,N,O,04/07/2026 03:12:43 PM
7724A,N,O,04/07/2026 04:08:42 PM
7725A,N,O,04/07/2026 11:54:28 AM
7725B,N,O,04/07/2026 05:05:04 PM
7726A,N,O,04/07/2026 02:52:04 PM
7726B,N,O,04/07/2026 02:10:05 PM
7727A,N,O,04/07/2026 02:13:01 PM
7727B,N,O,04/07/2026 02:32:22 PM
7728A,N,O,04/07/2026 05:19:22 PM
7728B,N,O,04/07/2026 05:28:02 PM
7729A,N,O,04/07/2026 08:55:51 AM
7729B,N,O,04/07/2026 08:56:02 AM
772A,N,V,04/07/2026 05:32:34 PM
772B,N,V,04/07/2026 05:32:41 PM
7730A,N,O,04/07/2026 08:59:43 AM
7731A,N,O,04/07/2026 09:01:10 AM
7731B,N,O,04/07/2026 01:22:49 PM
7732A,N,O,04/07/2026 08:57:51 AM
7732B,N,O,04/07/2026 05:05:16 PM
7733B,N,O,04/07/2026 11:58:15 AM
7739A,N,O,04/07/2026 11:05:51 AM
7739B,N,O,04/07/2026 02:00:51 PM
773A,N,O,04/07/2026 05:22:52 PM
7740A,N,O,04/07/2026 04:14:54 PM
7740B,N,O,04/07/2026 03:05:51 PM
7741A,N,O,04/07/2026 03:36:03 PM
7741B,N,O,04/07/2026 04:03:58 PM
7742A,N,O,04/07/2026 08:57:56 AM
7742B,N,O,04/07/2026 03:58:03 PM
7743A,N,O,04/07/2026 08:56:49 AM
7743B,N,O,04/07/2026 05:32:58 PM
7744A,N,O,04/07/2026 04:40:25 PM
774A,N,O,04/07/2026 05:34:38 PM
774B,N,V,04/07/2026 05:34:38 PM
7758A,N,O,04/07/2026 04:25:30 PM
7759A,N,O,04/07/2026 09:55:44 AM
7759B,N,O,04/07/2026 09:55:44 AM
775A,N,O,04/07/2026 04:40:19 PM
775B,N,O,04/07/2026 04:54:39 PM
7760A,N,O,04/07/2026 09:59:58 AM
7760B,N,O,04/07/2026 09:59:50 AM
7761B,N,O,04/07/2026 10:42:06 AM
7763A,N,O,04/07/2026 09:56:58 AM
7763B,N,O,04/07/2026 09:56:51 AM
7764A,N,O,04/07/2026 02:31:01 PM
7764B,N,O,04/07/2026 02:31:01 PM
7765A,N,O,04/07/2026 08:59:47 AM
7766B,NU,O,06/03/2025 07:58:52 AM
7767A,NU,O,06/03/2025 05:54:27 PM
7768A,N,O,04/07/2026 08:56:54 AM
7768B,NU,V,06/03/2025 09:40:30 PM
7769A,N,V,04/07/2026 05:19:40 PM
7769B,N,O,04/07/2026 08:55:47 AM
776A,N,O,04/07/2026 05:22:31 PM
776B,N,O,04/07/2026 01:14:53 PM
7770A,NU,O,04/07/2026 05:26:09 PM
7770B,NU,O,04/07/2026 08:59:46 AM
7771A,N,O,04/07/2026 05:19:40 PM
7771B,N,O,04/07/2026 05:24:42 PM
7772A,N,O,04/07/2026 05:19:47 PM
7772B,N,O,04/07/2026 11:58:48 AM
7773B,N,O,04/07/2026 08:56:47 AM
7774A,N,O,04/07/2026 01:42:03 PM
7774B,N,O,04/07/2026 12:53:22 PM
777A,N,O,04/07/2026 03:20:48 PM
7783A,N,O,04/07/2026 04:38:25 PM
7784B,N,O,04/07/2026 08:55:47 AM
7785A,N,O,04/07/2026 08:59:50 AM
7785B,N,O,04/07/2026 02:49:46 PM
7786A,N,O,04/07/2026 08:58:55 AM
7786B,N,O,04/07/2026 08:58:55 AM
778A,N,V,04/07/2026 05:29:07 PM
778B,N,O,04/07/2026 03:19:38 PM
7792A,N,O,04/07/2026 05:10:49 PM
7793A,N,O,04/07/2026 05:09:39 PM
7793B,N,O,04/07/2026 05:33:31 PM
7794A,N,O,04/07/2026 04:28:50 PM
7794B,N,O,04/07/2026 03:51:14 PM
7795A,N,O,04/07/2026 04:42:10 PM
7795B,N,O,04/07/2026 04:17:25 PM
7796A,N,O,04/07/2026 05:19:46 PM
7796B,N,O,04/07/2026 11:16:25 AM
779A,N,V,04/07/2026 05:33:13 PM
779B,N,V,04/07/2026 05:33:04 PM
77A,N,O,04/07/2026 05:31:55 PM
77B,N,V,04/07/2026 05:36:24 PM
7801A,N,O,04/07/2026 12:01:46 PM
7801B,N,O,04/07/2026 05:21:47 PM
7802A,N,O,04/07/2026 03:23:21 PM
7802B,N,O,04/07/2026 04:33:17 PM
7804A,N,O,04/07/2026 03:08:59 PM
7804B,N,O,04/07/2026 04:09:42 PM
7805A,N,O,04/07/2026 08:59:44 AM
7805B,N,O,04/07/2026 05:35:56 PM
7806A,N,O,04/07/2026 03:23:48 PM
7806B,N,O,04/07/2026 03:48:05 PM
7807B,N,O,04/07/2026 05:16:46 PM
780A,N,O,04/07/2026 08:59:43 AM
780B,N,O,04/07/2026 08:59:43 AM
7814B,N,O,04/07/2026 09:54:18 AM
7815A,N,O,04/07/2026 03:45:20 PM
7815B,N,O,04/07/2026 10:53:31 AM
7817A,N,O,04/07/2026 03:47:09 PM
7817B,N,O,04/07/2026 05:10:39 PM
7818A,N,O,04/06/2026 05:19:37 PM
7818B,N,O,04/07/2026 08:56:46 AM
7819A,N,O,04/07/2026 08:55:48 AM
7819B,N,O,04/07/2026 10:35:00 AM
781A,N,V,04/07/2026 05:30:45 PM
781B,N,V,04/07/2026 05:30:45 PM
7820A,N,O,04/07/2026 05:07:20 PM
7820B,N,O,04/07/2026 05:08:41 PM
7821A,N,O,04/07/2026 04:21:02 PM
7821B,N,O,04/07/2026 04:48:58 PM
7831A,N,O,04/07/2026 09:53:43 AM
7831B,N,O,04/07/2026 12:20:28 PM
7834A,N,O,04/07/2026 05:27:22 PM
7834B,N,O,04/07/2026 11:54:11 AM
7839A,N,V,04/07/2026 05:35:07 PM
7840A,N,O,04/07/2026 04:07:57 PM
7840B,N,O,04/07/2026 05:31:31 PM
7841A,N,O,04/07/2026 05:36:27 PM
7841B,N,O,04/07/2026 02:28:24 PM
7842A,N,O,04/07/2026 05:24:26 PM
7842B,N,O,04/07/2026 05:24:00 PM
7843A,N,V,04/07/2026 05:36:32 PM
7843B,N,V,04/07/2026 05:35:32 PM
7844A,N,O,04/07/2026 10:31:45 AM
7844B,N,V,04/07/2026 05:36:11 PM
7845A,N,V,04/07/2026 05:36:35 PM
7845B,N,O,04/07/2026 04:50:08 PM
7846A,N,O,04/07/2026 05:19:06 PM
7846B,N,V,04/07/2026 04:54:49 PM
7847A,N,O,04/07/2026 05:19:27 PM
7847B,N,V,04/07/2026 02:09:43 PM
7853B,N,O,04/07/2026 04:07:55 PM
7854A,N,O,04/07/2026 04:26:07 PM
7854B,N,V,04/07/2026 04:26:03 PM
7855A,N,V,04/07/2026 03:56:52 PM
7855B,N,V,04/07/2026 01:48:36 PM
7856A,N,O,04/07/2026 04:00:56 PM
7856B,N,O,04/07/2026 05:07:59 PM
7861A,N,V,04/07/2026 05:36:23 PM
7861B,N,O,04/07/2026 05:32:33 PM
7868A,N,O,04/07/2026 03:50:32 PM
7868B,N,O,04/07/2026 01:20:08 PM
7869A,N,O,04/07/2026 11:08:34 AM
7869B,N,O,04/07/2026 03:22:21 PM
7870A,N,O,04/07/2026 05:17:06 PM
7874A,N,O,04/07/2026 04:50:39 PM
7874B,N,O,04/07/2026 02:02:35 PM
7875A,N,O,04/07/2026 02:53:49 PM
7875B,N,O,04/07/2026 01:16:28 PM
7876A,N,O,04/07/2026 03:38:35 PM
7876B,N,O,04/07/2026 02:34:02 PM
7877A,N,O,04/07/2026 04:18:00 PM
7877B,N,V,04/07/2026 05:12:18 PM
7882A,N,O,04/07/2026 03:38:38 PM
7882B,N,O,04/07/2026 02:58:51 PM
7884B,N,O,04/07/2026 02:39:03 PM
7885A,N,O,04/07/2026 03:21:20 PM
7885B,N,O,04/07/2026 08:59:47 AM
7886A,N,O,04/07/2026 05:36:25 PM
7886B,N,O,04/07/2026 12:33:27 PM
7887A,N,O,04/07/2026 08:57:46 AM
7887B,N,O,04/07/2026 02:06:13 PM
7888A,N,O,04/07/2026 08:56:52 AM
7888B,N,O,04/07/2026 03:02:11 PM
7889A,N,O,04/07/2026 03:57:48 PM
7889B,N,O,04/07/2026 05:24:04 PM
7890A,N,O,04/07/2026 02:09:19 PM
7890B,N,O,04/07/2026 02:07:10 PM
7893A,N,O,04/07/2026 03:33:47 PM
7893B,N,O,04/07/2026 04:43:35 PM
7894A,N,O,04/07/2026 04:40:30 PM
7894B,N,O,04/07/2026 04:05:14 PM
7895A,N,O,04/07/2026 03:24:12 PM
789A,N,O,04/07/2026 04:51:28 PM
789B,N,O,04/07/2026 04:36:32 PM
78A,N,O,04/07/2026 02:44:37 PM
78B,N,O,04/07/2026 05:08:52 PM
7900A,N,O,04/07/2026 05:28:21 PM
7900B,N,O,04/07/2026 05:36:37 PM
7901A,N,O,04/07/2026 02:53:00 PM
7901B,N,O,04/07/2026 03:53:56 PM
7902A,N,O,04/07/2026 10:02:28 AM
7903A,N,O,04/07/2026 12:31:55 PM
7903B,N,O,04/07/2026 05:18:32 PM
7909A,N,V,04/07/2026 05:22:23 PM
7909B,N,V,04/07/2026 05:00:45 PM
790A,N,V,04/07/2026 05:30:47 PM
790B,N,O,04/07/2026 04:38:28 PM
7910A,N,V,04/07/2026 04:39:40 PM
7910B,N,V,04/07/2026 05:01:34 PM
7911A,N,O,04/07/2026 05:30:14 PM
7911B,N,V,04/07/2026 05:34:40 PM
7912A,N,O,04/07/2026 05:19:06 PM
7912B,N,O,04/07/2026 05:35:17 PM
7913A,N,O,04/07/2026 09:27:15 AM
7913B,N,V,04/07/2026 05:26:06 PM
7923A,N,O,04/07/2026 04:51:19 PM
7923B,N,V,04/07/2026 05:36:31 PM
7924A,N,V,04/07/2026 05:34:31 PM
7924B,N,O,04/07/2026 05:05:17 PM
7925A,N,O,04/07/2026 10:50:15 AM
7925B,N,V,04/07/2026 04:40:41 PM
7926A,N,O,04/07/2026 08:58:47 AM
7926B,N,O,04/07/2026 05:26:47 PM
7927A,N,O,04/07/2026 03:54:03 PM
7927B,N,O,04/07/2026 03:48:37 PM
7928A,N,O,04/07/2026 05:16:25 PM
7928B,N,V,04/07/2026 04:10:12 PM
7929A,N,O,04/07/2026 05:30:21 PM
7929B,N,O,04/07/2026 02:51:02 PM
792A,N,O,04/07/2026 03:41:22 PM
792B,N,O,04/07/2026 05:27:54 PM
7930A,N,O,04/07/2026 04:46:44 PM
7930B,N,O,04/07/2026 11:18:24 AM
7931B,N,O,04/07/2026 08:58:57 AM
7932A,N,O,04/07/2026 01:57:50 PM
7932B,N,O,04/07/2026 02:46:12 PM
7933A,N,O,04/07/2026 05:02:17 PM
7933B,N,V,04/07/2026 05:36:39 PM
7934A,N,V,04/07/2026 05:34:07 PM
7935A,N,O,04/07/2026 03:45:12 PM
7935B,N,O,04/07/2026 09:00:04 AM
7936A,N,O,04/07/2026 09:29:39 AM
7936B,N,O,04/07/2026 08:58:44 AM
7937A,N,O,04/07/2026 05:35:18 PM
7937B,N,O,04/07/2026 12:31:15 PM
7939A,N,O,04/07/2026 04:30:02 PM
7939B,N,O,04/07/2026 08:55:49 AM
793B,N,O,04/07/2026 03:29:36 PM
7940A,N,O,04/07/2026 04:52:45 PM
7940B,N,O,04/07/2026 05:21:15 PM
7941A,N,V,04/07/2026 05:34:38 PM
7941B,N,O,04/07/2026 05:14:58 PM
794A,N,O,04/07/2026 03:58:29 PM
7950A,N,O,04/07/2026 10:50:40 AM
7950B,N,O,04/07/2026 04:11:51 PM
7951A,N,O,04/07/2026 08:58:45 AM
7951B,N,O,04/07/2026 08:58:45 AM
7952A,N,O,04/07/2026 05:35:42 PM
7952B,N,O,04/07/2026 08:57:47 AM
7953A,N,O,04/07/2026 05:16:29 PM
7953B,N,O,04/07/2026 05:17:19 PM
7954A,N,O,04/07/2026 05:36:38 PM
7954B,N,V,04/07/2026 12:31:37 PM
7955A,N,O,04/07/2026 05:35:50 PM
7955B,N,O,04/07/2026 04:01:14 PM
7956A,N,O,04/07/2026 05:25:18 PM
7956B,N,O,04/07/2026 11:14:48 AM
7957A,N,V,04/06/2026 07:51:32 PM
7957B,N,O,04/07/2026 04:47:47 PM
7958A,N,O,04/06/2026 07:44:14 PM
7959A,N,O,04/07/2026 08:55:54 AM
7959B,N,O,04/07/2026 08:55:51 AM
795A,N,O,04/07/2026 05:01:20 PM
795B,N,O,04/07/2026 04:38:54 PM
7960A,N,O,04/07/2026 03:44:40 PM
7960B,N,V,04/07/2026 03:47:52 PM
7962A,N,O,04/07/2026 12:25:49 PM
7962B,N,O,04/07/2026 08:57:45 AM
7963A,N,O,04/07/2026 05:35:37 PM
7963B,N,O,04/06/2026 12:55:37 PM
7964A,N,O,04/07/2026 08:55:40 AM
7964B,N,V,04/07/2026 05:32:44 PM
7965A,N,O,04/07/2026 05:26:49 PM
7965B,N,O,04/07/2026 03:31:54 PM
7967A,N,O,04/07/2026 10:27:53 AM
7967B,N,O,04/07/2026 10:27:53 AM
7968A,N,O,04/07/2026 10:26:48 AM
7968B,N,O,04/07/2026 10:26:48 AM
7969A,N,O,04/07/2026 10:26:02 AM
7969B,N,O,04/07/2026 10:25:49 AM
796A,N,O,04/07/2026 05:21:18 PM
796B,N,O,04/07/2026 05:21:18 PM
7970A,N,O,04/06/2026 10:29:43 AM
7970B,N,O,04/07/2026 10:29:47 AM
7971A,N,O,04/07/2026 04:59:48 PM
7971B,N,O,04/07/2026 10:28:53 AM
7973A,N,O,04/07/2026 08:56:45 AM
7973B,N,V,04/07/2026 05:26:10 PM
7974A,N,O,04/07/2026 03:00:14 PM
7974B,N,V,04/07/2026 05:10:06 PM
7975A,N,O,04/07/2026 12:48:19 PM
7975B,N,O,04/07/2026 09:01:00 AM
7976A,N,O,04/07/2026 04:27:50 PM
7976B,N,O,04/07/2026 08:58:45 AM
7977A,N,O,04/07/2026 08:57:45 AM
7977B,N,O,04/07/2026 05:30:43 PM
7978B,N,O,04/07/2026 11:53:31 AM
797A,N,V,04/07/2026 05:35:54 PM
797B,N,V,04/07/2026 03:39:33 PM
7980A,N,O,04/07/2026 08:59:49 AM
7980B,N,O,04/07/2026 03:19:14 PM
7981A,N,O,04/07/2026 04:01:17 PM
7981B,N,O,04/07/2026 03:43:45 PM
7982B,N,O,04/07/2026 11:11:35 AM
7983B,N,V,04/07/2026 05:11:39 PM
7984A,N,O,04/07/2026 04:27:40 PM
7984B,N,O,04/07/2026 05:29:44 PM
7985A,N,O,04/07/2026 03:10:41 PM
7985B,N,O,04/07/2026 05:35:00 PM
7986A,N,O,04/07/2026 10:27:30 AM
7988A,N,O,04/07/2026 08:56:45 AM
7988B,N,O,04/07/2026 03:21:18 PM
7989A,N,O,04/07/2026 03:01:46 PM
7989B,N,O,04/07/2026 04:31:34 PM
7990B,N,O,04/07/2026 08:59:51 AM
7991A,N,O,04/07/2026 01:11:37 PM
7991B,N,O,04/07/2026 01:59:30 PM
7993A,N,O,04/07/2026 12:41:18 PM
7994A,N,O,04/07/2026 08:55:49 AM
7994B,N,O,04/07/2026 03:44:00 PM
7995A,N,O,04/07/2026 04:43:36 PM
7996B,N,O,04/07/2026 04:27:12 PM
7997B,N,O,04/07/2026 04:44:17 PM
7998A,N,O,04/07/2026 09:01:22 AM
7998B,N,O,04/07/2026 05:33:39 PM
79A,N,O,04/07/2026 04:13:03 PM
79B,N,O,04/07/2026 04:18:31 PM
7A,NU,V,02/25/2026 11:59:45 PM
7B,NU,O,02/25/2026 11:41:07 PM
8002A,N,O,04/07/2026 02:11:58 PM
8003A,N,O,04/07/2026 11:43:35 AM
8003B,N,O,04/07/2026 09:56:48 AM
8004A,N,O,04/07/2026 09:55:46 AM
8004B,N,O,04/07/2026 02:41:43 PM
8005A,N,O,04/07/2026 09:59:56 AM
8005B,N,O,04/07/2026 09:59:45 AM
8006B,N,O,04/07/2026 09:58:43 AM
8012A,N,O,04/07/2026 05:32:23 PM
8012B,N,O,04/07/2026 08:57:49 AM
8013A,N,O,04/07/2026 08:56:59 AM
8013B,N,O,04/07/2026 08:56:52 AM
8014A,N,O,04/07/2026 04:36:21 PM
8018A,N,O,04/07/2026 09:56:59 AM
8019A,N,O,04/07/2026 03:16:29 PM
8019B,N,O,04/07/2026 10:31:52 AM
8020A,N,V,04/07/2026 05:32:14 PM
8020B,N,O,04/07/2026 05:33:54 PM
8021B,N,O,04/07/2026 04:24:37 PM
8022A,N,O,04/07/2026 09:57:46 AM
8022B,N,O,04/07/2026 09:57:46 AM
8023B,N,O,04/07/2026 11:36:07 AM
8030A,N,V,04/07/2026 03:17:07 PM
8030B,N,O,04/07/2026 05:13:31 PM
8031A,N,O,04/07/2026 04:51:06 PM
8031B,N,O,04/07/2026 10:00:46 AM
8032A,N,O,04/07/2026 09:57:48 AM
8032B,N,O,04/07/2026 02:35:34 PM
8033A,N,O,04/07/2026 04:31:50 PM
8033B,N,O,04/07/2026 01:35:50 PM
8034B,N,O,04/07/2026 09:56:30 AM
8035B,N,O,04/07/2026 02:17:19 PM
8042A,N,O,04/07/2026 09:57:46 AM
8042B,N,O,04/07/2026 09:58:02 AM
8043A,N,O,04/07/2026 09:56:51 AM
8043B,N,O,04/07/2026 09:56:47 AM
8044A,N,O,04/07/2026 09:55:45 AM
8044B,N,O,04/07/2026 11:06:15 AM
8045A,N,O,04/07/2026 09:59:49 AM
8045B,N,O,04/07/2026 09:59:49 AM
8052A,N,O,04/07/2026 08:57:50 AM
8054A,N,O,04/07/2026 08:55:52 AM
8054B,N,O,04/07/2026 04:47:45 PM
8055A,N,O,04/07/2026 05:34:20 PM
8055B,N,O,04/07/2026 03:22:31 PM
8056B,N,O,04/07/2026 08:58:47 AM
8057A,N,O,04/07/2026 08:57:49 AM
8057B,N,O,04/07/2026 08:57:52 AM
8058A,N,O,04/07/2026 04:19:17 PM
8058B,N,O,04/07/2026 08:56:48 AM
8059A,N,O,04/07/2026 05:18:30 PM
8061A,N,O,04/07/2026 04:30:52 PM
8061B,N,O,04/07/2026 05:22:14 PM
8062A,N,O,04/07/2026 05:32:59 PM
8062B,N,O,04/07/2026 04:37:55 PM
8063A,N,O,04/07/2026 05:02:11 PM
8063B,N,O,04/07/2026 11:53:29 AM
8064A,N,O,04/07/2026 03:30:43 PM
8064B,N,O,04/07/2026 04:56:39 PM
8071A,N,O,04/07/2026 09:58:44 AM
8071B,N,O,04/07/2026 09:58:44 AM
8072B,N,O,04/07/2026 09:57:45 AM
8079A,N,O,04/07/2026 09:55:44 AM
8079B,N,O,04/07/2026 09:55:44 AM
8080A,N,O,04/07/2026 09:59:48 AM
8082A,N,O,04/07/2026 09:57:50 AM
8082B,N,O,04/07/2026 09:57:50 AM
8083B,N,O,04/07/2026 09:56:46 AM
8084A,N,O,04/07/2026 09:55:44 AM
8084B,N,O,04/07/2026 04:37:13 PM
8085B,N,O,04/07/2026 09:59:52 AM
8086A,N,O,04/07/2026 10:01:21 AM
8086B,N,O,04/07/2026 09:58:54 AM
8087A,N,O,04/07/2026 09:58:23 AM
8087B,N,O,04/07/2026 09:57:48 AM
8092A,N,O,04/07/2026 11:58:26 AM
8092B,N,O,04/07/2026 09:57:54 AM
80A,N,O,04/07/2026 10:56:45 AM
80B,N,O,04/07/2026 05:25:26 PM
8101A,N,O,04/07/2026 09:58:52 AM
8101B,N,O,04/06/2026 09:58:49 AM
8103A,N,O,04/07/2026 12:40:50 PM
8103B,N,O,04/07/2026 08:56:49 AM
8104A,N,O,04/07/2026 02:33:56 PM
8104B,N,O,04/07/2026 04:43:24 PM
8106A,N,O,04/07/2026 08:58:47 AM
8106B,N,O,04/07/2026 02:28:51 PM
8107A,N,O,04/07/2026 04:06:06 PM
8107B,N,O,04/07/2026 10:41:22 AM
8108A,N,O,04/07/2026 04:10:32 PM
8108B,N,O,04/07/2026 02:26:37 PM
8109A,N,O,04/07/2026 08:55:49 AM
8109B,N,O,04/07/2026 03:11:33 PM
8110A,N,O,04/07/2026 08:59:51 AM
8110B,N,O,04/07/2026 09:00:06 AM
8111A,N,O,04/07/2026 08:59:05 AM
8112A,N,O,04/07/2026 11:12:19 AM
8112B,N,O,04/06/2026 09:33:47 PM
8113B,N,O,04/07/2026 03:51:37 PM
8114A,N,O,04/07/2026 08:55:46 AM
8114B,N,O,04/07/2026 08:55:53 AM
8115A,N,O,04/07/2026 02:37:40 PM
8115B,N,O,04/07/2026 04:59:00 PM
8116A,N,O,04/07/2026 12:36:47 PM
8120A,N,O,04/07/2026 09:59:58 AM
8120B,N,O,04/07/2026 02:07:10 PM
8121A,N,O,04/07/2026 02:23:50 PM
8121B,N,O,04/07/2026 04:13:29 PM
8122A,N,O,04/07/2026 03:43:25 PM
8122B,N,O,04/07/2026 05:07:41 PM
8123B,N,O,04/07/2026 09:56:39 AM
8124A,N,O,04/07/2026 09:56:15 AM
8124B,N,O,04/07/2026 09:56:15 AM
8125A,N,O,04/07/2026 09:59:47 AM
8125B,N,O,04/07/2026 09:59:47 AM
8126A,N,O,04/07/2026 01:38:47 PM
8126B,N,O,04/07/2026 09:58:38 AM
8127A,N,O,04/07/2026 09:57:53 AM
8127B,N,O,04/07/2026 09:57:46 AM
8128A,N,O,04/07/2026 10:37:50 AM
8128B,N,O,04/07/2026 09:56:40 AM
8129A,N,O,04/07/2026 09:55:48 AM
8129B,N,O,04/07/2026 09:55:48 AM
8130A,N,O,04/07/2026 10:00:07 AM
8130B,N,O,04/07/2026 02:45:25 PM
8131A,N,O,04/07/2026 04:56:11 PM
8132B,N,O,04/07/2026 09:57:46 AM
8135A,N,O,04/07/2026 08:59:47 AM
8135B,N,O,04/07/2026 02:44:35 PM
8136A,N,O,04/07/2026 10:27:51 AM
8136B,N,O,04/07/2026 02:03:17 PM
8137A,N,O,04/06/2026 08:57:45 AM
8137B,N,O,04/07/2026 05:06:33 PM
8138A,N,O,04/07/2026 08:56:54 AM
8138B,N,O,04/07/2026 08:56:47 AM
8139A,N,O,04/07/2026 05:35:46 PM
8139B,N,O,04/07/2026 01:03:03 PM
8144A,N,O,04/07/2026 11:51:02 AM
8144B,N,V,04/07/2026 03:31:52 PM
8145A,N,O,04/07/2026 01:37:11 PM
8145B,N,O,04/07/2026 03:00:33 PM
8146A,N,O,04/07/2026 08:59:02 AM
8146B,N,O,04/07/2026 11:20:49 AM
8147B,N,O,04/07/2026 05:08:05 PM
8148A,N,O,04/07/2026 09:07:31 AM
8148B,N,O,04/07/2026 03:02:25 PM
8149A,N,O,04/07/2026 02:23:27 PM
8149B,N,O,04/07/2026 11:36:33 AM
8150A,N,O,04/07/2026 05:30:03 PM
8150B,N,O,04/07/2026 03:06:28 PM
8152A,N,O,04/07/2026 09:57:54 AM
8152B,N,O,04/07/2026 04:57:13 PM
8153A,N,O,04/07/2026 04:22:59 PM
8154A,N,O,04/06/2026 08:55:49 AM
8154B,N,O,04/07/2026 03:13:41 PM
8155A,N,O,04/07/2026 05:15:03 PM
8155B,N,O,04/07/2026 01:59:52 PM
8156B,N,O,04/07/2026 04:46:19 PM
8157A,N,O,04/07/2026 09:40:08 AM
8157B,N,O,04/07/2026 08:57:49 AM
8158A,N,O,04/07/2026 08:56:47 AM
8158B,N,O,04/07/2026 02:38:37 PM
8159A,N,O,04/07/2026 08:55:45 AM
8159B,N,O,04/07/2026 08:55:45 AM
8160A,N,O,04/07/2026 05:24:48 PM
8160B,N,O,04/07/2026 08:59:51 AM
8161A,N,V,04/07/2026 11:57:10 AM
8161B,N,O,04/07/2026 03:24:30 PM
8162A,N,O,04/07/2026 08:57:53 AM
8162B,N,O,04/07/2026 08:58:01 AM
8163A,N,O,04/07/2026 08:56:40 AM
8163B,N,O,04/07/2026 08:56:40 AM
8164A,N,O,04/07/2026 08:55:38 AM
8164B,N,O,04/07/2026 08:55:38 AM
8177A,N,O,04/07/2026 09:58:01 AM
8179A,N,O,04/07/2026 11:41:09 AM
8179B,N,O,04/07/2026 09:55:46 AM
8185B,N,V,04/07/2026 05:36:31 PM
8186A,N,O,04/07/2026 10:00:50 AM
8186B,N,O,04/07/2026 10:01:33 AM
8187A,N,O,04/07/2026 09:57:52 AM
8188A,N,O,04/07/2026 09:56:59 AM
8188B,N,O,04/07/2026 09:56:48 AM
8189A,N,O,04/07/2026 02:07:46 PM
8190A,N,O,04/06/2026 09:59:44 AM
8190B,N,O,04/07/2026 09:59:49 AM
8191A,N,O,04/07/2026 12:00:25 PM
8191B,N,O,04/07/2026 09:58:45 AM
8192A,N,O,04/07/2026 09:58:01 AM
8192B,N,O,04/07/2026 04:15:49 PM
8193A,N,O,04/07/2026 09:56:42 AM
8193B,N,O,04/07/2026 05:32:52 PM
8194A,N,V,04/07/2026 01:48:50 PM
8194B,N,V,04/07/2026 01:58:33 PM
8195A,N,O,04/07/2026 09:59:45 AM
8195B,N,O,04/07/2026 09:59:45 AM
8196A,N,O,04/07/2026 09:58:48 AM
8196B,N,O,04/05/2026 09:58:59 AM
8197A,N,O,04/07/2026 09:57:55 AM
8197B,N,V,04/07/2026 05:36:45 PM
8198A,N,V,04/07/2026 05:33:14 PM
8198B,N,O,04/07/2026 03:51:22 PM
8199A,N,O,04/07/2026 05:04:00 PM
8199B,N,O,04/07/2026 09:55:45 AM
81A,N,O,04/07/2026 04:38:58 PM
81B,N,O,04/07/2026 05:25:18 PM
8201A,N,O,04/07/2026 09:58:53 AM
8201B,N,O,04/07/2026 09:58:53 AM
8202A,N,O,04/07/2026 04:53:37 PM
8202B,N,O,04/07/2026 01:25:18 PM
8203A,N,O,04/07/2026 09:56:50 AM
8203B,N,O,04/05/2026 09:56:45 AM
8211A,N,O,04/07/2026 09:58:48 AM
8211B,N,O,04/07/2026 05:07:40 PM
8212A,N,O,04/07/2026 09:58:06 AM
8212B,N,O,04/07/2026 09:57:50 AM
8213A,N,O,04/07/2026 09:56:55 AM
8214A,N,O,04/07/2026 01:18:29 PM
8214B,N,O,04/07/2026 09:55:48 AM
8215B,N,O,04/07/2026 09:59:46 AM
8216A,N,O,04/07/2026 09:58:42 AM
8218A,N,O,04/07/2026 04:41:31 PM
8218B,N,O,04/07/2026 04:41:49 PM
8219A,N,O,04/07/2026 10:05:23 AM
8219B,N,O,04/07/2026 05:36:39 PM
8222A,N,O,04/07/2026 05:17:16 PM
8222B,N,O,04/07/2026 09:57:47 AM
8223A,N,O,04/07/2026 02:28:22 PM
8223B,N,O,04/07/2026 03:02:08 PM
8226A,N,O,04/07/2026 09:58:46 AM
8226B,N,O,04/07/2026 09:58:46 AM
8227B,N,O,04/07/2026 09:57:59 AM
8229A,N,O,04/07/2026 11:09:36 AM
8229B,N,O,04/07/2026 04:08:34 PM
8230A,N,O,04/07/2026 09:59:43 AM
8230B,N,O,04/07/2026 09:59:43 AM
8231A,N,V,04/07/2026 05:19:11 PM
8231B,N,O,04/07/2026 09:58:47 AM
8232B,N,O,04/07/2026 02:10:35 PM
8233A,N,O,04/07/2026 05:36:34 PM
8233B,N,O,04/07/2026 09:56:45 AM
8236B,N,O,04/07/2026 04:43:29 PM
8237A,N,O,04/07/2026 09:57:53 AM
8237B,N,O,04/06/2026 09:57:48 AM
8238A,N,O,04/07/2026 04:18:44 PM
8238B,N,O,04/07/2026 03:40:32 PM
8239A,N,O,04/07/2026 09:55:47 AM
8239B,N,O,04/07/2026 03:50:53 PM
8241A,N,O,04/07/2026 12:57:28 PM
8241B,N,O,04/07/2026 12:56:58 PM
8246A,N,O,04/07/2026 03:47:40 PM
8246B,N,O,04/07/2026 03:48:29 PM
8247A,N,V,04/07/2026 05:18:19 PM
8247B,N,V,04/07/2026 05:33:23 PM
8248A,N,V,04/07/2026 05:14:03 PM
8248B,N,O,04/07/2026 02:41:20 PM
8249A,N,V,04/07/2026 05:28:00 PM
8251A,N,O,04/07/2026 04:10:49 PM
8251B,N,O,04/07/2026 05:36:43 PM
8252A,N,O,04/07/2026 03:41:07 PM
8252B,N,O,04/07/2026 05:33:34 PM
8253A,N,O,04/07/2026 05:21:53 PM
8253B,N,V,04/07/2026 05:32:58 PM
8254A,N,O,04/07/2026 01:51:11 PM
8254B,N,O,04/07/2026 05:34:35 PM
8255A,N,O,04/07/2026 05:36:29 PM
8255B,N,O,04/07/2026 05:36:18 PM
8256B,N,O,04/07/2026 05:35:47 PM
8257A,N,O,04/07/2026 08:57:49 AM
8258A,N,O,04/07/2026 04:36:31 PM
8258B,N,V,04/07/2026 05:14:37 PM
8259A,N,O,04/07/2026 05:34:56 PM
8259B,N,O,04/07/2026 05:32:20 PM
8260A,N,O,04/07/2026 04:30:56 PM
8260B,N,O,04/07/2026 08:59:51 AM
8261A,N,O,04/07/2026 04:32:40 PM
8261B,N,O,04/07/2026 05:36:05 PM
8262A,N,O,04/07/2026 02:10:22 PM
8262B,N,O,04/07/2026 05:09:32 PM
8263A,N,V,04/07/2026 10:15:22 AM
8263B,N,O,04/07/2026 04:42:10 PM
8264A,N,O,04/07/2026 05:35:07 PM
8264B,N,O,04/07/2026 02:30:24 PM
8266A,N,V,04/07/2026 05:25:16 PM
8266B,N,O,04/07/2026 03:17:09 PM
8267A,N,O,04/07/2026 03:50:18 PM
8267B,N,O,04/07/2026 04:02:41 PM
8268A,N,V,04/07/2026 04:52:20 PM
8268B,N,V,04/07/2026 05:34:38 PM
8269A,N,O,04/07/2026 08:55:52 AM
8269B,N,O,04/07/2026 03:29:56 PM
82A,N,O,04/07/2026 03:25:22 PM
82B,N,O,04/07/2026 03:06:03 PM
8304A,N,V,04/07/2026 05:30:53 PM
8304B,N,V,04/07/2026 04:48:58 PM
8305A,N,O,04/07/2026 04:20:01 PM
8305B,N,V,04/07/2026 05:30:59 PM
8306A,N,O,04/07/2026 08:58:55 AM
8306B,N,O,04/07/2026 08:58:55 AM
8309A,N,O,04/07/2026 08:55:49 AM
8310A,N,V,04/07/2026 05:36:43 PM
8310B,N,O,04/07/2026 03:35:40 PM
8311A,N,V,04/07/2026 05:35:55 PM
8311B,N,V,04/07/2026 05:36:11 PM
8312A,N,O,04/07/2026 05:25:32 PM
8312B,N,V,04/07/2026 05:09:18 PM
8313A,N,V,04/07/2026 04:27:29 PM
8313B,N,O,04/07/2026 05:36:34 PM
8314A,N,O,04/07/2026 05:33:35 PM
8314B,N,V,04/07/2026 05:36:41 PM
8315A,N,V,04/07/2026 05:28:08 PM
8315B,N,V,04/07/2026 05:09:24 PM
8316A,N,O,04/07/2026 11:13:14 AM
8316B,N,O,04/07/2026 02:55:50 PM
8319A,N,O,04/07/2026 01:15:07 PM
8319B,N,V,04/07/2026 05:30:11 PM
8320A,N,V,04/07/2026 05:29:20 PM
8320B,N,O,04/07/2026 03:16:22 PM
8321A,N,V,04/07/2026 02:28:53 PM
8321B,N,V,04/07/2026 04:12:48 PM
8322A,N,O,04/07/2026 08:57:46 AM
8324B,N,O,04/07/2026 04:12:49 PM
8325A,N,V,04/07/2026 05:24:36 PM
8325B,N,O,04/07/2026 05:34:22 PM
8326A,N,V,04/07/2026 05:34:29 PM
8326B,N,V,04/07/2026 05:27:52 PM
8327A,N,V,04/07/2026 02:44:49 PM
8327B,N,V,04/07/2026 05:36:38 PM
8328A,N,O,04/07/2026 08:56:51 AM
8328B,N,O,04/07/2026 02:30:56 PM
8329A,N,V,04/07/2026 02:34:38 PM
8329B,N,O,04/07/2026 05:10:48 PM
8330A,N,O,04/07/2026 02:43:25 PM
8330B,N,O,04/07/2026 02:07:26 PM
8331A,N,V,04/07/2026 05:09:52 PM
8331B,N,O,04/07/2026 05:34:12 PM
8333A,N,O,04/07/2026 02:32:13 PM
8333B,N,V,04/07/2026 05:34:51 PM
8334B,N,O,04/07/2026 04:59:51 PM
8335A,N,V,04/07/2026 05:36:36 PM
8335B,N,V,04/07/2026 05:23:51 PM
8336A,N,O,04/07/2026 09:00:17 AM
8336B,N,O,04/07/2026 03:06:27 PM
8337B,N,O,04/07/2026 05:32:00 PM
8338A,N,O,04/07/2026 05:07:10 PM
8338B,N,O,04/07/2026 05:19:28 PM
8339A,N,O,04/07/2026 04:38:57 PM
8339B,N,O,04/07/2026 05:23:42 PM
8340A,N,O,04/07/2026 03:33:44 PM
8340B,N,O,04/07/2026 04:10:27 PM
8341A,N,O,04/07/2026 04:44:03 PM
8341B,N,O,04/07/2026 05:17:09 PM
8342A,N,O,04/07/2026 08:57:47 AM
8342B,N,O,04/07/2026 03:24:28 PM
8343A,NU,O,04/06/2026 08:44:02 PM
8343B,NU,O,04/06/2026 08:09:24 PM
8344A,N,V,04/07/2026 05:34:18 PM
8344B,N,O,04/07/2026 05:15:42 PM
8345A,N,O,04/07/2026 10:03:58 AM
8345B,N,O,04/07/2026 08:59:43 AM
8346A,N,O,04/07/2026 11:53:54 AM
8346B,N,O,04/07/2026 08:58:52 AM
8347A,N,O,04/07/2026 03:32:23 PM
8349A,N,O,04/07/2026 11:15:55 AM
8349B,N,O,04/07/2026 01:16:07 PM
8350A,N,O,04/07/2026 05:19:04 PM
8350B,N,O,04/07/2026 05:34:04 PM
8351A,N,O,04/07/2026 04:40:19 PM
8351B,N,O,04/07/2026 04:41:52 PM
8352A,N,O,04/07/2026 05:25:17 PM
8352B,N,V,04/07/2026 05:36:36 PM
8353B,N,O,04/07/2026 05:19:22 PM
8354A,N,V,04/07/2026 05:28:52 PM
8354B,N,O,04/07/2026 04:07:21 PM
8360B,N,V,04/07/2026 05:10:43 PM
8361A,N,O,04/07/2026 01:54:56 PM
8361B,N,V,04/07/2026 03:17:15 PM
8362A,N,O,04/07/2026 01:39:53 PM
8362B,N,V,04/07/2026 04:48:50 PM
8363A,N,O,04/07/2026 05:36:03 PM
8363B,N,V,04/07/2026 05:36:28 PM
8364A,N,O,04/07/2026 02:00:55 PM
8364B,N,O,04/07/2026 02:41:29 PM
8365A,N,V,04/07/2026 04:45:34 PM
8365B,N,O,04/07/2026 05:33:56 PM
8366A,N,O,04/07/2026 03:49:38 PM
8366B,N,V,04/07/2026 04:22:34 PM
8367A,N,O,04/07/2026 03:45:41 PM
8367B,N,V,04/07/2026 04:19:46 PM
8369A,N,O,04/07/2026 09:37:32 AM
8369B,N,O,04/07/2026 05:36:21 PM
8370A,N,O,04/07/2026 05:11:50 PM
8370B,N,O,04/07/2026 05:28:05 PM
8371A,N,O,04/07/2026 05:28:07 PM
8371B,N,V,04/07/2026 05:03:49 PM
8372A,N,V,04/07/2026 03:47:12 PM
8372B,N,O,04/07/2026 12:13:18 PM
8373A,N,V,04/07/2026 05:35:47 PM
8373B,N,O,04/07/2026 05:36:32 PM
8374A,N,V,04/07/2026 04:57:06 PM
8374B,N,O,04/07/2026 03:53:49 PM
8375A,N,O,04/07/2026 12:08:33 PM
8375B,N,O,04/07/2026 04:05:54 PM
8376A,N,O,04/07/2026 04:30:58 PM
8377A,N,O,04/07/2026 10:47:43 AM
8378A,N,O,04/07/2026 03:20:49 PM
8378B,N,V,04/07/2026 05:23:37 PM
8379A,N,O,04/07/2026 03:36:35 PM
8379B,N,V,04/07/2026 04:55:28 PM
8380A,N,V,04/07/2026 05:29:47 PM
8380B,N,O,04/07/2026 04:02:29 PM
8381A,N,O,04/07/2026 05:35:18 PM
8381B,N,O,04/07/2026 05:26:20 PM
8382A,N,V,04/07/2026 04:23:15 PM
8382B,N,V,04/07/2026 05:33:56 PM
8383A,N,V,04/07/2026 05:14:39 PM
8383B,N,V,04/07/2026 04:23:14 PM
8384A,N,O,04/07/2026 02:04:46 PM
8384B,N,O,04/07/2026 03:20:50 PM
8385A,N,O,04/07/2026 05:24:58 PM
8385B,N,V,04/07/2026 05:27:40 PM
8386A,N,O,04/07/2026 03:33:56 PM
8386B,N,V,04/07/2026 05:22:27 PM
8387A,N,O,04/07/2026 05:35:45 PM
8387B,N,V,04/07/2026 05:18:52 PM
8388A,N,O,04/07/2026 05:28:24 PM
8388B,N,O,04/07/2026 02:29:35 PM
8389A,N,O,04/07/2026 03:12:45 PM
8390A,N,O,04/07/2026 03:44:28 PM
8390B,N,V,04/07/2026 05:27:51 PM
8391A,N,O,04/07/2026 04:57:30 PM
8391B,N,V,04/07/2026 05:30:29 PM
8392A,N,O,04/07/2026 01:19:00 PM
8392B,N,V,04/07/2026 03:50:14 PM
8393A,N,O,04/07/2026 04:51:20 PM
8393B,N,V,04/07/2026 05:25:13 PM
8394A,N,O,04/07/2026 04:28:19 PM
8394B,N,V,04/07/2026 04:05:14 PM
8395A,N,O,04/07/2026 05:21:32 PM
8395B,N,V,04/07/2026 04:53:16 PM
8396B,N,O,04/07/2026 04:56:40 PM
8397A,N,V,04/07/2026 05:21:15 PM
8401B,N,V,04/07/2026 05:36:16 PM
8402A,N,V,04/07/2026 05:03:13 PM
8402B,N,O,04/07/2026 03:08:56 PM
8403A,N,O,04/07/2026 08:56:52 AM
8403B,N,O,04/07/2026 08:56:52 AM
8404A,N,O,04/07/2026 08:55:43 AM
8404B,N,O,04/07/2026 05:03:27 PM
8405A,N,O,04/07/2026 05:16:40 PM
8405B,N,O,04/07/2026 08:59:49 AM
8406A,N,O,04/07/2026 08:58:45 AM
8406B,N,O,04/07/2026 08:58:45 AM
8407A,N,O,04/07/2026 08:57:45 AM
8407B,N,O,04/07/2026 08:57:45 AM
8408A,N,O,04/07/2026 05:06:40 PM
8408B,N,O,04/07/2026 12:17:56 PM
8409A,N,O,04/07/2026 02:43:33 PM
8409B,N,O,04/07/2026 03:33:22 PM
8410A,N,O,04/07/2026 04:28:31 PM
8411A,N,O,04/07/2026 05:33:12 PM
8411B,N,V,04/07/2026 05:35:42 PM
8412A,N,V,04/07/2026 05:21:49 PM
8412B,N,V,04/07/2026 04:46:58 PM
8413A,N,O,04/07/2026 05:26:09 PM
8413B,N,O,04/07/2026 05:32:25 PM
8414A,N,O,04/07/2026 04:52:35 PM
8414B,N,O,04/07/2026 05:31:53 PM
8415A,N,V,04/07/2026 05:35:57 PM
8415B,N,V,04/07/2026 05:32:31 PM
8416A,N,O,04/07/2026 02:47:30 PM
8416B,N,O,04/07/2026 08:58:46 AM
8417A,N,O,04/07/2026 05:29:57 PM
8417B,N,O,04/07/2026 05:04:54 PM
8418A,N,O,04/07/2026 08:56:50 AM
8418B,N,O,04/07/2026 12:50:21 PM
8419A,N,O,04/07/2026 08:55:46 AM
8419B,N,O,04/07/2026 10:54:57 AM
8433A,N,O,04/07/2026 03:15:57 PM
8434A,N,V,04/07/2026 05:35:30 PM
8434B,N,O,04/07/2026 04:06:21 PM
8435A,N,O,04/07/2026 12:14:09 PM
8435B,N,O,04/07/2026 08:59:51 AM
8437A,N,O,04/07/2026 05:05:14 PM
8437B,N,V,04/07/2026 05:24:55 PM
8438A,N,O,04/07/2026 05:21:51 PM
8438B,N,O,04/07/2026 05:36:44 PM
8439A,N,O,04/07/2026 05:22:02 PM
8441A,N,O,04/07/2026 03:34:24 PM
8441B,N,O,04/07/2026 08:58:59 AM
8442B,N,O,04/07/2026 04:54:55 PM
8448A,N,O,04/07/2026 05:33:23 PM
8448B,N,O,04/07/2026 05:33:30 PM
8449A,N,O,04/07/2026 04:14:35 PM
8449B,N,O,04/07/2026 03:50:07 PM
8450A,N,O,04/07/2026 03:50:32 PM
8450B,N,O,04/07/2026 04:50:47 PM
8451A,N,O,04/06/2026 08:58:45 AM
8451B,N,O,04/07/2026 02:56:56 PM
8452A,N,O,04/07/2026 05:18:16 PM
8452B,N,V,04/07/2026 05:14:46 PM
8453A,N,O,04/07/2026 02:50:22 PM
8453B,N,O,04/07/2026 08:56:50 AM
8454A,N,O,04/07/2026 08:55:43 AM
8454B,N,O,04/07/2026 08:55:43 AM
8455A,N,O,04/07/2026 12:52:28 PM
8455B,N,V,04/07/2026 05:35:02 PM
8456A,N,O,04/07/2026 02:28:21 PM
8456B,N,O,04/07/2026 08:58:42 AM
8457A,N,O,04/07/2026 05:35:26 PM
8457B,N,V,04/07/2026 04:03:38 PM
8474A,N,O,04/07/2026 05:02:24 PM
8474B,N,V,04/06/2026 05:52:01 PM
8476A,N,O,04/07/2026 04:08:37 PM
8476B,N,V,04/07/2026 05:27:43 PM
8477A,N,O,04/07/2026 05:36:25 PM
8477B,N,O,04/06/2026 08:57:46 AM
8490B,N,O,04/07/2026 04:11:04 PM
8491A,N,O,04/07/2026 05:12:09 PM
8491B,N,O,04/07/2026 04:43:33 PM
8492A,N,O,04/07/2026 04:03:17 PM
8492B,N,O,04/07/2026 05:13:41 PM
8493A,N,O,04/07/2026 11:18:18 AM
8493B,N,O,04/07/2026 04:54:28 PM
8494A,N,O,04/07/2026 12:56:11 PM
8494B,N,O,04/07/2026 05:15:44 PM
8495A,N,O,04/07/2026 05:23:30 PM
8495B,N,O,04/07/2026 05:01:48 PM
8496A,N,V,04/07/2026 05:29:41 PM
8496B,N,O,04/07/2026 05:34:58 PM
8497A,N,O,04/07/2026 02:08:14 PM
8497B,N,O,04/07/2026 02:21:40 PM
8498A,N,O,04/07/2026 01:49:47 PM
8498B,N,O,04/07/2026 04:45:09 PM
8499A,N,O,04/07/2026 04:31:59 PM
8503A,N,V,04/07/2026 05:32:32 PM
8503B,N,O,04/06/2026 06:29:35 PM
8504A,N,O,04/07/2026 08:55:59 AM
8504B,N,O,04/07/2026 08:55:45 AM
8505A,N,O,04/07/2026 03:19:26 PM
8505B,N,O,04/07/2026 04:41:46 PM
8506A,N,O,04/07/2026 02:13:47 PM
8506B,N,O,04/07/2026 08:58:46 AM
8507B,N,O,04/07/2026 03:45:16 PM
8508A,N,O,04/07/2026 08:56:47 AM
8508B,N,O,04/07/2026 11:44:36 AM
8509A,N,O,04/07/2026 05:36:41 PM
8509B,N,O,04/07/2026 04:43:18 PM
8510A,N,O,04/07/2026 05:01:15 PM
8510B,N,O,04/07/2026 04:36:59 PM
8511A,N,O,04/07/2026 12:29:00 PM
8511B,N,O,04/07/2026 05:12:19 PM
8512A,N,V,04/07/2026 09:55:17 AM
8512B,N,O,04/07/2026 01:55:37 PM
8513A,N,O,04/07/2026 01:39:41 PM
8513B,N,O,04/07/2026 05:06:02 PM
8514A,N,V,04/07/2026 05:36:34 PM
8514B,N,O,04/07/2026 02:29:13 PM
8515A,N,O,04/07/2026 02:32:35 PM
8540A,N,O,04/07/2026 09:53:06 AM
8540B,N,O,04/07/2026 08:59:46 AM
8541A,N,O,04/07/2026 08:58:40 AM
8541B,N,O,04/07/2026 02:55:46 PM
8542A,N,O,04/07/2026 10:51:12 AM
8542B,N,O,04/07/2026 03:40:13 PM
8543A,N,O,04/07/2026 03:55:07 PM
8543B,N,O,04/07/2026 04:35:04 PM
8544A,N,O,04/07/2026 04:01:10 PM
8544B,N,O,04/07/2026 04:37:15 PM
8545A,N,O,04/07/2026 05:36:41 PM
8545B,N,O,04/07/2026 04:11:04 PM
8546A,N,V,04/07/2026 05:26:07 PM
8546B,N,O,04/07/2026 05:35:20 PM
8547A,N,O,04/07/2026 03:44:32 PM
8547B,N,O,04/07/2026 04:51:46 PM
8548A,N,O,04/07/2026 04:21:27 PM
8548B,N,O,04/07/2026 08:56:43 AM
8549A,N,O,04/07/2026 12:54:00 PM
8549B,N,O,04/07/2026 08:55:46 AM
8550A,N,O,04/07/2026 08:59:43 AM
8550B,N,O,04/07/2026 04:56:28 PM
8551A,N,O,04/07/2026 04:31:23 PM
8551B,N,O,04/07/2026 05:28:38 PM
8552A,N,O,04/07/2026 05:11:03 PM
8552B,N,O,04/07/2026 08:57:55 AM
8553A,N,O,04/07/2026 08:56:46 AM
8553B,N,O,04/07/2026 08:56:46 AM
8554A,N,O,04/07/2026 02:47:28 PM
8554B,N,O,04/07/2026 08:55:50 AM
8555A,N,O,04/07/2026 08:59:42 AM
8557A,N,O,04/07/2026 03:43:04 PM
8557B,N,O,04/07/2026 05:18:04 PM
8558A,N,O,04/07/2026 03:23:07 PM
8558B,N,O,04/07/2026 03:30:22 PM
8561A,N,O,04/07/2026 03:55:10 PM
8561B,N,O,04/07/2026 08:58:52 AM
8562B,N,O,04/07/2026 08:58:10 AM
8563A,N,O,04/07/2026 08:56:49 AM
8563B,N,O,04/06/2026 08:56:51 AM
8564A,N,O,04/07/2026 08:55:56 AM
8564B,N,O,04/07/2026 08:56:00 AM
8565A,N,O,04/07/2026 12:12:27 PM
8565B,N,O,04/07/2026 05:34:53 PM
8566A,N,O,04/07/2026 11:54:53 AM
8566B,N,O,04/07/2026 01:25:39 PM
8568A,N,O,04/07/2026 11:21:02 AM
8568B,N,O,04/05/2026 02:07:22 PM
8569A,N,V,04/07/2026 04:46:32 PM
8569B,N,V,04/07/2026 05:28:35 PM
8590A,N,O,04/07/2026 03:44:59 PM
8590B,N,O,04/07/2026 08:59:55 AM
8591A,N,O,04/07/2026 10:42:30 AM
8591B,N,V,04/07/2026 05:36:06 PM
8592A,N,O,04/07/2026 09:54:32 AM
8592B,N,O,04/07/2026 11:59:39 AM
8593A,NU,O,04/03/2026 08:56:45 AM
8593B,NU,O,04/03/2026 08:56:45 AM
8594A,N,O,04/07/2026 11:00:35 AM
8594B,N,O,04/07/2026 03:12:25 PM
8595A,N,O,04/07/2026 03:11:56 PM
8595B,N,O,04/07/2026 12:08:09 PM
8596A,N,O,04/07/2026 12:41:40 PM
8597A,N,O,04/07/2026 04:26:17 PM
8597B,N,V,04/07/2026 05:19:42 PM
8598A,N,V,04/07/2026 05:34:46 PM
8598B,N,O,04/07/2026 04:46:55 PM
8599A,N,O,04/07/2026 08:55:54 AM
8599B,N,O,04/07/2026 09:24:14 AM
8600A,N,O,04/07/2026 01:26:25 PM
8600B,N,O,04/07/2026 04:07:42 PM
8611A,N,O,04/07/2026 01:15:15 PM
8611B,N,O,04/07/2026 11:53:13 AM
8612A,N,O,04/07/2026 05:07:34 PM
8612B,N,O,04/07/2026 05:34:09 PM
8613A,N,V,04/07/2026 05:22:09 PM
8613B,N,O,04/07/2026 03:42:43 PM
8614A,N,O,04/07/2026 08:55:48 AM
8614B,N,V,04/07/2026 05:22:16 PM
8616A,N,O,04/07/2026 04:45:40 PM
8616B,N,O,04/07/2026 05:14:43 PM
8617A,N,O,04/07/2026 11:58:24 AM
8617B,N,O,04/07/2026 03:45:29 PM
8618A,N,V,04/07/2026 05:24:53 PM
8618B,N,O,04/07/2026 05:02:14 PM
8619A,N,O,04/07/2026 04:34:33 PM
8619B,N,O,04/07/2026 04:34:21 PM
8620A,N,O,04/07/2026 09:54:01 AM
8622A,N,O,04/07/2026 11:14:05 AM
8623A,N,O,04/07/2026 11:08:03 AM
8623B,N,O,04/07/2026 03:06:29 PM
8625A,N,O,04/07/2026 09:59:41 AM
8625B,N,O,04/07/2026 09:59:41 AM
8626A,N,O,04/07/2026 02:15:37 PM
8627A,N,V,04/07/2026 05:29:52 PM
8627B,N,O,04/07/2026 04:36:31 PM
8628A,N,O,04/07/2026 04:57:25 PM
8628B,N,O,04/07/2026 12:22:47 PM
8629A,N,V,04/07/2026 05:18:25 PM
8629B,N,V,04/07/2026 05:34:27 PM
8630A,N,O,04/07/2026 11:26:09 AM
8630B,N,O,04/07/2026 05:36:39 PM
8631A,N,O,04/07/2026 05:34:34 PM
8631B,N,O,04/07/2026 04:30:44 PM
8632A,N,O,04/07/2026 01:41:46 PM
8632B,N,O,04/07/2026 04:16:50 PM
8633A,N,O,04/07/2026 04:47:54 PM
8633B,N,O,04/07/2026 04:23:34 PM
8634A,N,O,04/07/2026 05:13:58 PM
8634B,N,O,04/07/2026 08:55:54 AM
8635A,N,O,04/07/2026 02:40:06 PM
8635B,N,O,04/07/2026 05:30:58 PM
8646A,N,O,04/07/2026 12:33:24 PM
8646B,N,O,04/07/2026 10:15:23 AM
8647A,N,O,04/07/2026 08:57:42 AM
8647B,N,O,04/07/2026 03:40:15 PM
8648A,N,O,04/07/2026 08:56:45 AM
8648B,N,O,04/07/2026 03:21:08 PM
8649A,N,O,04/07/2026 11:38:04 AM
8649B,N,O,04/07/2026 04:55:54 PM
8651A,N,O,04/07/2026 05:15:08 PM
8651B,N,O,04/07/2026 11:36:47 AM
8652A,N,O,04/07/2026 01:15:43 PM
8652B,N,O,04/07/2026 08:58:24 AM
8653A,N,O,04/07/2026 03:15:06 PM
8653B,N,O,04/07/2026 02:25:11 PM
8654A,N,V,04/07/2026 05:29:55 PM
8654B,N,O,04/07/2026 05:36:41 PM
8655A,N,O,04/07/2026 12:38:36 PM
8655B,N,O,04/07/2026 04:06:10 PM
8656A,N,O,04/07/2026 12:45:43 PM
8656B,N,O,04/07/2026 10:46:40 AM
8657A,N,O,04/07/2026 08:57:52 AM
8657B,N,O,04/07/2026 08:57:55 AM
8664A,N,V,04/07/2026 05:20:58 PM
8665A,N,V,04/07/2026 05:13:29 PM
8665B,N,O,04/07/2026 04:43:41 PM
8666A,N,O,04/07/2026 01:19:56 PM
8666B,N,O,04/07/2026 04:08:33 PM
8667A,N,V,04/07/2026 05:34:56 PM
8667B,N,O,04/07/2026 01:26:44 PM
8668A,N,O,04/07/2026 09:56:54 AM
8668B,N,O,04/07/2026 12:30:53 PM
8669A,N,O,04/07/2026 09:56:02 AM
8669B,N,O,04/07/2026 04:06:53 PM
8673A,N,V,04/07/2026 05:31:30 PM
8673B,N,O,04/07/2026 03:15:49 PM
8674A,N,O,04/07/2026 05:13:12 PM
8675A,N,O,04/07/2026 10:04:06 AM
8675B,N,O,04/07/2026 08:59:53 AM
8676A,N,O,04/07/2026 08:58:50 AM
8676B,N,O,04/07/2026 10:02:39 AM
8677B,N,O,04/07/2026 11:40:22 AM
8678A,N,V,04/07/2026 05:32:16 PM
8678B,N,O,04/07/2026 05:12:19 PM
8679A,N,O,04/07/2026 02:40:54 PM
8679B,N,O,04/07/2026 03:07:51 PM
8680A,N,O,04/07/2026 05:34:14 PM
8680B,N,O,04/07/2026 08:59:50 AM
8684A,N,O,04/07/2026 03:25:45 PM
8684B,N,O,04/07/2026 05:26:31 PM
8685A,N,O,04/07/2026 05:18:57 PM
8685B,N,O,04/07/2026 05:10:58 PM
8687A,N,O,04/07/2026 11:37:57 AM
8687B,N,O,04/07/2026 09:57:50 AM
8688A,N,O,04/07/2026 09:56:46 AM
8690B,N,O,04/07/2026 05:03:36 PM
8691A,N,O,04/07/2026 08:58:46 AM
8691B,N,O,04/07/2026 02:49:57 PM
8692A,N,O,04/07/2026 01:48:09 PM
8692B,N,O,04/07/2026 08:57:44 AM
8693A,N,O,04/07/2026 05:30:47 PM
8693B,N,O,04/07/2026 10:37:47 AM
8694A,N,O,04/07/2026 04:12:10 PM
8694B,N,O,04/07/2026 03:56:14 PM
8695A,N,O,04/07/2026 04:00:25 PM
8695B,N,O,04/07/2026 03:59:38 PM
8696A,N,O,04/07/2026 03:55:19 PM
8696B,N,O,04/07/2026 03:53:21 PM
8700A,N,O,04/07/2026 05:16:24 PM
8700B,N,O,04/07/2026 04:59:02 PM
8705A,N,O,04/07/2026 10:00:52 AM
8705B,N,V,04/07/2026 05:30:43 PM
8706A,N,O,04/07/2026 03:25:40 PM
8706B,N,O,04/07/2026 03:25:46 PM
8707A,N,O,04/07/2026 12:59:34 PM
8707B,N,O,04/07/2026 03:22:02 PM
8708A,N,O,04/07/2026 05:12:38 PM
8708B,N,O,04/07/2026 05:08:18 PM
870A,N,O,04/07/2026 05:36:38 PM
870B,N,O,04/07/2026 03:32:15 PM
8710A,N,O,04/07/2026 05:24:54 PM
8711A,N,O,04/07/2026 08:58:49 AM
8711B,N,O,04/07/2026 05:21:25 PM
8713A,N,V,04/07/2026 03:47:52 PM
8713B,N,O,04/07/2026 04:50:19 PM
8714A,N,O,04/07/2026 05:09:44 PM
8714B,N,O,04/07/2026 05:04:17 PM
8715A,N,O,04/07/2026 04:24:31 PM
8715B,N,V,04/07/2026 04:25:10 PM
8716B,N,V,04/06/2026 01:03:46 PM
8717A,N,V,04/06/2026 03:33:35 PM
8717B,N,O,04/06/2026 09:54:16 PM
8718A,N,O,04/06/2026 09:57:56 PM
8718B,N,O,04/05/2026 09:35:43 PM
8719B,N,V,04/07/2026 05:09:16 PM
871A,N,O,04/07/2026 04:21:12 PM
871B,N,O,04/07/2026 05:29:59 PM
8720A,N,O,04/07/2026 04:22:45 PM
8720B,N,V,04/07/2026 05:03:33 PM
8721A,N,O,04/07/2026 08:58:46 AM
8721B,N,O,04/07/2026 08:58:38 AM
8722A,N,O,04/07/2026 04:21:55 PM
8722B,N,O,04/07/2026 08:57:45 AM
8723B,N,O,04/07/2026 05:28:09 PM
8724A,N,O,04/07/2026 08:55:49 AM
8724B,N,V,04/07/2026 11:55:50 AM
8725A,N,V,04/07/2026 09:59:18 AM
8725B,N,O,04/07/2026 08:59:51 AM
8726A,N,V,04/07/2026 04:19:47 PM
8726B,N,O,04/07/2026 05:35:52 PM
8727A,N,V,04/05/2026 02:12:19 PM
8727B,N,O,04/07/2026 05:36:24 PM
8728A,N,V,04/07/2026 05:09:29 PM
8728B,N,V,04/05/2026 05:10:58 PM
8729A,N,V,04/05/2026 09:48:52 PM
8729B,N,V,04/07/2026 05:05:20 PM
8730A,N,V,04/07/2026 05:09:10 PM
8730B,N,V,04/07/2026 05:33:42 PM
8731A,N,O,04/07/2026 12:46:53 PM
8731B,N,O,04/07/2026 04:48:11 PM
8733A,N,O,04/07/2026 05:03:02 PM
8733B,N,O,04/07/2026 05:19:32 PM
8734A,N,O,04/07/2026 10:20:16 AM
8734B,N,O,04/07/2026 03:02:04 PM
8735A,N,O,04/07/2026 04:39:58 PM
8735B,N,O,04/07/2026 04:49:35 PM
8736A,N,O,04/07/2026 05:25:35 PM
8736B,N,O,04/07/2026 09:38:23 AM
8737A,N,O,04/07/2026 04:36:10 PM
8737B,N,O,04/07/2026 01:54:35 PM
8738A,N,O,04/07/2026 03:25:37 PM
8738B,N,O,04/07/2026 12:51:46 PM
8739A,N,O,04/07/2026 03:33:27 PM
8739B,N,O,04/07/2026 02:59:03 PM
8750A,N,O,04/07/2026 08:59:49 AM
8751A,N,O,04/07/2026 02:58:03 PM
8751B,N,O,04/07/2026 11:04:10 AM
8753A,N,O,04/07/2026 11:25:20 AM
8754A,N,O,04/07/2026 05:21:41 PM
8754B,N,V,04/07/2026 05:35:05 PM
8755B,N,O,04/07/2026 08:59:45 AM
8756A,N,O,04/07/2026 08:58:49 AM
8757A,N,O,04/07/2026 11:33:25 AM
8757B,N,O,04/07/2026 02:06:10 PM
8758A,N,O,04/07/2026 05:08:18 PM
8758B,N,O,04/07/2026 12:53:17 PM
8759A,N,O,04/07/2026 04:54:29 PM
8759B,N,O,04/07/2026 10:14:14 AM
8760B,N,O,04/07/2026 05:26:52 PM
8762A,N,O,04/07/2026 05:31:30 PM
8762B,N,V,04/07/2026 04:41:18 PM
8764A,N,O,04/07/2026 05:30:00 PM
8765A,N,O,04/07/2026 03:40:41 PM
8765B,N,O,04/07/2026 11:31:14 AM
8766A,N,O,04/07/2026 05:20:05 PM
8766B,N,O,04/06/2026 05:39:05 PM
8767A,N,O,04/07/2026 10:03:56 AM
8767B,N,O,04/07/2026 03:11:55 PM
8768A,N,O,04/07/2026 05:24:25 PM
8768B,N,O,04/07/2026 05:07:32 PM
876A,N,V,04/07/2026 05:28:56 PM
876B,N,O,04/07/2026 08:58:46 AM
877A,N,O,04/07/2026 05:33:10 PM
877B,N,O,04/07/2026 03:27:52 PM
878A,N,V,04/07/2026 05:29:57 PM
878B,N,V,04/07/2026 05:30:34 PM
879A,N,V,04/07/2026 05:36:17 PM
879B,N,O,04/07/2026 05:18:17 PM
8803A,N,O,04/07/2026 08:56:47 AM
8804A,N,O,04/07/2026 01:29:15 PM
8804B,N,O,04/07/2026 08:55:47 AM
8805A,N,O,04/07/2026 11:57:44 AM
8805B,N,O,04/07/2026 09:55:58 AM
8806A,NU,O,04/06/2026 04:43:10 PM
8806B,NU,O,04/06/2026 06:14:13 PM
8807A,N,O,04/07/2026 03:24:45 PM
8807B,N,O,04/07/2026 12:03:14 PM
8808B,N,O,04/07/2026 05:31:55 PM
8809A,N,O,04/07/2026 04:25:42 PM
8809B,N,O,04/07/2026 05:22:50 PM
880A,N,O,04/07/2026 05:23:46 PM
880B,N,O,04/07/2026 05:31:40 PM
8810A,N,O,04/07/2026 05:21:36 PM
8810B,N,O,04/07/2026 08:59:52 AM
8819A,N,O,04/07/2026 05:08:12 PM
8819B,N,O,04/07/2026 05:04:12 PM
881A,N,O,04/07/2026 04:48:32 PM
881B,N,O,04/07/2026 03:51:34 PM
8820A,N,V,04/07/2026 05:30:27 PM
8820B,N,V,04/07/2026 05:25:36 PM
8822A,N,O,04/07/2026 04:03:02 PM
8822B,N,O,04/07/2026 03:26:47 PM
8825A,N,O,04/07/2026 05:36:25 PM
8825B,N,V,04/07/2026 05:36:39 PM
8826A,N,V,04/07/2026 04:29:26 PM
8826B,N,V,04/07/2026 05:05:42 PM
8827A,N,V,04/07/2026 05:25:16 PM
882A,N,O,04/07/2026 03:54:54 PM
882B,N,V,04/07/2026 05:34:06 PM
8830A,N,O,04/07/2026 05:36:28 PM
8830B,N,O,04/07/2026 05:15:10 PM
8831A,N,O,04/07/2026 12:09:42 PM
8831B,N,O,04/07/2026 08:58:39 AM
8832A,N,O,04/07/2026 05:11:30 PM
8832B,N,O,04/07/2026 01:00:20 PM
8833A,N,O,04/07/2026 08:56:40 AM
8833B,N,O,04/07/2026 05:16:33 PM
8834A,N,O,04/07/2026 08:55:47 AM
8834B,N,O,04/07/2026 10:50:22 AM
8835A,N,O,04/07/2026 08:59:51 AM
8835B,N,O,04/07/2026 08:59:44 AM
883A,N,O,04/07/2026 05:36:17 PM
883B,N,O,04/07/2026 02:05:20 PM
884A,N,O,04/07/2026 03:05:53 PM
884B,N,O,04/07/2026 04:03:03 PM
8856A,N,O,04/07/2026 03:05:16 PM
8856B,N,O,04/07/2026 05:14:56 PM
8857A,N,O,04/07/2026 09:26:53 AM
8857B,N,O,04/07/2026 02:28:48 PM
8859A,N,O,04/07/2026 05:11:34 PM
8859B,N,O,04/07/2026 09:55:54 AM
885A,N,V,04/07/2026 05:36:38 PM
885B,N,O,04/07/2026 05:18:23 PM
8860A,N,O,04/07/2026 09:59:42 AM
8860B,N,O,04/07/2026 09:59:42 AM
8862A,N,V,04/07/2026 12:30:03 PM
8862B,N,O,04/07/2026 09:57:55 AM
886A,N,O,04/07/2026 01:06:25 PM
886B,N,O,04/07/2026 05:08:37 PM
8886A,N,O,04/07/2026 01:29:57 PM
8886B,N,O,04/07/2026 04:26:51 PM
8888A,N,O,04/07/2026 09:56:47 AM
8890A,N,O,04/07/2026 03:50:09 PM
8890B,N,O,04/07/2026 05:24:18 PM
8891A,N,O,04/07/2026 01:15:14 PM
8891B,N,O,04/07/2026 04:23:36 PM
8892A,N,O,04/07/2026 05:30:29 PM
8892B,N,O,04/07/2026 02:48:46 PM
8893A,N,O,04/07/2026 04:41:57 PM
8893B,N,O,04/07/2026 08:56:47 AM
8894B,N,O,04/07/2026 04:24:18 PM
8895A,N,O,04/07/2026 04:06:12 PM
8895B,N,O,04/07/2026 02:02:25 PM
8896A,N,O,04/07/2026 03:33:46 PM
8896B,N,O,04/07/2026 03:52:27 PM
8897A,N,O,04/07/2026 01:23:55 PM
8897B,N,O,04/07/2026 05:27:34 PM
8899A,NU,O,04/07/2026 08:55:49 AM
8899B,NU,O,04/07/2026 11:41:35 AM
889A,N,O,04/07/2026 11:12:07 AM
889B,N,V,04/07/2026 05:35:18 PM
88A,N,O,04/07/2026 04:43:56 PM
88B,N,V,04/07/2026 05:36:04 PM
8900A,N,O,04/07/2026 08:59:54 AM
8900B,N,O,04/07/2026 04:29:04 PM
8904A,N,O,04/07/2026 04:01:24 PM
8904B,N,O,04/07/2026 12:57:26 PM
8906A,N,O,04/07/2026 05:18:58 PM
8906B,N,O,04/07/2026 04:59:54 PM
890A,N,O,04/07/2026 05:01:02 PM
890B,N,O,04/07/2026 04:30:29 PM
8935A,N,O,04/07/2026 08:59:44 AM
8935B,N,O,04/06/2026 11:55:53 AM
8936A,N,O,04/07/2026 03:20:03 PM
8936B,N,O,04/07/2026 01:13:40 PM
8937A,N,O,04/07/2026 01:18:41 PM
8937B,N,O,04/07/2026 02:54:44 PM
8938A,N,O,04/07/2026 10:53:25 AM
8938B,N,O,04/07/2026 08:56:48 AM
8939A,N,O,04/07/2026 03:34:33 PM
8939B,N,O,04/07/2026 08:55:55 AM
8961A,N,O,04/07/2026 09:58:52 AM
8961B,N,O,04/07/2026 09:58:52 AM
8962A,N,O,04/07/2026 09:57:51 AM
8962B,N,O,04/07/2026 09:57:51 AM
8963A,N,O,04/07/2026 09:56:45 AM
8963B,N,O,04/07/2026 09:56:54 AM
8964B,N,O,04/07/2026 09:55:45 AM
8965A,N,O,04/07/2026 10:01:28 AM
8965B,N,O,04/07/2026 10:01:28 AM
8966A,N,O,04/07/2026 09:59:13 AM
8966B,N,O,04/07/2026 09:59:16 AM
899B,N,O,04/02/2026 06:55:51 AM
89A,N,O,04/07/2026 05:00:28 PM
89B,N,V,04/07/2026 05:23:53 PM
8A,NU,V,02/25/2026 11:17:55 PM
8B,NU,O,02/25/2026 08:56:25 PM
90004A,N,O,04/06/2026 01:56:41 AM
90004B,N,O,04/07/2026 01:56:24 AM
90006A,N,O,04/07/2026 05:30:23 PM
90006B,NU,O,04/07/2026 02:30:46 PM
90007A,NU,O,04/04/2026 12:00:46 AM
90007B,NU,O,04/04/2026 12:00:17 AM
90010A,N,O,04/07/2026 01:59:45 AM
90010B,N,O,04/07/2026 01:59:49 AM
90055A,NU,O,03/28/2026 12:30:40 PM
90055B,NU,O,03/27/2026 02:03:59 PM
90056A,N,O,04/07/2026 05:58:40 AM
90056B,N,O,04/07/2026 05:58:40 AM
90061A,NU,V,07/03/2023 10:42:34 AM
90061B,NU,V,07/03/2023 10:42:34 AM
90063A,NU,O,12/22/2025 03:31:18 PM
90063B,NU,O,12/22/2025 03:27:37 PM
90064A,NU,O,12/22/2025 03:32:45 PM
90064B,NU,O,12/22/2025 03:32:45 PM
90066A,NU,O,03/28/2026 12:30:43 PM
90066B,NU,O,03/28/2026 12:31:04 PM
900A,N,O,04/07/2026 03:57:46 PM
900B,N,O,04/07/2026 04:09:08 PM
901A,N,O,04/07/2026 02:32:17 PM
901B,N,O,04/07/2026 05:26:08 PM
9021A,N,O,04/07/2026 08:58:46 AM
9021B,N,O,04/07/2026 03:09:54 PM
9022A,N,O,04/07/2026 08:57:44 AM
9022B,N,O,04/07/2026 05:12:31 PM
902A,N,V,01/12/2026 10:52:05 AM
902B,N,O,01/12/2026 10:51:48 AM
9034A,N,O,04/07/2026 12:11:54 PM
9034B,N,O,04/07/2026 05:32:36 PM
9035A,N,O,04/07/2026 12:36:50 PM
9035B,N,O,04/07/2026 08:59:48 AM
9036A,N,O,04/07/2026 08:58:48 AM
9036B,N,O,04/07/2026 04:37:59 PM
9037A,N,O,04/06/2026 08:57:50 AM
9037B,N,O,04/07/2026 09:52:12 AM
9038A,N,O,04/07/2026 08:56:41 AM
9038B,N,O,04/07/2026 08:56:44 AM
9039A,N,O,04/07/2026 08:55:44 AM
9039B,N,O,04/07/2026 08:55:44 AM
903A,N,O,04/07/2026 05:02:08 PM
903B,N,O,04/07/2026 05:36:07 PM
9040A,N,O,04/07/2026 01:18:03 PM
9040B,N,O,04/07/2026 11:23:22 AM
9041A,N,O,04/07/2026 10:39:02 AM
9041B,N,O,04/07/2026 01:27:34 PM
9044A,N,O,04/07/2026 08:55:50 AM
9044B,N,O,04/07/2026 03:18:34 PM
904A,N,O,04/07/2026 02:52:10 PM
904B,N,O,04/07/2026 02:00:26 PM
9051A,N,O,04/07/2026 08:58:47 AM
9051B,N,O,04/07/2026 08:58:47 AM
9052A,N,O,04/07/2026 03:41:35 PM
9052B,N,O,04/07/2026 08:57:50 AM
9053A,N,O,04/07/2026 08:56:54 AM
9053B,N,O,04/07/2026 03:08:19 PM
9054A,N,O,04/05/2026 08:02:03 PM
9054B,N,O,04/07/2026 08:55:51 AM
9055A,N,O,04/07/2026 04:50:07 PM
9055B,N,V,04/07/2026 01:24:36 PM
9056B,N,O,04/07/2026 08:58:43 AM
905A,N,O,04/07/2026 02:12:39 PM
905B,N,O,04/07/2026 03:06:39 PM
9061A,N,O,04/07/2026 11:14:43 AM
9061B,N,O,04/07/2026 12:02:25 PM
9062A,N,O,04/07/2026 08:57:44 AM
9062B,N,V,04/07/2026 05:34:55 PM
9075A,N,O,04/07/2026 08:59:52 AM
9075B,N,O,04/07/2026 08:59:56 AM
9076A,N,O,04/07/2026 08:58:44 AM
9076B,N,O,04/07/2026 08:58:44 AM
9077A,N,O,04/07/2026 08:57:51 AM
907B,N,O,04/07/2026 08:16:13 AM
9080A,N,O,04/07/2026 08:59:52 AM
9080B,N,O,04/07/2026 08:59:48 AM
9082A,N,O,04/07/2026 10:40:40 AM
9082B,N,O,04/07/2026 05:19:42 PM
9083A,N,V,04/07/2026 05:36:13 PM
9083B,N,O,04/07/2026 08:56:46 AM
9084A,N,O,04/07/2026 01:11:39 PM
9084B,N,O,04/07/2026 05:36:39 PM
9085B,N,O,04/07/2026 08:59:49 AM
9086A,N,V,04/07/2026 05:12:29 PM
9086B,N,O,04/07/2026 10:22:17 AM
9087A,N,O,04/07/2026 08:57:50 AM
9087B,N,O,04/07/2026 08:57:42 AM
9088A,N,O,04/07/2026 08:56:47 AM
9088B,N,O,04/07/2026 08:56:43 AM
9089A,N,O,04/07/2026 05:29:49 PM
9089B,N,O,04/07/2026 08:55:50 AM
908B,N,O,04/02/2026 06:56:44 AM
9090B,N,O,04/07/2026 12:20:21 PM
9091A,N,O,04/07/2026 09:58:53 AM
9092A,N,O,04/07/2026 04:58:26 PM
9092B,N,O,04/07/2026 03:50:35 PM
9093A,N,O,04/07/2026 09:56:39 AM
9093B,N,O,04/07/2026 09:56:39 AM
9094B,N,O,04/07/2026 09:55:41 AM
9095A,N,O,04/07/2026 08:59:48 AM
9095B,N,O,04/07/2026 08:59:44 AM
9096A,N,O,04/07/2026 01:04:15 PM
9096B,N,O,04/07/2026 10:34:02 AM
9098A,N,O,04/07/2026 11:48:19 AM
9098B,N,O,04/07/2026 04:33:12 PM
9099A,N,V,04/07/2026 05:36:19 PM
909A,N,O,04/02/2026 11:27:21 AM
909B,N,O,04/02/2026 12:32:32 PM
90A,N,V,04/07/2026 05:36:40 PM
90B,N,O,04/07/2026 05:18:42 PM
910A,N,O,04/02/2026 07:29:44 PM
912A,N,O,04/07/2026 05:35:45 PM
912B,N,O,04/07/2026 02:18:46 PM
913A,N,O,04/07/2026 05:36:36 PM
913B,N,O,04/07/2026 04:59:53 PM
9143A,N,O,04/07/2026 02:24:15 PM
9143B,N,O,04/07/2026 09:57:01 AM
9144A,N,O,04/07/2026 09:55:50 AM
9144B,N,O,04/07/2026 09:55:50 AM
9145A,N,O,04/07/2026 05:17:59 PM
9145B,N,O,04/07/2026 04:10:09 PM
9146B,N,O,04/07/2026 05:28:03 PM
9156A,N,O,04/07/2026 04:58:27 PM
9156B,N,O,04/07/2026 03:54:10 PM
9157A,N,O,04/07/2026 05:15:07 PM
9157B,N,O,04/07/2026 01:42:19 PM
9158A,N,O,04/07/2026 08:56:53 AM
9158B,N,O,04/07/2026 05:09:04 PM
9159A,N,O,04/07/2026 08:55:47 AM
9159B,N,O,04/07/2026 03:55:57 PM
915B,N,O,04/07/2026 05:10:42 PM
9161A,N,O,04/07/2026 08:58:42 AM
9161B,N,O,04/07/2026 08:58:42 AM
9162B,N,O,04/07/2026 03:29:30 PM
9163A,N,O,04/07/2026 08:56:42 AM
9163B,N,O,04/07/2026 08:56:42 AM
9164A,N,O,04/07/2026 03:58:17 PM
9164B,N,O,04/07/2026 08:55:47 AM
9165A,N,O,04/07/2026 05:01:44 PM
9168B,N,O,04/07/2026 09:56:49 AM
9169A,N,O,04/07/2026 09:55:44 AM
9169B,N,O,04/07/2026 09:55:44 AM
916A,N,V,04/02/2026 09:28:42 AM
9171B,N,O,04/07/2026 12:57:58 PM
9172A,N,V,04/07/2026 12:02:18 PM
9172B,N,O,04/07/2026 05:34:59 PM
9173A,N,O,04/07/2026 05:02:04 PM
9173B,N,O,04/07/2026 04:06:02 PM
9174A,N,O,04/07/2026 02:44:33 PM
9174B,N,O,04/07/2026 03:28:18 PM
9175A,N,O,04/07/2026 12:59:25 PM
9175B,N,O,04/07/2026 03:58:03 PM
9176A,N,O,04/07/2026 05:11:23 PM
9176B,N,O,04/07/2026 08:58:44 AM
9177A,N,O,04/07/2026 10:24:35 AM
9179A,N,O,04/07/2026 11:32:11 AM
9179B,N,O,04/07/2026 05:36:43 PM
9180A,N,O,04/07/2026 04:06:45 PM
9180B,N,V,04/07/2026 11:21:18 AM
9181A,N,O,04/07/2026 01:31:20 PM
9181B,N,O,04/07/2026 08:58:42 AM
9182A,N,O,04/07/2026 11:06:06 AM
9182B,N,O,04/07/2026 02:33:20 PM
9183A,N,O,04/07/2026 08:56:46 AM
9185A,N,O,04/07/2026 05:30:49 PM
9185B,N,O,04/07/2026 05:13:55 PM
9186A,N,O,04/07/2026 05:35:35 PM
9186B,N,O,04/07/2026 05:33:33 PM
9187A,N,O,04/07/2026 02:31:33 PM
9187B,N,O,04/07/2026 12:21:30 PM
9188A,N,V,04/07/2026 04:04:16 PM
9189B,N,O,04/07/2026 08:55:55 AM
918A,N,O,04/07/2026 05:21:14 PM
918B,N,O,04/07/2026 05:29:22 PM
9190A,N,O,04/07/2026 05:21:45 PM
9190B,N,V,04/07/2026 02:15:26 PM
9191A,N,O,04/07/2026 09:53:23 AM
9191B,N,O,04/07/2026 04:31:31 PM
919A,N,O,04/07/2026 05:09:56 PM
919B,N,V,04/07/2026 04:41:53 PM
91A,N,V,04/07/2026 05:11:49 PM
9227A,N,O,04/07/2026 04:02:27 PM
9228A,N,O,04/07/2026 05:31:27 PM
9228B,N,O,04/07/2026 05:24:02 PM
9229A,N,O,04/07/2026 08:55:51 AM
9229B,N,O,04/07/2026 05:35:30 PM
9230A,N,O,04/07/2026 01:49:06 PM
9234B,N,O,04/07/2026 02:43:42 PM
9235A,N,O,04/07/2026 05:29:51 PM
9235B,N,O,04/07/2026 05:36:39 PM
9236A,N,O,04/07/2026 05:35:32 PM
9236B,N,O,04/07/2026 05:09:30 PM
9237A,N,O,04/07/2026 04:39:08 PM
9238A,N,O,04/07/2026 10:43:16 AM
9238B,N,O,04/07/2026 12:26:42 PM
9239A,N,O,04/07/2026 10:19:29 AM
9239B,N,O,04/07/2026 08:55:50 AM
9240A,N,O,04/07/2026 08:59:46 AM
9240B,N,O,04/07/2026 03:45:45 PM
9241B,N,V,04/07/2026 05:34:46 PM
9247B,N,O,04/02/2026 07:57:51 AM
9248A,N,O,04/07/2026 08:56:50 AM
9248B,N,O,04/07/2026 04:34:13 PM
9249A,N,O,04/07/2026 08:55:49 AM
9249B,N,O,04/07/2026 12:02:49 PM
9250B,N,O,04/07/2026 09:00:52 AM
9251A,N,O,04/07/2026 02:17:35 PM
9252A,N,O,04/07/2026 04:00:51 PM
9252B,N,O,04/07/2026 05:12:19 PM
9253A,N,O,04/07/2026 05:26:24 PM
9253B,N,O,04/07/2026 08:56:55 AM
9255A,N,O,04/07/2026 03:59:00 PM
9255B,N,O,04/07/2026 11:57:50 AM
9256A,N,V,04/07/2026 04:35:46 PM
9256B,N,O,04/07/2026 08:58:56 AM
9257A,N,O,04/07/2026 05:17:59 PM
9257B,N,O,04/07/2026 05:12:34 PM
9258A,N,O,04/07/2026 08:56:49 AM
9258B,N,O,04/07/2026 03:45:20 PM
9259A,N,V,04/07/2026 03:39:23 PM
9259B,N,O,04/07/2026 08:55:52 AM
9264A,N,O,04/07/2026 08:56:17 AM
9264B,N,O,04/07/2026 05:31:46 PM
9265A,N,O,04/07/2026 04:56:03 PM
9265B,N,O,04/07/2026 02:05:00 PM
9266A,N,O,04/07/2026 05:07:10 PM
9266B,N,O,04/07/2026 01:01:42 PM
9268A,N,O,04/07/2026 08:56:58 AM
9268B,N,O,04/07/2026 08:56:47 AM
9269A,N,O,04/07/2026 08:55:46 AM
9269B,N,O,04/07/2026 05:23:59 PM
926A,N,V,04/07/2026 05:23:06 PM
926B,N,V,04/07/2026 05:33:37 PM
9270A,N,O,04/07/2026 08:59:48 AM
9270B,N,O,04/07/2026 05:12:17 PM
9271A,N,O,04/07/2026 08:58:47 AM
9271B,N,O,04/07/2026 08:58:54 AM
9272A,N,O,04/07/2026 08:57:46 AM
9272B,N,O,04/07/2026 01:35:18 PM
9273A,N,O,04/07/2026 08:56:57 AM
9273B,N,O,04/07/2026 11:55:52 AM
9274A,N,O,04/07/2026 03:58:06 PM
9274B,N,O,04/07/2026 03:38:11 PM
9276A,N,O,04/07/2026 04:47:44 PM
9276B,N,O,04/07/2026 05:09:31 PM
9277A,N,O,04/07/2026 05:34:59 PM
9277B,N,O,04/07/2026 11:59:09 AM
9278A,N,O,04/07/2026 02:22:59 PM
9278B,N,O,04/07/2026 08:56:46 AM
9279A,N,O,04/07/2026 08:55:47 AM
9279B,N,O,04/07/2026 09:48:36 AM
927A,N,V,04/07/2026 01:44:20 PM
927B,N,O,04/07/2026 03:22:25 PM
9280A,N,O,04/07/2026 05:03:23 PM
9280B,N,O,04/06/2026 12:10:53 PM
9281A,N,O,04/07/2026 05:03:28 PM
9281B,N,O,04/07/2026 04:52:02 PM
9282A,N,O,04/07/2026 08:58:01 AM
9282B,N,O,04/07/2026 08:58:39 AM
9283A,N,O,04/07/2026 04:01:45 PM
9283B,N,O,04/07/2026 02:29:07 PM
9284A,N,O,04/07/2026 02:50:13 PM
9284B,N,O,04/07/2026 08:55:51 AM
9285A,N,O,04/07/2026 01:46:27 PM
9285B,N,O,04/07/2026 03:49:57 PM
9286A,N,O,04/07/2026 02:44:42 PM
9286B,N,O,04/07/2026 05:35:49 PM
9287A,N,O,04/07/2026 05:33:50 PM
9287B,N,O,04/07/2026 04:14:05 PM
9288A,N,O,04/07/2026 12:24:11 PM
9288B,N,O,04/07/2026 03:42:45 PM
9289A,N,O,04/07/2026 05:00:08 PM
9289B,N,O,04/07/2026 05:14:46 PM
928A,N,O,04/07/2026 05:36:39 PM
928B,N,V,04/07/2026 04:43:52 PM
9290A,N,O,04/07/2026 04:09:21 PM
9290B,N,O,04/07/2026 08:59:50 AM
9291B,N,O,04/07/2026 05:24:03 PM
9292B,N,O,04/07/2026 12:11:52 PM
9293A,N,O,04/07/2026 05:11:27 PM
9293B,N,O,04/07/2026 08:56:44 AM
9294A,N,O,04/07/2026 08:55:55 AM
9294B,N,O,04/07/2026 12:56:45 PM
9295A,N,O,04/07/2026 02:34:02 PM
9295B,N,O,04/07/2026 04:17:58 PM
9296A,N,O,04/07/2026 04:17:19 PM
9296B,N,O,04/07/2026 04:07:36 PM
9297A,N,O,04/07/2026 04:17:48 PM
9297B,N,O,04/07/2026 10:21:05 AM
9298A,N,O,04/07/2026 04:59:34 PM
9298B,N,O,04/07/2026 09:34:12 AM
929A,N,V,04/07/2026 10:37:41 AM
929B,N,V,04/07/2026 05:02:47 PM
92A,N,V,04/07/2026 05:28:36 PM
92B,N,O,04/07/2026 05:04:49 PM
930A,N,V,04/07/2026 05:17:10 PM
930B,N,V,04/07/2026 05:36:23 PM
9313A,N,O,04/07/2026 05:12:20 PM
9313B,N,O,04/07/2026 08:56:47 AM
9317A,N,O,04/07/2026 03:17:25 PM
9318A,N,O,04/07/2026 05:28:44 PM
9318B,N,O,04/07/2026 04:24:14 PM
9319A,N,O,04/07/2026 10:20:20 AM
9319B,N,O,04/07/2026 08:55:48 AM
931A,N,O,04/07/2026 07:08:43 AM
931B,N,V,04/07/2026 05:36:15 PM
9320A,N,O,04/07/2026 01:58:03 PM
9320B,N,O,04/07/2026 02:55:02 PM
9325A,N,V,04/07/2026 05:34:05 PM
9325B,N,O,04/07/2026 04:11:59 PM
9326A,N,O,04/07/2026 05:20:34 PM
9326B,N,O,04/07/2026 08:58:54 AM
932A,N,O,04/07/2026 05:36:37 PM
932B,N,V,04/07/2026 05:35:37 PM
9331A,N,O,04/07/2026 04:21:03 PM
9331B,N,V,04/07/2026 05:34:24 PM
9335A,N,O,04/07/2026 04:10:38 PM
9335B,N,O,04/07/2026 01:58:32 PM
9336A,N,O,04/07/2026 02:51:09 PM
9336B,N,O,04/07/2026 05:02:42 PM
9337A,N,O,04/07/2026 04:47:30 PM
9337B,N,O,04/07/2026 05:15:23 PM
9338A,N,O,04/07/2026 05:20:50 PM
9338B,N,O,04/07/2026 01:32:28 PM
9339A,N,O,04/07/2026 01:27:00 PM
9339B,N,O,04/07/2026 02:04:06 PM
933A,N,V,04/07/2026 03:20:14 PM
933B,N,V,04/07/2026 04:56:54 PM
9340A,N,O,04/07/2026 05:28:38 PM
9340B,N,O,04/07/2026 04:16:12 PM
9341A,N,O,04/07/2026 05:27:20 PM
9341B,N,O,04/07/2026 03:17:48 PM
9342A,N,O,04/07/2026 04:04:11 PM
9342B,N,O,04/07/2026 08:57:57 AM
9343A,N,V,04/07/2026 05:28:13 PM
9345B,N,O,04/07/2026 11:08:40 AM
9346A,N,O,04/07/2026 08:58:44 AM
9346B,N,O,04/07/2026 08:58:44 AM
9347A,N,O,04/07/2026 05:34:23 PM
9347B,N,V,04/07/2026 05:35:24 PM
9348A,N,O,04/07/2026 03:07:52 PM
9348B,N,V,04/07/2026 05:35:27 PM
9349A,N,V,04/07/2026 01:11:43 PM
9349B,N,O,04/07/2026 05:15:03 PM
934A,N,V,04/07/2026 05:25:29 PM
934B,N,O,04/07/2026 05:36:05 PM
9350A,N,O,04/07/2026 05:13:38 PM
9350B,N,O,04/07/2026 02:31:33 PM
9351A,N,O,04/07/2026 12:29:37 PM
9351B,N,O,04/07/2026 05:36:11 PM
9352A,N,O,04/07/2026 11:14:10 AM
9353A,N,O,04/07/2026 08:56:45 AM
9353B,N,O,04/07/2026 05:24:33 PM
935A,N,O,04/07/2026 05:36:29 PM
935B,N,V,04/07/2026 05:08:10 PM
9360A,N,O,04/07/2026 05:11:32 PM
9360B,N,O,04/07/2026 04:21:16 PM
9361B,N,O,04/07/2026 03:54:53 PM
9363A,N,O,04/07/2026 04:49:58 PM
9364B,N,O,04/07/2026 05:15:31 PM
9366A,N,O,04/07/2026 04:35:48 PM
9366B,N,O,04/07/2026 10:28:51 AM
9367A,N,O,04/07/2026 05:16:32 PM
9367B,N,O,04/06/2026 06:19:02 PM
9368A,N,O,04/07/2026 10:26:48 AM
9368B,N,O,04/07/2026 05:29:23 PM
9369A,N,O,04/07/2026 01:49:48 PM
9369B,N,O,04/07/2026 11:18:02 AM
936A,N,O,04/07/2026 05:36:31 PM
936B,N,O,04/07/2026 05:36:42 PM
9370B,N,O,04/07/2026 03:09:04 PM
9371A,N,O,04/07/2026 04:41:19 PM
9372A,N,O,04/07/2026 08:57:55 AM
9372B,N,O,04/07/2026 02:59:11 PM
9373A,N,O,04/07/2026 01:55:33 PM
9373B,N,O,04/07/2026 12:13:02 PM
9374A,N,O,04/07/2026 12:37:09 PM
9374B,N,O,04/07/2026 05:25:05 PM
9375A,N,O,04/07/2026 08:59:49 AM
9375B,N,O,04/07/2026 04:47:53 PM
9376A,N,O,04/07/2026 05:07:34 PM
9376B,N,O,04/07/2026 11:21:15 AM
9377A,N,O,04/07/2026 02:38:10 PM
9377B,N,O,04/07/2026 09:58:01 AM
9378A,N,O,04/07/2026 03:33:07 PM
9378B,N,O,04/07/2026 11:31:08 AM
9379A,N,O,04/07/2026 05:02:12 PM
9379B,N,O,04/07/2026 03:30:55 PM
937A,N,V,04/07/2026 05:33:58 PM
937B,N,O,04/07/2026 03:33:46 PM
9380A,NU,O,03/30/2026 08:29:52 AM
9380B,NU,O,03/30/2026 08:29:59 AM
9381A,N,O,04/07/2026 01:36:10 PM
9381B,N,O,04/07/2026 11:04:52 AM
938A,N,V,04/07/2026 05:13:50 PM
938B,N,O,04/07/2026 05:36:29 PM
9395B,N,O,04/07/2026 08:59:52 AM
9396A,N,O,04/07/2026 08:58:54 AM
9396B,N,O,04/07/2026 08:58:58 AM
9397A,N,O,04/07/2026 04:54:54 PM
9397B,N,O,04/07/2026 05:28:12 PM
9398A,N,O,04/07/2026 05:04:23 PM
9398B,N,O,04/07/2026 03:28:52 PM
9399A,N,O,04/07/2026 01:25:56 PM
9399B,N,O,04/07/2026 05:27:40 PM
939A,N,V,04/07/2026 05:05:02 PM
939B,N,V,04/07/2026 05:35:34 PM
93A,N,O,04/07/2026 08:56:47 AM
93B,N,O,04/07/2026 08:56:47 AM
9400A,N,O,04/07/2026 04:16:05 PM
9401A,N,O,04/02/2026 08:06:25 PM
9401B,N,O,04/02/2026 12:26:10 PM
9402A,N,O,04/02/2026 06:21:22 PM
9402B,N,O,04/02/2026 04:56:24 PM
9403A,N,O,04/02/2026 07:56:50 AM
9403B,N,O,04/02/2026 05:19:10 PM
9404A,N,O,04/02/2026 07:55:50 AM
9404B,N,O,04/02/2026 08:42:31 AM
9405A,N,O,04/07/2026 04:59:15 PM
9405B,N,O,04/07/2026 09:00:07 AM
9406A,N,O,04/07/2026 04:38:25 PM
9406B,N,O,04/07/2026 03:32:26 PM
9407A,N,O,04/07/2026 04:29:53 PM
9407B,N,O,04/07/2026 04:40:35 PM
9408A,N,O,04/07/2026 05:07:19 PM
9408B,N,O,04/07/2026 03:29:04 PM
9409A,N,O,04/07/2026 05:30:43 PM
9409B,N,O,04/07/2026 05:32:21 PM
940A,N,O,04/07/2026 05:36:21 PM
940B,N,V,04/07/2026 03:44:04 PM
9410B,N,O,04/07/2026 08:59:48 AM
9411A,N,O,04/07/2026 04:52:00 PM
9411B,N,O,04/07/2026 05:30:28 PM
9412A,N,O,04/07/2026 08:57:51 AM
9412B,N,O,04/07/2026 12:59:17 PM
9413A,N,O,04/07/2026 04:01:53 PM
9413B,N,O,04/07/2026 12:42:45 PM
9414A,N,O,04/07/2026 04:36:34 PM
9414B,N,O,04/07/2026 03:27:32 PM
9415A,N,O,04/07/2026 11:01:34 AM
9415B,N,O,04/07/2026 05:18:30 PM
9416A,N,O,04/07/2026 05:00:15 PM
9416B,N,O,04/07/2026 03:00:03 PM
9417A,N,O,04/07/2026 12:41:10 PM
9417B,N,O,04/07/2026 02:38:29 PM
9418A,N,O,04/07/2026 08:56:56 AM
9418B,N,O,04/07/2026 04:28:18 PM
9419A,N,O,04/07/2026 12:20:04 PM
9419B,N,O,04/07/2026 04:54:38 PM
941A,N,V,04/07/2026 05:31:06 PM
941B,N,O,04/07/2026 02:34:39 PM
9420A,N,O,04/07/2026 04:53:37 PM
9420B,N,O,04/07/2026 08:59:50 AM
9421A,N,O,04/07/2026 01:53:33 PM
9421B,N,O,04/07/2026 04:44:10 PM
9422A,N,O,04/07/2026 05:14:57 PM
9422B,N,O,04/07/2026 11:29:26 AM
9423A,N,O,04/07/2026 10:26:55 AM
9423B,N,O,04/07/2026 05:05:53 PM
9424A,N,O,04/07/2026 08:55:41 AM
9424B,N,O,04/07/2026 04:41:45 PM
9425A,N,O,04/07/2026 03:09:35 PM
9425B,N,O,04/07/2026 05:27:23 PM
9426A,N,O,04/07/2026 04:39:17 PM
9426B,N,O,04/07/2026 01:05:58 PM
9427A,N,O,04/07/2026 08:58:19 AM
9427B,N,O,04/07/2026 04:21:39 PM
9428A,N,O,04/07/2026 12:44:45 PM
9428B,N,O,04/07/2026 11:06:42 AM
9429B,N,O,04/07/2026 11:48:51 AM
942A,N,O,04/07/2026 05:35:06 PM
942B,N,V,04/07/2026 12:15:04 PM
9430A,N,O,04/07/2026 12:32:08 PM
9430B,N,O,04/07/2026 11:03:36 AM
9431A,N,O,04/07/2026 05:09:09 PM
9431B,N,O,04/07/2026 05:22:16 PM
9432A,N,O,04/07/2026 12:42:34 PM
9432B,N,O,04/07/2026 09:06:35 AM
9433A,N,O,04/07/2026 05:24:42 PM
9433B,N,O,04/07/2026 08:56:44 AM
9434A,N,O,04/07/2026 05:25:15 PM
9434B,N,O,04/07/2026 03:58:42 PM
9435A,N,O,04/05/2026 08:59:53 AM
9435B,N,O,04/07/2026 08:59:44 AM
9436B,N,O,04/07/2026 08:59:06 AM
9437A,N,O,04/07/2026 09:56:20 AM
9437B,N,O,04/07/2026 03:24:57 PM
9438A,N,O,04/07/2026 03:18:34 PM
9438B,N,O,04/07/2026 02:42:09 PM
9439A,N,O,04/07/2026 08:55:45 AM
9439B,N,O,04/07/2026 09:51:26 AM
943A,N,V,04/07/2026 05:02:54 PM
943B,N,V,04/07/2026 04:55:32 PM
9440A,N,O,04/07/2026 03:02:54 PM
9440B,N,O,04/07/2026 05:30:34 PM
9441A,N,O,04/07/2026 08:58:44 AM
9441B,N,O,04/07/2026 03:17:15 PM
9442A,N,O,04/06/2026 08:57:54 AM
9442B,N,O,04/07/2026 05:19:31 PM
9443A,N,O,04/07/2026 08:56:49 AM
9443B,N,O,04/07/2026 08:56:49 AM
9444A,N,O,04/07/2026 01:59:23 PM
9444B,N,O,04/07/2026 08:55:50 AM
9445A,N,O,04/07/2026 08:59:45 AM
9445B,N,O,04/07/2026 01:51:06 PM
9446A,N,V,04/07/2026 03:45:54 PM
9446B,N,V,04/07/2026 05:21:40 PM
9447A,N,O,04/07/2026 12:43:45 PM
9447B,N,O,04/07/2026 04:45:31 PM
9448A,N,O,04/07/2026 04:20:31 PM
9448B,N,V,04/07/2026 11:50:34 AM
9449A,N,O,04/07/2026 08:55:43 AM
944A,N,O,04/07/2026 04:55:12 PM
944B,N,V,04/07/2026 05:36:40 PM
9450A,N,O,04/07/2026 02:32:14 PM
9450B,N,O,04/07/2026 05:18:14 PM
9451A,N,O,04/07/2026 02:47:04 PM
9451B,N,O,04/07/2026 08:58:53 AM
9452A,N,O,04/07/2026 04:37:34 PM
9452B,N,O,04/07/2026 05:28:00 PM
9453A,N,O,04/07/2026 04:23:48 PM
9453B,N,O,04/07/2026 08:57:05 AM
9454A,N,O,04/07/2026 02:56:23 PM
9454B,N,O,04/07/2026 10:23:19 AM
9455A,N,O,04/07/2026 08:59:48 AM
9455B,N,O,04/07/2026 02:07:10 PM
9456B,N,O,04/07/2026 03:07:30 PM
9457A,N,O,04/07/2026 05:04:10 PM
9457B,N,O,04/07/2026 09:43:53 AM
9458A,N,O,04/07/2026 03:13:38 PM
9458B,N,O,04/07/2026 08:56:48 AM
9459A,N,O,04/07/2026 05:23:03 PM
9459B,N,O,04/07/2026 02:36:12 PM
945A,N,V,04/07/2026 05:36:20 PM
945B,N,V,04/07/2026 05:36:39 PM
9460A,N,O,04/07/2026 04:03:51 PM
9461A,N,O,04/07/2026 03:58:55 PM
9461B,N,O,04/07/2026 05:24:45 PM
9462A,N,O,04/07/2026 08:57:51 AM
9462B,N,O,04/07/2026 08:57:51 AM
9463A,N,O,04/07/2026 05:00:25 PM
9463B,N,O,04/07/2026 12:20:05 PM
9464A,N,O,04/07/2026 08:55:48 AM
9464B,N,O,04/07/2026 12:44:50 PM
9465A,N,O,04/07/2026 04:27:04 PM
9465B,N,O,04/07/2026 05:19:42 PM
9466A,N,O,04/07/2026 02:52:28 PM
9466B,N,O,04/07/2026 05:18:42 PM
9467A,N,O,04/07/2026 12:18:18 PM
9467B,N,O,04/07/2026 09:13:26 AM
9468A,N,O,04/07/2026 11:47:35 AM
9468B,N,O,04/07/2026 08:56:46 AM
9469A,N,O,04/07/2026 01:00:30 PM
9469B,N,O,04/07/2026 04:00:18 PM
946A,N,V,04/07/2026 05:05:51 PM
946B,N,O,04/07/2026 05:04:56 PM
9471A,N,O,04/07/2026 10:51:51 AM
9471B,N,O,04/07/2026 12:13:33 PM
9472A,N,O,04/07/2026 02:35:07 PM
9472B,N,O,04/07/2026 05:28:16 PM
9473A,N,O,04/07/2026 08:56:49 AM
9473B,N,O,04/07/2026 08:56:53 AM
9474A,N,O,04/07/2026 02:34:45 PM
9474B,N,O,04/07/2026 03:43:32 PM
9475A,N,O,04/07/2026 01:30:13 PM
9475B,N,O,04/07/2026 02:50:00 PM
9476A,N,V,04/07/2026 05:36:37 PM
9476B,N,O,04/07/2026 08:58:52 AM
9477A,N,O,04/02/2026 02:42:26 PM
9477B,N,O,04/02/2026 02:15:59 PM
9478A,N,O,04/01/2026 07:56:45 AM
9478B,N,O,04/02/2026 12:49:36 PM
9479A,N,O,04/02/2026 07:55:51 AM
9479B,N,O,04/02/2026 07:55:51 AM
9480A,N,O,04/02/2026 07:59:49 AM
9480B,N,O,04/02/2026 10:04:31 PM
9481B,N,O,04/02/2026 07:58:44 AM
9482A,N,O,04/07/2026 04:57:19 PM
9482B,N,O,04/07/2026 09:20:53 AM
9483A,N,O,04/07/2026 05:15:33 PM
9483B,N,O,04/07/2026 12:26:06 PM
9484A,N,V,04/07/2026 03:22:00 PM
9484B,N,V,04/07/2026 03:22:06 PM
9485A,N,O,04/07/2026 01:16:46 PM
9485B,N,O,04/07/2026 05:31:06 PM
9486B,N,O,04/02/2026 08:12:03 PM
9487A,N,O,04/02/2026 06:04:35 PM
9487B,N,O,04/02/2026 07:11:00 PM
9488A,N,O,04/02/2026 06:13:47 PM
9488B,N,O,04/02/2026 05:27:21 PM
9489A,N,O,04/02/2026 04:09:33 PM
9489B,N,O,04/02/2026 03:00:20 PM
9490A,N,O,04/02/2026 05:59:38 PM
9490B,N,O,04/02/2026 07:19:45 PM
9491A,N,O,04/02/2026 12:46:50 PM
9491B,N,O,04/02/2026 09:07:36 PM
9492A,N,O,04/02/2026 04:04:21 PM
9492B,N,O,04/02/2026 07:57:47 AM
9493A,N,O,04/07/2026 01:05:53 PM
9493B,N,O,04/07/2026 12:14:36 PM
9494A,N,O,04/07/2026 05:07:24 PM
9494B,N,O,04/07/2026 05:07:24 PM
9495A,N,O,04/07/2026 02:48:45 PM
9495B,N,O,04/07/2026 08:59:43 AM
9496A,N,V,04/07/2026 04:50:03 PM
9496B,N,O,04/07/2026 05:00:55 PM
9497A,N,O,04/07/2026 05:20:25 PM
9497B,N,O,04/07/2026 05:21:47 PM
9498A,N,V,04/07/2026 03:35:17 PM
9498B,N,V,04/07/2026 05:27:42 PM
9499A,N,O,04/07/2026 04:29:26 PM
9499B,N,O,04/07/2026 03:47:02 PM
94A,N,O,04/07/2026 11:24:03 AM
94B,N,O,04/07/2026 05:27:23 PM
9501A,N,O,04/07/2026 10:52:03 AM
9501B,N,O,04/07/2026 08:58:48 AM
9502A,N,O,04/07/2026 09:57:39 AM
9503A,N,O,04/07/2026 05:35:44 PM
9503B,N,V,04/07/2026 03:41:22 PM
9504A,N,O,04/07/2026 11:51:57 AM
9504B,N,O,04/07/2026 01:01:37 PM
9505A,N,O,04/06/2026 03:55:54 PM
9505B,N,O,04/07/2026 05:14:03 PM
9506A,N,O,04/07/2026 01:23:15 PM
9506B,N,O,04/07/2026 10:11:07 AM
9507A,N,O,04/07/2026 04:12:02 PM
9507B,N,O,04/07/2026 02:55:36 PM
9508A,N,O,04/07/2026 09:16:58 AM
9508B,N,V,04/07/2026 09:16:29 AM
9509A,N,O,04/07/2026 08:55:44 AM
9509B,N,O,04/07/2026 08:55:44 AM
950A,N,V,04/07/2026 05:23:21 PM
950B,N,O,04/07/2026 05:36:29 PM
9510A,N,O,04/07/2026 08:59:50 AM
9510B,N,O,04/07/2026 08:59:50 AM
9512B,N,O,04/07/2026 04:43:26 PM
9513A,N,O,04/07/2026 05:29:10 PM
9513B,N,O,04/07/2026 01:40:32 PM
9514A,N,O,04/07/2026 05:29:23 PM
9514B,N,O,04/07/2026 02:19:47 PM
9515A,N,O,04/07/2026 03:30:11 PM
9515B,N,O,04/07/2026 05:32:49 PM
9516A,N,O,04/07/2026 02:15:30 PM
9516B,N,O,04/07/2026 05:02:00 PM
9517A,N,O,04/07/2026 04:22:26 PM
9517B,N,O,04/07/2026 03:14:30 PM
9518A,N,O,04/07/2026 05:08:16 PM
9518B,N,O,04/07/2026 03:19:18 PM
9519B,N,O,04/07/2026 08:56:53 AM
951A,N,O,04/07/2026 04:06:31 PM
951B,N,O,04/07/2026 12:29:36 PM
9520A,N,O,04/07/2026 09:00:05 AM
9520B,N,O,04/06/2026 08:59:50 AM
9521A,N,O,04/07/2026 12:18:56 PM
9521B,N,O,04/07/2026 08:58:45 AM
9522A,N,O,04/07/2026 08:57:51 AM
9522B,N,O,04/07/2026 08:57:59 AM
9523A,N,O,04/07/2026 09:57:42 AM
9525A,N,O,04/07/2026 01:39:17 PM
9525B,N,O,04/07/2026 04:58:26 PM
9527A,N,O,04/07/2026 02:15:24 PM
9527B,N,O,04/07/2026 08:57:52 AM
9528A,N,O,04/07/2026 04:29:17 PM
9529A,N,O,04/07/2026 05:10:19 PM
9529B,N,O,04/07/2026 04:57:33 PM
952A,N,O,04/07/2026 05:36:18 PM
952B,N,V,04/07/2026 05:34:56 PM
9531A,N,O,04/07/2026 11:45:44 AM
9531B,N,O,04/07/2026 08:58:46 AM
9532A,N,O,04/07/2026 12:55:35 PM
9532B,N,O,04/07/2026 05:27:59 PM
9533A,N,O,04/07/2026 04:27:19 PM
9533B,N,O,04/07/2026 10:42:06 AM
9534A,N,O,04/07/2026 01:27:44 PM
9534B,N,O,04/07/2026 01:33:09 PM
9535A,N,O,04/07/2026 09:09:20 AM
9535B,N,O,04/07/2026 08:59:55 AM
9536A,N,O,04/07/2026 02:26:25 PM
9536B,N,O,04/07/2026 09:32:22 AM
9537A,N,O,04/07/2026 08:57:44 AM
9537B,N,O,04/07/2026 08:57:44 AM
9538A,N,O,04/07/2026 01:00:50 PM
9538B,N,O,04/07/2026 03:03:57 PM
9539A,N,O,04/07/2026 03:04:29 PM
9539B,N,O,04/07/2026 03:47:49 PM
953A,N,V,04/07/2026 04:13:19 PM
953B,N,O,04/07/2026 04:09:56 PM
9540B,N,O,04/07/2026 08:59:52 AM
9541A,N,O,04/07/2026 05:28:02 PM
9541B,N,O,04/07/2026 02:53:26 PM
9542A,N,O,04/07/2026 05:23:24 PM
9542B,N,O,04/07/2026 05:35:36 PM
9543A,N,O,04/07/2026 08:56:43 AM
9543B,N,O,04/06/2026 03:44:15 PM
9544A,N,O,04/07/2026 08:55:44 AM
9544B,N,O,04/07/2026 09:54:37 AM
9545A,N,O,04/07/2026 08:59:46 AM
9545B,N,O,04/07/2026 04:53:48 PM
9546A,N,O,04/07/2026 08:58:53 AM
9546B,N,O,04/07/2026 01:54:46 PM
9547A,N,O,04/07/2026 05:01:05 PM
9547B,N,O,04/07/2026 08:57:49 AM
9548A,N,O,04/07/2026 12:13:43 PM
9548B,N,O,04/07/2026 03:06:53 PM
9549A,N,O,04/07/2026 04:10:57 PM
9549B,N,O,04/07/2026 11:30:34 AM
954A,N,O,04/07/2026 04:09:10 PM
954B,N,O,04/07/2026 05:32:44 PM
9550B,N,O,04/07/2026 01:23:54 PM
9551A,N,O,04/07/2026 04:03:05 PM
9551B,N,O,04/07/2026 03:38:33 PM
9552A,N,O,04/07/2026 05:28:44 PM
9552B,N,O,04/07/2026 05:30:58 PM
9553A,N,O,04/07/2026 03:59:24 PM
9553B,N,O,04/07/2026 04:05:41 PM
9554B,N,O,04/07/2026 05:16:37 PM
9555A,N,O,04/07/2026 08:59:48 AM
9555B,N,O,04/07/2026 01:39:08 PM
9556A,N,O,04/07/2026 04:49:06 PM
9556B,N,O,04/07/2026 11:26:43 AM
9557A,N,O,04/07/2026 03:26:47 PM
9557B,N,O,04/07/2026 04:52:35 PM
9558A,N,O,04/07/2026 05:28:44 PM
9558B,N,O,04/07/2026 04:50:38 PM
9559A,N,O,04/07/2026 08:55:51 AM
9559B,N,O,04/07/2026 08:55:58 AM
955A,N,O,04/07/2026 05:05:06 PM
955B,N,O,04/07/2026 05:05:17 PM
9560A,N,O,04/07/2026 05:36:35 PM
9560B,N,O,04/07/2026 09:52:22 AM
9561A,N,O,04/02/2026 07:40:43 PM
9561B,N,O,04/02/2026 08:03:49 AM
9562A,N,V,04/07/2026 01:03:06 PM
9562B,N,O,04/07/2026 05:10:36 PM
9563A,N,O,04/07/2026 08:56:43 AM
9563B,N,O,04/07/2026 08:56:43 AM
9564B,N,O,04/07/2026 08:55:49 AM
9566A,N,O,04/07/2026 08:58:45 AM
9568A,N,O,04/07/2026 11:08:03 AM
9568B,N,O,04/07/2026 03:58:58 PM
956A,N,O,04/07/2026 03:29:02 PM
956B,N,V,04/07/2026 05:35:05 PM
9570A,N,O,04/07/2026 04:16:29 PM
9570B,N,O,04/07/2026 05:21:03 PM
9572B,N,O,04/07/2026 11:58:40 AM
9573A,N,O,04/07/2026 03:37:44 PM
9573B,N,O,04/07/2026 05:32:06 PM
9574A,N,O,04/07/2026 04:54:53 PM
9574B,N,O,04/07/2026 05:17:12 PM
9575A,N,O,04/07/2026 10:54:03 AM
9575B,N,O,04/07/2026 01:06:57 PM
9578A,N,O,04/07/2026 01:35:12 PM
9578B,N,O,04/07/2026 03:12:19 PM
9579A,N,O,04/07/2026 08:55:58 AM
9579B,N,O,04/07/2026 02:11:45 PM
957B,N,V,04/07/2026 03:23:03 PM
9580A,N,O,04/07/2026 08:59:54 AM
9580B,N,O,04/07/2026 08:59:51 AM
9581A,N,O,04/07/2026 05:08:46 PM
9581B,N,O,04/07/2026 03:32:14 PM
9582A,N,O,04/07/2026 12:07:29 PM
9582B,N,O,04/07/2026 08:57:47 AM
9583A,N,O,04/07/2026 08:57:12 AM
9584A,N,O,04/07/2026 02:18:48 PM
9584B,N,O,04/07/2026 09:24:59 AM
9585A,N,O,04/07/2026 10:00:29 AM
9585B,N,O,04/07/2026 04:25:57 PM
9586A,N,O,04/07/2026 04:57:30 PM
9586B,N,O,04/07/2026 03:35:01 PM
9587A,N,O,04/07/2026 09:06:52 AM
9588B,N,O,04/07/2026 03:51:02 PM
9589A,N,O,04/07/2026 01:54:30 PM
9589B,N,O,04/07/2026 04:52:34 PM
958A,N,V,04/07/2026 05:14:48 PM
958B,N,V,04/07/2026 04:17:05 PM
9590A,N,O,04/07/2026 04:34:46 PM
9590B,N,O,04/07/2026 04:16:53 PM
9591A,N,O,04/07/2026 09:30:47 AM
9591B,N,O,04/07/2026 03:30:58 PM
9592B,N,O,04/07/2026 08:57:48 AM
9593A,N,O,04/07/2026 06:56:44 AM
9593B,N,O,04/07/2026 06:56:44 AM
9594A,N,O,04/07/2026 11:27:03 AM
9594B,N,O,04/07/2026 09:51:19 AM
9595B,N,O,04/07/2026 01:43:53 PM
9596A,N,O,04/07/2026 05:30:49 PM
9597A,N,O,04/07/2026 10:21:01 AM
9597B,N,O,04/07/2026 06:57:48 AM
9599A,N,O,04/07/2026 06:55:50 AM
9599B,N,O,04/07/2026 06:55:50 AM
959A,N,V,04/07/2026 05:23:50 PM
959B,N,O,04/07/2026 05:36:40 PM
95A,N,V,04/07/2026 05:19:44 PM
95B,N,O,04/07/2026 05:03:48 PM
9600A,N,O,04/07/2026 08:59:49 AM
9600B,NU,O,04/07/2026 12:16:41 PM
9605A,N,O,04/07/2026 08:59:49 AM
9605B,N,V,04/07/2026 05:08:19 PM
9606A,N,O,04/07/2026 01:36:38 PM
9606B,N,O,04/07/2026 01:29:27 PM
9607A,N,O,04/07/2026 11:11:58 AM
9608A,N,O,04/07/2026 04:24:39 PM
9608B,N,O,04/07/2026 02:18:16 PM
960A,N,V,04/07/2026 05:13:06 PM
960B,N,V,04/07/2026 05:12:06 PM
961A,N,V,04/07/2026 04:55:02 PM
961B,N,O,04/07/2026 03:25:03 PM
9621A,N,O,04/07/2026 04:08:21 PM
9621B,N,O,04/07/2026 10:04:33 AM
9622A,N,O,04/07/2026 05:31:30 PM
9622B,N,O,04/07/2026 03:46:43 PM
9623A,N,O,04/07/2026 04:56:01 PM
9623B,N,O,04/07/2026 05:29:48 PM
9625A,N,V,04/07/2026 05:29:59 PM
9625B,N,V,04/07/2026 05:36:21 PM
9626A,N,O,04/07/2026 04:30:50 PM
9626B,N,O,04/07/2026 02:41:19 PM
9627A,N,O,04/07/2026 04:10:18 PM
9627B,N,O,04/07/2026 04:09:08 PM
9628A,N,O,04/07/2026 05:22:08 PM
9628B,N,O,04/07/2026 04:57:27 PM
9629A,N,O,04/07/2026 03:03:34 PM
9629B,N,O,04/07/2026 08:56:33 AM
962A,N,V,04/07/2026 04:57:50 PM
962B,N,O,04/07/2026 03:57:02 PM
9632A,N,O,04/07/2026 04:58:06 PM
9632B,N,O,04/07/2026 05:27:25 PM
9634A,N,O,04/07/2026 08:55:50 AM
9634B,N,O,04/07/2026 03:53:02 PM
9635A,N,O,04/07/2026 04:54:31 PM
9635B,N,O,04/07/2026 05:05:36 PM
9636A,N,O,04/07/2026 03:39:50 PM
9636B,N,O,04/07/2026 04:08:06 PM
9637A,N,O,04/07/2026 04:18:36 PM
9637B,N,O,04/07/2026 05:01:17 PM
9638A,N,O,04/07/2026 05:21:58 PM
9638B,N,O,04/07/2026 05:19:50 PM
9639A,N,O,04/07/2026 11:03:12 AM
9639B,N,O,04/07/2026 08:55:45 AM
963A,N,V,04/07/2026 05:03:10 PM
963B,N,V,04/07/2026 05:32:45 PM
9640A,N,O,04/07/2026 05:14:41 PM
9641A,N,O,04/07/2026 09:11:37 AM
9641B,N,O,04/07/2026 10:02:50 AM
9642B,N,O,04/07/2026 08:57:55 AM
9643B,N,O,04/07/2026 08:57:14 AM
9644A,N,O,04/07/2026 10:05:20 AM
9644B,N,O,04/07/2026 04:49:36 PM
9645B,N,O,04/07/2026 04:14:59 PM
9646A,N,O,04/07/2026 03:15:15 PM
9646B,N,O,04/07/2026 02:09:44 PM
9647A,N,O,04/07/2026 11:01:57 AM
9647B,N,O,04/07/2026 11:48:12 AM
9648A,N,O,04/07/2026 03:29:48 PM
9648B,N,O,04/07/2026 08:56:51 AM
9649A,N,O,04/07/2026 08:55:47 AM
9649B,N,O,04/07/2026 08:55:57 AM
964B,N,V,04/07/2026 04:16:28 PM
9650A,N,O,04/07/2026 12:11:16 PM
9650B,N,O,04/07/2026 09:52:40 AM
9651A,N,O,04/07/2026 04:28:55 PM
9651B,N,O,04/07/2026 11:25:10 AM
9652A,N,O,04/07/2026 04:47:34 PM
9652B,N,O,04/07/2026 05:23:29 PM
9653A,N,O,04/07/2026 05:27:10 PM
9653B,N,O,04/07/2026 12:10:49 PM
9654A,N,O,04/07/2026 09:45:19 AM
9654B,N,O,04/07/2026 05:18:37 PM
9655A,N,O,04/07/2026 08:59:51 AM
9655B,N,V,04/07/2026 05:35:54 PM
9656A,N,O,04/07/2026 03:49:36 PM
9656B,N,O,04/06/2026 08:58:51 AM
9657A,N,O,04/07/2026 05:35:06 PM
9657B,N,O,04/07/2026 12:34:02 PM
9658A,N,O,04/07/2026 01:46:07 PM
9658B,N,O,04/07/2026 08:57:01 AM
9659A,N,O,04/07/2026 08:55:47 AM
9659B,N,O,04/07/2026 08:55:47 AM
965A,N,O,04/07/2026 04:12:17 PM
965B,N,V,04/07/2026 04:20:27 PM
9660A,N,O,04/07/2026 05:34:16 PM
9660B,N,O,04/07/2026 05:21:24 PM
9661A,N,V,04/07/2026 05:36:15 PM
9661B,N,V,04/07/2026 05:35:49 PM
9662A,N,V,04/07/2026 05:25:36 PM
9662B,N,O,04/07/2026 01:48:35 PM
9663A,N,O,04/02/2026 01:12:06 PM
9663B,N,O,04/02/2026 12:55:51 PM
9664A,N,O,04/02/2026 09:41:29 AM
9664B,N,O,04/02/2026 04:21:38 PM
9665A,N,O,04/07/2026 08:59:56 AM
9666A,N,O,04/07/2026 05:09:36 PM
9666B,N,O,04/07/2026 03:47:12 PM
9667A,N,O,04/07/2026 04:21:37 PM
9667B,N,O,04/07/2026 05:07:33 PM
966A,N,V,04/07/2026 04:56:51 PM
966B,N,V,04/07/2026 05:34:43 PM
9675A,N,O,04/07/2026 10:29:55 AM
9675B,N,O,04/07/2026 10:29:51 AM
9676A,N,O,04/07/2026 01:08:28 PM
9676B,N,O,04/07/2026 03:53:22 PM
9677A,N,O,04/07/2026 04:36:52 PM
9677B,N,O,04/07/2026 04:53:03 PM
9678A,N,O,04/07/2026 05:22:24 PM
9678B,N,O,04/07/2026 10:26:59 AM
9679A,N,V,04/07/2026 05:33:56 PM
967A,N,V,04/07/2026 03:15:24 PM
967B,N,O,04/07/2026 03:22:20 PM
9687A,N,V,04/07/2026 05:33:25 PM
9687B,N,O,04/07/2026 03:39:49 PM
9688B,N,O,04/07/2026 05:28:43 PM
968A,N,V,04/07/2026 02:58:09 PM
968B,N,O,04/07/2026 03:09:22 PM
9691A,N,O,04/07/2026 11:16:21 AM
9691B,N,O,04/07/2026 08:58:52 AM
9692A,N,O,04/07/2026 04:39:52 PM
9692B,N,O,04/07/2026 01:32:05 PM
9693A,N,O,04/07/2026 08:56:51 AM
9693B,N,O,04/07/2026 08:56:51 AM
9694B,N,O,04/07/2026 08:55:53 AM
9698A,N,O,04/07/2026 04:13:32 PM
9698B,N,O,04/07/2026 03:39:24 PM
9699A,N,O,04/07/2026 08:55:49 AM
969A,N,O,04/07/2026 05:04:26 PM
969B,N,V,04/07/2026 05:32:19 PM
96A,N,V,04/07/2026 03:06:14 PM
96B,N,V,04/07/2026 03:05:56 PM
9700A,N,O,04/07/2026 02:24:11 PM
9700B,N,O,04/07/2026 08:59:47 AM
9701A,N,O,04/07/2026 03:45:26 PM
9701B,N,O,04/07/2026 01:04:04 PM
9702A,N,O,04/07/2026 02:54:43 PM
9702B,N,O,04/07/2026 08:57:54 AM
9703A,N,O,04/07/2026 03:32:36 PM
9703B,N,O,04/07/2026 08:56:59 AM
9704A,N,O,04/07/2026 08:55:46 AM
9704B,N,O,04/07/2026 05:29:18 PM
9708A,N,V,04/07/2026 05:34:25 PM
9708B,N,V,04/07/2026 05:34:06 PM
9709A,N,O,04/07/2026 05:07:51 PM
9709B,N,O,04/07/2026 05:26:35 PM
970A,N,V,04/07/2026 03:03:46 PM
970B,N,V,04/07/2026 02:45:45 PM
9714A,N,V,04/07/2026 05:30:34 PM
9714B,N,V,04/07/2026 04:55:02 PM
9715A,N,O,04/07/2026 05:36:24 PM
9715B,N,V,04/07/2026 04:32:44 PM
9716A,N,V,04/07/2026 05:26:51 PM
9716B,N,V,04/07/2026 05:03:27 PM
9717A,N,O,04/07/2026 05:02:03 PM
9717B,N,O,04/07/2026 05:36:37 PM
9718A,N,V,04/07/2026 05:35:57 PM
9718B,N,V,04/07/2026 05:36:40 PM
9719A,N,O,04/07/2026 02:12:05 PM
9719B,N,O,04/07/2026 08:55:55 AM
971A,N,V,04/07/2026 05:29:02 PM
971B,N,O,04/07/2026 03:42:36 PM
9720A,N,V,04/07/2026 05:36:37 PM
9720B,N,O,04/07/2026 03:44:16 PM
9721A,N,O,04/07/2026 08:58:52 AM
9721B,N,V,04/07/2026 05:31:22 PM
9722A,N,V,04/07/2026 05:23:48 PM
9722B,N,O,04/07/2026 05:36:29 PM
9723A,N,V,04/07/2026 05:36:01 PM
9723B,N,V,04/07/2026 05:04:28 PM
9724A,N,O,04/07/2026 11:37:20 AM
9724B,N,V,04/07/2026 04:37:29 PM
9726A,N,O,04/07/2026 05:25:07 PM
9726B,N,V,04/07/2026 04:54:44 PM
972A,N,O,04/07/2026 05:36:44 PM
972B,N,O,04/07/2026 04:52:46 PM
9732B,N,O,04/07/2026 02:06:16 PM
9733A,N,O,04/07/2026 01:27:18 PM
9733B,N,O,04/07/2026 02:22:15 PM
9734A,N,V,04/07/2026 05:31:54 PM
9734B,N,O,04/07/2026 03:44:37 PM
9735A,N,O,04/07/2026 04:50:29 PM
9735B,N,O,04/07/2026 05:22:55 PM
9736A,N,O,04/07/2026 05:16:01 PM
9736B,N,O,04/07/2026 03:23:47 PM
973B,N,O,04/07/2026 04:59:41 PM
9747A,N,O,04/07/2026 03:16:53 PM
9748A,N,O,04/07/2026 05:33:51 PM
9748B,N,O,04/07/2026 05:34:37 PM
9749A,N,O,04/07/2026 02:54:10 PM
9749B,N,V,04/07/2026 05:05:40 PM
974A,N,O,09/01/2025 06:12:06 PM
974B,N,V,09/01/2025 05:52:58 PM
9751A,N,O,04/07/2026 03:23:36 PM
9751B,N,O,04/07/2026 04:49:49 PM
9752A,N,O,04/07/2026 01:27:02 PM
9752B,N,O,04/07/2026 05:06:58 PM
975A,N,V,04/07/2026 05:09:33 PM
975B,N,V,04/07/2026 05:09:17 PM
976A,N,O,04/07/2026 03:20:31 PM
976B,N,V,04/07/2026 03:49:26 PM
9772A,N,O,04/07/2026 04:38:53 PM
9774A,N,O,04/07/2026 04:20:50 PM
9774B,N,O,04/07/2026 04:33:03 PM
9776A,N,O,04/07/2026 04:04:58 PM
9776B,N,O,04/07/2026 03:49:04 PM
9777A,N,O,04/07/2026 08:57:50 AM
9777B,N,O,04/07/2026 05:24:58 PM
9778B,N,O,04/07/2026 02:55:31 PM
9779A,N,V,04/07/2026 05:33:58 PM
9779B,N,O,04/07/2026 02:43:11 PM
977A,N,O,04/07/2026 04:56:09 PM
9781A,N,O,04/07/2026 02:29:51 PM
9781B,N,O,04/07/2026 02:29:13 PM
9782A,N,O,04/07/2026 05:24:28 PM
9782B,N,O,04/07/2026 02:36:34 PM
9783A,N,O,04/07/2026 05:30:37 PM
9783B,N,O,04/07/2026 04:43:21 PM
9786A,N,O,04/07/2026 02:30:37 PM
9786B,N,O,04/07/2026 04:26:49 PM
9787A,N,O,04/07/2026 10:54:18 AM
9787B,N,O,04/07/2026 03:46:47 PM
9788A,N,V,04/07/2026 04:38:33 PM
9788B,N,O,04/07/2026 04:45:44 PM
978A,N,V,04/07/2026 04:55:56 PM
978B,N,V,01/12/2026 12:02:27 PM
9790B,N,O,04/07/2026 03:46:42 PM
9792A,N,O,04/07/2026 08:57:49 AM
9792B,N,O,04/07/2026 04:40:05 PM
9793A,N,V,04/07/2026 05:30:53 PM
9794A,N,V,04/07/2026 05:35:04 PM
9799A,N,V,04/07/2026 05:35:03 PM
9799B,N,O,04/07/2026 05:34:03 PM
979A,N,O,04/07/2026 05:35:54 PM
97A,N,V,04/07/2026 05:20:16 PM
97B,N,V,04/07/2026 03:45:50 PM
9800A,N,O,04/07/2026 02:31:49 PM
9800B,N,V,04/07/2026 04:59:25 PM
9801A,N,O,04/07/2026 04:10:48 PM
9801B,N,O,04/07/2026 03:37:39 PM
9802A,N,O,04/07/2026 02:24:11 PM
9802B,N,O,04/07/2026 02:23:51 PM
9803A,N,O,04/07/2026 02:31:53 PM
9803B,N,O,04/07/2026 05:14:21 PM
9804B,N,V,04/07/2026 05:34:31 PM
9805A,N,V,04/07/2026 05:10:13 PM
9805B,N,V,04/07/2026 05:19:57 PM
9806A,N,O,04/07/2026 03:49:44 PM
9806B,N,O,04/07/2026 05:36:41 PM
9809B,N,O,04/07/2026 03:47:03 PM
9810A,N,V,04/07/2026 05:33:36 PM
9810B,N,V,04/07/2026 05:11:46 PM
9811A,N,O,04/07/2026 05:36:05 PM
9811B,N,V,04/07/2026 05:14:29 PM
9813B,N,V,04/07/2026 05:11:38 PM
9814B,N,O,04/07/2026 03:11:28 PM
9815A,N,O,04/07/2026 11:46:52 AM
9815B,N,O,04/07/2026 04:10:08 PM
9817B,N,O,04/07/2026 08:57:44 AM
9818A,N,O,04/07/2026 11:35:33 AM
9820A,N,V,04/07/2026 05:15:47 PM
9821A,N,O,04/07/2026 05:35:42 PM
9821B,N,V,04/07/2026 05:15:50 PM
9822A,N,O,04/07/2026 02:17:25 PM
9822B,N,V,04/07/2026 05:25:49 PM
9826A,N,V,04/07/2026 05:27:27 PM
9827A,N,O,04/07/2026 05:08:40 PM
9827B,N,O,04/07/2026 02:01:27 PM
9828A,N,O,04/07/2026 05:25:11 PM
9830A,N,V,04/07/2026 05:31:55 PM
9830B,N,O,04/07/2026 01:24:30 PM
9833A,N,O,04/07/2026 05:36:31 PM
9833B,N,O,04/07/2026 05:36:40 PM
9834A,N,O,04/07/2026 11:33:37 AM
9834B,N,V,04/07/2026 04:56:32 PM
9836A,N,O,04/07/2026 03:12:24 PM
9836B,N,O,04/07/2026 02:53:10 PM
9837B,N,O,04/07/2026 04:59:28 PM
9838A,N,O,04/07/2026 05:36:37 PM
9838B,N,O,04/07/2026 05:36:28 PM
9839B,N,O,04/07/2026 05:35:52 PM
9840A,N,O,04/07/2026 05:35:17 PM
9848A,N,O,04/07/2026 03:36:49 PM
9848B,N,O,04/07/2026 05:31:30 PM
9849A,N,O,04/07/2026 05:34:33 PM
9849B,N,O,04/07/2026 05:35:55 PM
9851A,N,O,04/07/2026 03:50:59 PM
9856A,N,O,04/07/2026 02:36:17 PM
985A,N,O,04/07/2026 06:59:39 AM
985B,N,O,09/09/2025 06:59:49 AM
9861A,N,V,04/07/2026 05:32:48 PM
9861B,N,O,04/07/2026 08:58:46 AM
9862A,N,V,04/07/2026 05:36:04 PM
9862B,N,V,04/07/2026 04:33:58 PM
9863A,N,O,04/07/2026 05:22:21 PM
9863B,N,V,04/07/2026 05:36:40 PM
9864B,N,O,04/07/2026 10:07:02 AM
9869A,N,O,04/07/2026 05:32:31 PM
9869B,N,O,04/07/2026 03:59:15 PM
986A,N,V,04/07/2026 05:34:33 PM
986B,N,O,04/07/2026 06:58:51 AM
9870A,N,V,04/07/2026 03:48:57 PM
9870B,N,O,04/07/2026 03:12:11 PM
9871A,N,O,04/07/2026 05:36:19 PM
9871B,N,O,04/07/2026 08:58:49 AM
9873B,N,V,04/07/2026 05:36:13 PM
9874A,N,O,04/07/2026 05:36:07 PM
9874B,N,O,04/07/2026 05:12:20 PM
9877B,N,O,04/07/2026 05:36:41 PM
9878A,N,O,04/07/2026 04:54:52 PM
987A,N,O,04/07/2026 12:42:09 PM
987B,N,V,04/07/2026 05:36:15 PM
9880A,N,O,04/07/2026 04:21:34 PM
9880B,N,V,04/07/2026 05:30:35 PM
9882A,N,V,04/07/2026 03:42:56 PM
9882B,N,O,04/07/2026 04:54:03 PM
9883A,N,V,04/07/2026 05:33:14 PM
9883B,N,O,04/07/2026 02:01:23 PM
9886B,N,O,04/07/2026 08:58:46 AM
9887B,N,O,04/07/2026 05:36:19 PM
9888A,N,V,04/07/2026 05:22:15 PM
9889A,N,O,04/07/2026 04:41:56 PM
9889B,N,V,04/07/2026 05:10:06 PM
988B,N,O,04/07/2026 05:36:41 PM
9890A,N,O,04/07/2026 08:59:49 AM
9890B,N,O,04/07/2026 04:55:17 PM
9891B,N,O,04/07/2026 04:42:59 PM
9892B,N,O,04/07/2026 05:29:37 PM
9893A,N,O,04/07/2026 08:56:49 AM
9893B,N,O,04/07/2026 05:13:26 PM
9894B,N,O,04/07/2026 03:36:47 PM
9895A,N,V,04/07/2026 05:35:57 PM
9897A,N,V,04/07/2026 05:36:40 PM
9898A,N,O,04/07/2026 04:09:58 PM
9898B,N,V,04/07/2026 04:54:03 PM
9899A,N,V,04/07/2026 05:36:19 PM
9899B,N,O,04/07/2026 05:36:35 PM
98A,N,V,04/07/2026 04:41:54 PM
98B,N,V,04/07/2026 03:37:04 PM
9900A,N,O,04/07/2026 05:36:15 PM
9902A,N,V,04/07/2026 04:18:04 PM
9902B,N,V,04/07/2026 05:29:29 PM
9904A,N,V,04/07/2026 10:50:03 AM
9905A,N,O,04/07/2026 05:25:05 PM
9905B,N,O,04/07/2026 05:13:58 PM
9908A,N,O,04/07/2026 05:36:19 PM
9908B,N,O,04/07/2026 08:56:45 AM
9909A,N,O,04/07/2026 05:31:08 PM
9913A,N,V,04/07/2026 01:46:38 PM
9913B,N,O,04/07/2026 05:36:21 PM
9915A,N,O,04/07/2026 10:58:45 AM
9915B,N,V,04/07/2026 05:36:05 PM
9916A,N,O,04/07/2026 04:02:38 PM
9916B,N,O,04/07/2026 03:33:43 PM
9917A,N,O,04/07/2026 02:31:26 PM
9917B,N,O,04/07/2026 02:51:16 PM
9918B,N,O,04/07/2026 05:07:38 PM
9921B,N,V,04/07/2026 05:12:23 PM
9922A,N,V,04/07/2026 05:13:37 PM
9922B,N,V,04/07/2026 05:21:55 PM
9923A,N,O,04/07/2026 04:06:22 PM
9924B,N,O,04/07/2026 04:50:18 PM
9925A,N,O,04/07/2026 08:59:45 AM
9925B,N,O,04/07/2026 04:42:48 PM
9926A,N,O,04/07/2026 02:12:23 PM
9926B,N,O,04/07/2026 05:32:16 PM
9927A,N,O,04/07/2026 05:36:34 PM
9928A,N,O,04/07/2026 05:13:21 PM
9928B,N,V,04/07/2026 05:31:32 PM
9929B,N,O,04/07/2026 08:55:46 AM
9930A,N,V,04/07/2026 03:59:31 PM
9930B,N,O,04/07/2026 08:59:52 AM
9931A,N,O,04/07/2026 08:58:47 AM
9931B,N,V,04/07/2026 04:19:59 PM
9932A,N,V,04/07/2026 05:35:58 PM
9932B,N,O,04/07/2026 02:32:28 PM
9933A,N,V,04/07/2026 05:36:37 PM
9933B,N,O,04/07/2026 02:32:14 PM
9934A,N,O,04/07/2026 04:37:36 PM
9934B,N,O,04/07/2026 02:42:05 PM
998B,N,O,04/07/2026 04:23:31 PM
99901A,N,V,04/01/2026 12:52:44 PM
99901B,N,V,04/01/2026 02:40:47 PM
99902A,N,V,03/31/2026 01:48:42 PM
99902B,N,V,04/02/2026 09:46:00 AM
999A,N,O,04/07/2026 01:13:37 PM
999B,N,O,04/07/2026 10:25:50 AM
99A,N,V,04/07/2026 04:14:36 PM
99B,N,V,04/07/2026 04:12:13 PM
9A,NU,V,02/25/2026 08:53:53 PM
9B,NU,V,02/25/2026 09:34:57 PM
